   -25.000    -65.000      0.000      0.000      0.000      0.000
   -20.000    -65.000      0.000      0.000      0.000      0.000
   -15.000    -65.000      0.000      0.000      0.000      0.000
   -10.000    -65.000      0.000      0.000      0.000      0.000
    -5.000    -65.000      0.000      0.000      0.000      0.000
     0.000    -65.000      0.000      0.000      0.000      0.000
     5.000    -65.000      0.000      0.000      0.000      0.000
    10.000    -65.000      0.000      0.000      0.000      0.000
    15.000    -65.000      0.000      0.000      0.000      0.000
    20.000    -65.000      0.000      0.000      0.000      0.000
    25.000    -65.000      0.000      0.000      0.000      0.000
    30.000    -65.000      0.000      0.000      0.000      0.000
    35.000    -65.000      0.000      0.000      0.000      0.000
    40.000    -65.000      0.000      0.000      0.000      0.000
    45.000    -65.000      0.000      0.000      0.000      0.000
    50.000    -65.000      0.000      0.000      0.000      0.000
    55.000    -65.000      0.000      0.000      0.000      0.000
    60.000    -65.000      0.000      0.000      0.000      0.000
    65.000    -65.000      0.000      0.000      0.000      0.000
    70.000    -65.000      0.000      0.000      0.000      0.000
    75.000    -65.000      0.000      0.000      0.000      0.000
    80.000    -65.000      0.000      0.000      0.000      0.000
    85.000    -65.000      0.000      0.000      0.000      0.000
    90.000    -65.000      0.000      0.000      0.000      0.000
    95.000    -65.000      0.000      0.000      0.000      0.000
   100.000    -65.000      0.000      0.000      0.000      0.000
   105.000    -65.000      0.000      0.000      0.000      0.000
   110.000    -65.000      0.000      0.000      0.000      0.000
   115.000    -65.000      0.000      0.000      0.000      0.000
   120.000    -65.000      0.000      0.000      0.000      0.000
   125.000    -65.000      0.000      0.000      0.000      0.000
   130.000    -65.000      0.000      0.000      0.000      0.000
   135.000    -65.000      0.000      0.000      0.000      0.000
   140.000    -65.000      0.000      0.000      0.000      0.000
   145.000    -65.000      0.000      0.000      0.000      0.000
   -25.000    -60.000      0.000      0.000      0.000      0.000
   -20.000    -60.000      0.000      0.000      0.000      0.000
   -15.000    -60.000      0.000      0.000      0.000      0.000
   -10.000    -60.000      0.000      0.000      0.000      0.000
    -5.000    -60.000      0.000      0.000      0.000      0.000
     0.000    -60.000      0.000      0.000      0.000      0.000
     5.000    -60.000      0.000      0.000      0.000      0.000
    10.000    -60.000      0.000      0.000      0.000      0.000
    15.000    -60.000      0.000      0.000      0.000      0.000
    20.000    -60.000      0.000      0.000      0.000      0.000
    25.000    -60.000      0.000      0.000      0.000      0.000
    30.000    -60.000      0.000      0.000      0.000      0.000
    35.000    -60.000      0.000      0.000      0.000      0.000
    40.000    -60.000      0.000      0.000      0.000      0.000
    45.000    -60.000      0.000      0.000      0.000      0.000
    50.000    -60.000      0.000      0.000      0.000      0.000
    55.000    -60.000      0.000      0.000      0.000      0.000
    60.000    -60.000      0.000      0.000      0.000      0.000
    65.000    -60.000      0.000      0.000      0.000      0.000
    70.000    -60.000      0.000      0.000      0.000      0.000
    75.000    -60.000      0.000      0.000      0.000      0.000
    80.000    -60.000      0.000      0.000      0.000      0.000
    85.000    -60.000      0.000      0.000      0.000      0.000
    90.000    -60.000      0.000      0.000      0.000      0.000
    95.000    -60.000      0.000      0.000      0.000      0.000
   100.000    -60.000      0.000      0.000      0.000      0.000
   105.000    -60.000      0.000      0.000      0.000      0.000
   110.000    -60.000      0.000      0.000      0.000      0.000
   115.000    -60.000      0.000      0.000      0.000      0.000
   120.000    -60.000      0.000      0.000      0.000      0.000
   125.000    -60.000      0.000      0.000      0.000      0.000
   130.000    -60.000      0.000      0.000      0.000      0.000
   135.000    -60.000      0.000      0.000      0.000      0.000
   140.000    -60.000      0.000      0.000      0.000      0.000
   145.000    -60.000      0.000      0.000      0.000      0.000
   -25.000    -55.000      0.000      0.000      0.000      0.000
   -20.000    -55.000      0.000      0.000      0.000      0.000
   -15.000    -55.000      0.000      0.000      0.000      0.000
   -10.000    -55.000      0.000      0.000      0.000      0.000
    -5.000    -55.000      0.000      0.000      0.000      0.000
     0.000    -55.000      0.000      0.000      0.000      0.000
     5.000    -55.000      0.000      0.000      0.000      0.000
    10.000    -55.000      0.000      0.000      0.000      0.000
    15.000    -55.000      0.000      0.000      0.000      0.000
    20.000    -55.000      0.000      0.000      0.000      0.000
    25.000    -55.000      0.000      0.000      0.000      0.000
    30.000    -55.000      0.000      0.000      0.000      0.000
    35.000    -55.000      0.000      0.000      0.000      0.000
    40.000    -55.000      0.000      0.000      0.000      0.000
    45.000    -55.000      0.000      0.000      0.000      0.000
    50.000    -55.000      0.000      0.000      0.000      0.000
    55.000    -55.000      0.000      0.000      0.000      0.000
    60.000    -55.000      0.000      0.000      0.000      0.000
    65.000    -55.000      0.000      0.000      0.000      0.000
    70.000    -55.000      0.000      0.000      0.000      0.000
    75.000    -55.000      0.000      0.000      0.000      0.000
    80.000    -55.000      0.000      0.000      0.000      0.000
    85.000    -55.000      0.000      0.000      0.000      0.000
    90.000    -55.000      0.000      0.000      0.000      0.000
    95.000    -55.000      0.000      0.000      0.000      0.000
   100.000    -55.000      0.000      0.000      0.000      0.000
   105.000    -55.000      0.000      0.000      0.000      0.000
   110.000    -55.000      0.000      0.000      0.000      0.000
   115.000    -55.000      0.000      0.000      0.000      0.000
   120.000    -55.000      0.000      0.000      0.000      0.000
   125.000    -55.000      0.000      0.000      0.000      0.000
   130.000    -55.000      0.000      0.000      0.000      0.000
   135.000    -55.000      0.000      0.000      0.000      0.000
   140.000    -55.000      0.000      0.000      0.000      0.000
   145.000    -55.000      0.000      0.000      0.000      0.000
   -25.000    -50.000      0.000      0.000      0.000      0.000
   -20.000    -50.000      0.000      0.000      0.000      0.000
   -15.000    -50.000      0.000      0.000      0.000      0.000
   -10.000    -50.000      0.083     22.563      0.368    116.153
    -5.000    -50.000      0.150     21.877      0.845    104.550
     0.000    -50.000      0.180     26.969      1.261     94.466
     5.000    -50.000      0.176     33.477      1.444     86.336
    10.000    -50.000      0.155     39.171      1.433     81.599
    15.000    -50.000      0.114     46.053      1.252     84.293
    20.000    -50.000      0.071     61.224      1.373     99.419
    25.000    -50.000      0.050     99.789      1.176    119.115
    30.000    -50.000      0.071    139.200      0.943    161.116
    35.000    -50.000      0.128    154.821      1.254   -178.000
    40.000    -50.000      0.177    160.171      1.481   -175.518
    45.000    -50.000      0.213    156.549      1.723    171.619
    50.000    -50.000      0.230    149.696      1.930    169.294
    55.000    -50.000      0.222    141.103      1.611    167.181
    60.000    -50.000      0.202    133.004      1.449    156.094
    65.000    -50.000      0.172    126.022      0.955    154.451
    70.000    -50.000      0.134    122.362      0.666    176.938
    75.000    -50.000      0.108    118.754      0.439    157.301
    80.000    -50.000      0.101    114.605      0.428   -155.203
    85.000    -50.000      0.109    109.084      0.224   -171.480
    90.000    -50.000      0.114     90.598      0.130     94.598
    95.000    -50.000      0.005     41.371      0.005     41.371
   100.000    -50.000      0.000      0.000      0.000      0.000
   105.000    -50.000      0.000      0.000      0.000      0.000
   110.000    -50.000      0.000      0.000      0.000      0.000
   115.000    -50.000      0.000      0.000      0.000      0.000
   120.000    -50.000      0.000      0.000      0.000      0.000
   125.000    -50.000      0.000      0.000      0.000      0.000
   130.000    -50.000      0.000      0.000      0.000      0.000
   135.000    -50.000      0.000      0.000      0.000      0.000
   140.000    -50.000      0.000      0.000      0.000      0.000
   145.000    -50.000      0.000      0.000      0.000      0.000
   -25.000    -45.000      0.000      0.000      0.000      0.000
   -20.000    -45.000      0.000      0.000      0.000      0.000
   -15.000    -45.000      0.000      0.000      0.000      0.000
   -10.000    -45.000      0.180     33.255      0.789    132.949
    -5.000    -45.000      0.322     27.435      1.105    131.859
     0.000    -45.000      0.385     24.074      1.137    122.804
     5.000    -45.000      0.377     22.753      1.064    117.748
    10.000    -45.000      0.324     23.157      0.860    128.170
    15.000    -45.000      0.235     26.573      0.891    139.899
    20.000    -45.000      0.128     36.806      1.332    125.662
    25.000    -45.000      0.048     96.223      1.293    155.352
    30.000    -45.000      0.108    165.801      1.772   -176.029
    35.000    -45.000      0.186    175.710      2.301   -168.610
    40.000    -45.000      0.242    176.567      2.419   -168.638
    45.000    -45.000      0.269    171.125      2.772   -176.355
    50.000    -45.000      0.284    167.047      3.200    177.440
    55.000    -45.000      0.284    165.096      3.125    165.003
    60.000    -45.000      0.270    165.533      2.600    159.751
    65.000    -45.000      0.251    166.782      1.756    165.299
    70.000    -45.000      0.235    173.113      1.062    160.658
    75.000    -45.000      0.215    178.227      0.642    145.226
    80.000    -45.000      0.197    178.568      0.515   -157.489
    85.000    -45.000      0.170    166.556      0.456   -176.995
    90.000    -45.000      0.160    122.776      0.296    136.413
    95.000    -45.000      0.150     68.818      0.150     68.818
   100.000    -45.000      0.001     41.734      0.001     41.734
   105.000    -45.000      0.000      0.000      0.000      0.000
   110.000    -45.000      0.000      0.000      0.000      0.000
   115.000    -45.000      0.000      0.000      0.000      0.000
   120.000    -45.000      0.000      0.000      0.000      0.000
   125.000    -45.000      0.000      0.000      0.000      0.000
   130.000    -45.000      0.000      0.000      0.000      0.000
   135.000    -45.000      0.000      0.000      0.000      0.000
   140.000    -45.000      0.000      0.000      0.000      0.000
   145.000    -45.000      0.000      0.000      0.000      0.000
   -25.000    -40.000      0.000      0.000      0.000      0.000
   -20.000    -40.000      0.000      0.000      0.000      0.000
   -15.000    -40.000      0.000      0.000      0.000      0.000
   -10.000    -40.000      0.253      8.451      0.978   -179.140
    -5.000    -40.000      0.436     13.200      1.395    179.781
     0.000    -40.000      0.509     15.953      1.568   -178.153
     5.000    -40.000      0.484     17.193      1.655   -166.789
    10.000    -40.000      0.390     18.086      1.903   -155.081
    15.000    -40.000      0.265     18.820      2.285   -148.067
    20.000    -40.000      0.125     19.283      2.173   -150.145
    25.000    -40.000      0.006    156.677      2.205   -151.359
    30.000    -40.000      0.112   -166.738      2.688   -149.490
    35.000    -40.000      0.197   -165.345      3.142   -156.083
    40.000    -40.000      0.269   -163.615      3.308   -161.721
    45.000    -40.000      0.321   -161.534      3.732   -160.529
    50.000    -40.000      0.361   -161.129      4.114   -170.709
    55.000    -40.000      0.387   -161.108      3.900    177.098
    60.000    -40.000      0.410   -159.270      3.356    174.172
    65.000    -40.000      0.407   -156.449      2.431    178.345
    70.000    -40.000      0.401   -153.824      1.356    171.404
    75.000    -40.000      0.371   -154.841      0.738    142.720
    80.000    -40.000      0.318   -162.376      0.324    168.590
    85.000    -40.000      0.239   -175.608      0.416    145.966
    90.000    -40.000      0.159    146.420      0.441    120.481
    95.000    -40.000      0.109     88.551      0.177     85.302
   100.000    -40.000      0.000   -168.690      0.000   -168.690
   105.000    -40.000      0.000      0.000      0.000      0.000
   110.000    -40.000      0.000      0.000      0.000      0.000
   115.000    -40.000      0.000      0.000      0.000      0.000
   120.000    -40.000      0.000      0.000      0.000      0.000
   125.000    -40.000      0.000      0.000      0.000      0.000
   130.000    -40.000      0.000      0.000      0.000      0.000
   135.000    -40.000      0.000      0.000      0.000      0.000
   140.000    -40.000      0.000      0.000      0.000      0.000
   145.000    -40.000      0.000      0.000      0.000      0.000
   -25.000    -35.000      0.000      0.000      0.000      0.000
   -20.000    -35.000      0.000      0.000      0.000      0.000
   -15.000    -35.000      0.000      0.000      0.000      0.000
   -10.000    -35.000      0.295      6.790      1.536   -150.375
    -5.000    -35.000      0.446     10.523      2.453   -146.893
     0.000    -35.000      0.488     11.405      3.112   -140.632
     5.000    -35.000      0.462     12.062      3.638   -133.921
    10.000    -35.000      0.386     11.200      3.852   -130.213
    15.000    -35.000      0.282      7.914      3.848   -130.512
    20.000    -35.000      0.161     -2.656      3.658   -129.479
    25.000    -35.000      0.070    -42.561      3.512   -132.316
    30.000    -35.000      0.109   -119.939      4.023   -130.067
    35.000    -35.000      0.231   -134.969      4.573   -135.260
    40.000    -35.000      0.355   -138.710      4.591   -141.635
    45.000    -35.000      0.473   -139.921      4.829   -146.623
    50.000    -35.000      0.563   -139.870      5.170   -153.884
    55.000    -35.000      0.623   -139.499      4.886   -164.150
    60.000    -35.000      0.643   -139.143      4.220   -166.544
    65.000    -35.000      0.609   -139.311      3.149   -162.165
    70.000    -35.000      0.555   -138.722      1.950   -160.299
    75.000    -35.000      0.457   -139.834      1.040   -156.836
    80.000    -35.000      0.336   -146.310      0.518   -146.541
    85.000    -35.000      0.228   -161.947      0.461    150.500
    90.000    -35.000      0.148    166.054      0.466    135.567
    95.000    -35.000      0.075    165.517      0.108    145.172
   100.000    -35.000      0.078   -114.531      0.078   -114.531
   105.000    -35.000      0.000      0.000      0.000      0.000
   110.000    -35.000      0.000      0.000      0.000      0.000
   115.000    -35.000      0.000      0.000      0.000      0.000
   120.000    -35.000      0.000      0.000      0.000      0.000
   125.000    -35.000      0.000      0.000      0.000      0.000
   130.000    -35.000      0.000      0.000      0.000      0.000
   135.000    -35.000      0.000      0.000      0.000      0.000
   140.000    -35.000      0.000      0.000      0.000      0.000
   145.000    -35.000      0.000      0.000      0.000      0.000
   -25.000    -30.000      0.000      0.000      0.000      0.000
   -20.000    -30.000      0.000      0.000      0.000      0.000
   -15.000    -30.000      0.000      0.000      0.000      0.000
   -10.000    -30.000      0.241     21.161      2.425   -129.640
    -5.000    -30.000      0.377     15.525      3.844   -129.293
     0.000    -30.000      0.436     10.594      4.786   -127.130
     5.000    -30.000      0.441      6.009      5.328   -123.524
    10.000    -30.000      0.396     -0.685      5.402   -119.175
    15.000    -30.000      0.322    -13.354      5.308   -114.819
    20.000    -30.000      0.249    -33.752      5.386   -113.866
    25.000    -30.000      0.221    -67.381      5.420   -115.270
    30.000    -30.000      0.256   -102.357      5.652   -116.969
    35.000    -30.000      0.365   -122.440      5.947   -122.569
    40.000    -30.000      0.500   -129.344      6.307   -126.085
    45.000    -30.000      0.624   -131.455      6.309   -128.502
    50.000    -30.000      0.725   -130.768      6.092   -137.713
    55.000    -30.000      0.778   -130.415      5.940   -144.924
    60.000    -30.000      0.792   -129.604      5.497   -146.877
    65.000    -30.000      0.754   -128.875      4.672   -143.878
    70.000    -30.000      0.674   -129.178      3.317   -139.252
    75.000    -30.000      0.566   -130.761      2.355   -126.194
    80.000    -30.000      0.422   -135.446      1.591   -123.474
    85.000    -30.000      0.262   -144.851      0.651   -160.426
    90.000    -30.000      0.124   -171.857      0.430    171.029
    95.000    -30.000      0.053    149.939      0.210     95.373
   100.000    -30.000      0.048   -147.882      0.048   -147.882
   105.000    -30.000      0.000    135.881      0.000    135.881
   110.000    -30.000      0.000      0.000      0.000      0.000
   115.000    -30.000      0.000      0.000      0.000      0.000
   120.000    -30.000      0.000      0.000      0.000      0.000
   125.000    -30.000      0.000      0.000      0.000      0.000
   130.000    -30.000      0.000      0.000      0.000      0.000
   135.000    -30.000      0.000      0.000      0.000      0.000
   140.000    -30.000      0.000      0.000      0.000      0.000
   145.000    -30.000      0.000      0.000      0.000      0.000
   -25.000    -25.000      0.000      0.000      0.000      0.000
   -20.000    -25.000      0.000      0.000      0.000      0.000
   -15.000    -25.000      0.000      0.000      0.000      0.000
   -10.000    -25.000      0.157     18.732      2.915   -123.707
    -5.000    -25.000      0.268      8.515      4.824   -121.054
     0.000    -25.000      0.331     -0.380      5.964   -117.903
     5.000    -25.000      0.353     -8.472      6.391   -114.284
    10.000    -25.000      0.347    -17.357      6.244   -109.169
    15.000    -25.000      0.316    -32.206      6.034   -102.191
    20.000    -25.000      0.302    -54.814      6.137   -100.720
    25.000    -25.000      0.346    -78.799      6.835   -100.420
    30.000    -25.000      0.434    -96.512      7.342   -103.937
    35.000    -25.000      0.544   -110.036      7.916   -107.673
    40.000    -25.000      0.668   -117.709      8.210   -109.947
    45.000    -25.000      0.780   -121.504      8.220   -112.816
    50.000    -25.000      0.878   -122.304      7.820   -119.736
    55.000    -25.000      0.946   -122.509      7.117   -126.923
    60.000    -25.000      0.985   -121.884      6.771   -131.984
    65.000    -25.000      0.964   -121.811      6.335   -130.788
    70.000    -25.000      0.885   -122.235      5.354   -127.581
    75.000    -25.000      0.776   -122.269      3.883   -121.060
    80.000    -25.000      0.631   -124.373      3.087   -113.386
    85.000    -25.000      0.448   -127.735      1.702   -117.370
    90.000    -25.000      0.262   -128.601      0.717   -127.040
    95.000    -25.000      0.114   -122.153      0.245   -117.096
   100.000    -25.000      0.013    126.259      0.011    141.968
   105.000    -25.000      0.003   -159.762      0.003   -159.762
   110.000    -25.000      0.000      0.000      0.000      0.000
   115.000    -25.000      0.000      0.000      0.000      0.000
   120.000    -25.000      0.000      0.000      0.000      0.000
   125.000    -25.000      0.000      0.000      0.000      0.000
   130.000    -25.000      0.000      0.000      0.000      0.000
   135.000    -25.000      0.000      0.000      0.000      0.000
   140.000    -25.000      0.000      0.000      0.000      0.000
   145.000    -25.000      0.000      0.000      0.000      0.000
   -25.000    -20.000      0.000      0.000      0.000      0.000
   -20.000    -20.000      0.000      0.000      0.000      0.000
   -15.000    -20.000      0.000      0.000      0.000      0.000
   -10.000    -20.000      0.100    -46.769      2.681   -118.987
    -5.000    -20.000      0.148    -38.778      4.691   -115.457
     0.000    -20.000      0.201    -42.776      5.922   -111.148
     5.000    -20.000      0.257    -47.754      6.403   -106.442
    10.000    -20.000      0.306    -53.952      6.408   -100.242
    15.000    -20.000      0.359    -63.601      6.287    -91.946
    20.000    -20.000      0.437    -76.257      6.638    -86.799
    25.000    -20.000      0.533    -86.818      7.530    -87.939
    30.000    -20.000      0.637    -95.022      8.721    -90.968
    35.000    -20.000      0.738   -101.787      9.521    -96.007
    40.000    -20.000      0.847   -107.826      9.808   -100.533
    45.000    -20.000      0.959   -112.426      9.679   -101.874
    50.000    -20.000      1.060   -115.418      9.427   -106.868
    55.000    -20.000      1.123   -117.065      8.516   -113.712
    60.000    -20.000      1.161   -117.897      7.654   -121.322
    65.000    -20.000      1.173   -117.991      7.305   -124.190
    70.000    -20.000      1.121   -117.874      6.689   -123.643
    75.000    -20.000      1.020   -117.291      5.542   -121.384
    80.000    -20.000      0.866   -116.364      4.080   -116.224
    85.000    -20.000      0.655   -114.201      2.831   -112.806
    90.000    -20.000      0.420   -108.513      1.645   -108.942
    95.000    -20.000      0.190    -94.951      0.600    -85.957
   100.000    -20.000      0.042     25.242      0.062     22.136
   105.000    -20.000      0.000    -35.348      0.000    -35.348
   110.000    -20.000      0.000      0.000      0.000      0.000
   115.000    -20.000      0.000      0.000      0.000      0.000
   120.000    -20.000      0.000      0.000      0.000      0.000
   125.000    -20.000      0.000      0.000      0.000      0.000
   130.000    -20.000      0.000      0.000      0.000      0.000
   135.000    -20.000      0.000      0.000      0.000      0.000
   140.000    -20.000      0.000      0.000      0.000      0.000
   145.000    -20.000      0.000      0.000      0.000      0.000
   -25.000    -15.000      0.000      0.000      0.000      0.000
   -20.000    -15.000      0.000      0.000      0.000      0.000
   -15.000    -15.000      0.000      0.000      0.000      0.000
   -10.000    -15.000      0.070   -105.350      2.211   -105.843
    -5.000    -15.000      0.141    -93.145      4.084   -103.580
     0.000    -15.000      0.224    -85.766      5.298    -99.093
     5.000    -15.000      0.324    -83.928      5.856    -92.729
    10.000    -15.000      0.427    -84.565      6.033    -87.219
    15.000    -15.000      0.539    -85.657      6.227    -79.907
    20.000    -15.000      0.653    -88.415      7.002    -74.724
    25.000    -15.000      0.759    -91.702      7.928    -76.054
    30.000    -15.000      0.851    -95.537      9.476    -80.253
    35.000    -15.000      0.923    -99.613     10.594    -87.157
    40.000    -15.000      1.001   -103.658     10.785    -93.406
    45.000    -15.000      1.082   -107.653     10.842    -95.397
    50.000    -15.000      1.147   -111.835     10.358    -99.288
    55.000    -15.000      1.212   -114.638      9.800   -104.910
    60.000    -15.000      1.259   -116.252      8.319   -112.067
    65.000    -15.000      1.272   -116.746      7.635   -118.659
    70.000    -15.000      1.251   -116.247      7.122   -119.210
    75.000    -15.000      1.179   -114.371      6.115   -121.231
    80.000    -15.000      1.036   -111.485      4.885   -119.689
    85.000    -15.000      0.840   -106.964      3.654   -116.010
    90.000    -15.000      0.584    -98.601      2.296   -107.254
    95.000    -15.000      0.304    -79.475      0.799    -80.254
   100.000    -15.000      0.113     17.104      0.151     23.593
   105.000    -15.000      0.007     85.849      0.007     85.849
   110.000    -15.000      0.000      0.000      0.000      0.000
   115.000    -15.000      0.000      0.000      0.000      0.000
   120.000    -15.000      0.000      0.000      0.000      0.000
   125.000    -15.000      0.000      0.000      0.000      0.000
   130.000    -15.000      0.000      0.000      0.000      0.000
   135.000    -15.000      0.000      0.000      0.000      0.000
   140.000    -15.000      0.000      0.000      0.000      0.000
   145.000    -15.000      0.000      0.000      0.000      0.000
   -25.000    -10.000      0.000      0.000      0.000      0.000
   -20.000    -10.000      0.000      0.000      0.000      0.000
   -15.000    -10.000      0.000      0.000      0.000      0.000
   -10.000    -10.000      0.091   -155.175      1.719    -88.121
    -5.000    -10.000      0.188   -131.405      2.861    -78.868
     0.000    -10.000      0.274   -116.297      4.044    -74.114
     5.000    -10.000      0.393   -103.926      4.931    -69.310
    10.000    -10.000      0.533    -97.204      5.606    -65.249
    15.000    -10.000      0.667    -94.885      5.787    -62.702
    20.000    -10.000      0.775    -94.169      6.878    -63.254
    25.000    -10.000      0.865    -94.668      8.049    -66.490
    30.000    -10.000      0.937    -96.267      9.236    -71.110
    35.000    -10.000      1.001    -98.916     10.778    -78.581
    40.000    -10.000      1.068   -102.154     11.410    -86.924
    45.000    -10.000      1.131   -105.750     11.532    -90.401
    50.000    -10.000      1.179   -109.056     11.005    -93.358
    55.000    -10.000      1.223   -112.057     10.088    -98.440
    60.000    -10.000      1.253   -114.068      8.706   -104.200
    65.000    -10.000      1.243   -115.120      7.276   -112.471
    70.000    -10.000      1.216   -115.153      6.798   -118.575
    75.000    -10.000      1.154   -114.738      6.064   -122.981
    80.000    -10.000      1.050   -112.482      5.263   -123.400
    85.000    -10.000      0.890   -108.435      3.914   -118.689
    90.000    -10.000      0.655   -101.449      2.346   -111.743
    95.000    -10.000      0.381    -87.152      0.932    -95.294
   100.000    -10.000      0.151    -35.955      0.220    -43.598
   105.000    -10.000      0.108     60.523      0.108     60.523
   110.000    -10.000      0.000      0.000      0.000      0.000
   115.000    -10.000      0.000      0.000      0.000      0.000
   120.000    -10.000      0.000      0.000      0.000      0.000
   125.000    -10.000      0.000      0.000      0.000      0.000
   130.000    -10.000      0.000      0.000      0.000      0.000
   135.000    -10.000      0.000      0.000      0.000      0.000
   140.000    -10.000      0.000      0.000      0.000      0.000
   145.000    -10.000      0.000      0.000      0.000      0.000
   -25.000     -5.000      0.000      0.000      0.000      0.000
   -20.000     -5.000      0.000      0.000      0.000      0.000
   -15.000     -5.000      0.000      0.000      0.000      0.000
   -10.000     -5.000      0.157   -129.232      1.058    -47.770
    -5.000     -5.000      0.258   -126.763      2.086    -44.850
     0.000     -5.000      0.342   -120.635      3.074    -40.665
     5.000     -5.000      0.426   -111.288      3.966    -39.018
    10.000     -5.000      0.526   -103.681      5.123    -43.389
    15.000     -5.000      0.631    -99.102      5.976    -45.226
    20.000     -5.000      0.724    -96.549      6.718    -50.011
    25.000     -5.000      0.818    -96.017      7.880    -59.126
    30.000     -5.000      0.890    -97.428      9.021    -65.405
    35.000     -5.000      0.967    -99.636      9.983    -73.339
    40.000     -5.000      1.021   -102.039     10.670    -81.112
    45.000     -5.000      1.057   -104.395     11.093    -86.833
    50.000     -5.000      1.092   -106.744     10.721    -89.896
    55.000     -5.000      1.125   -109.420      9.545    -92.825
    60.000     -5.000      1.153   -111.649      8.181    -99.103
    65.000     -5.000      1.158   -112.762      6.826   -106.891
    70.000     -5.000      1.132   -113.188      6.104   -115.019
    75.000     -5.000      1.087   -113.824      5.424   -123.927
    80.000     -5.000      1.007   -114.104      4.673   -126.624
    85.000     -5.000      0.860   -114.082      3.775   -122.448
    90.000     -5.000      0.650   -113.612      2.429   -118.168
    95.000     -5.000      0.382   -110.491      1.155   -112.768
   100.000     -5.000      0.077    -80.161      0.098    -85.748
   105.000     -5.000      0.054     43.345      0.054     43.345
   110.000     -5.000      0.000      0.000      0.000      0.000
   115.000     -5.000      0.000      0.000      0.000      0.000
   120.000     -5.000      0.000      0.000      0.000      0.000
   125.000     -5.000      0.000      0.000      0.000      0.000
   130.000     -5.000      0.000      0.000      0.000      0.000
   135.000     -5.000      0.000      0.000      0.000      0.000
   140.000     -5.000      0.000      0.000      0.000      0.000
   145.000     -5.000      0.000      0.000      0.000      0.000
   -25.000      0.000      0.000      0.000      0.000      0.000
   -20.000      0.000      0.000      0.000      0.000      0.000
   -15.000      0.000      0.000      0.000      0.000      0.000
   -10.000      0.000      0.199   -115.569      0.686    -11.411
    -5.000      0.000      0.275   -116.134      1.608     -5.524
     0.000      0.000      0.320   -113.850      2.834     -3.957
     5.000      0.000      0.354   -108.850      3.885     -7.579
    10.000      0.000      0.408   -104.814      4.369    -19.940
    15.000      0.000      0.484   -101.966      5.352    -31.687
    20.000      0.000      0.569    -99.568      6.019    -40.220
    25.000      0.000      0.651    -98.339      6.956    -55.772
    30.000      0.000      0.726    -98.383      7.983    -63.864
    35.000      0.000      0.784    -99.167      8.471    -69.217
    40.000      0.000      0.836   -100.711      9.160    -75.956
    45.000      0.000      0.881   -102.721      9.609    -83.370
    50.000      0.000      0.918   -104.640      9.422    -87.838
    55.000      0.000      0.946   -106.854      8.320    -90.689
    60.000      0.000      0.971   -109.210      6.980    -94.927
    65.000      0.000      0.971   -111.404      5.813   -103.012
    70.000      0.000      0.967   -113.268      4.894   -113.022
    75.000      0.000      0.936   -115.293      4.312   -124.118
    80.000      0.000      0.893   -117.449      3.987   -127.359
    85.000      0.000      0.801   -119.913      3.381   -125.849
    90.000      0.000      0.652   -123.163      2.126   -124.284
    95.000      0.000      0.430   -126.819      1.067   -127.279
   100.000      0.000      0.184   -129.799      0.234   -132.347
   105.000      0.000      0.083   -107.484      0.083   -107.484
   110.000      0.000      0.000      0.000      0.000      0.000
   115.000      0.000      0.000      0.000      0.000      0.000
   120.000      0.000      0.000      0.000      0.000      0.000
   125.000      0.000      0.000      0.000      0.000      0.000
   130.000      0.000      0.000      0.000      0.000      0.000
   135.000      0.000      0.000      0.000      0.000      0.000
   140.000      0.000      0.000      0.000      0.000      0.000
   145.000      0.000      0.000      0.000      0.000      0.000
   -25.000      5.000      0.000      0.000      0.000      0.000
   -20.000      5.000      0.000      0.000      0.000      0.000
   -15.000      5.000      0.000      0.000      0.000      0.000
   -10.000      5.000      0.095   -112.892      0.437     31.793
    -5.000      5.000      0.180   -113.485      1.803     25.979
     0.000      5.000      0.246   -112.626      2.860     18.685
     5.000      5.000      0.282   -109.228      3.518     10.387
    10.000      5.000      0.307   -105.303      3.655     -0.692
    15.000      5.000      0.339   -101.207      4.245    -27.473
    20.000      5.000      0.375    -98.881      4.996    -38.092
    25.000      5.000      0.415    -98.530      5.433    -51.009
    30.000      5.000      0.455    -98.988      5.888    -61.754
    35.000      5.000      0.492    -98.943      6.247    -66.740
    40.000      5.000      0.525    -99.263      6.672    -72.809
    45.000      5.000      0.557   -100.849      7.116    -80.487
    50.000      5.000      0.582   -103.197      6.907    -86.223
    55.000      5.000      0.611   -106.359      6.215    -90.215
    60.000      5.000      0.654   -110.409      5.149    -92.037
    65.000      5.000      0.689   -114.072      4.270    -99.565
    70.000      5.000      0.715   -117.323      3.272   -111.917
    75.000      5.000      0.725   -120.329      3.010   -120.964
    80.000      5.000      0.703   -122.350      2.720   -126.073
    85.000      5.000      0.636   -123.988      2.400   -129.382
    90.000      5.000      0.511   -126.707      1.615   -127.395
    95.000      5.000      0.341   -131.109      0.680   -138.053
   100.000      5.000      0.134   -159.253      0.161   -165.543
   105.000      5.000      0.060    176.174      0.060    176.174
   110.000      5.000      0.000      0.000      0.000      0.000
   115.000      5.000      0.000      0.000      0.000      0.000
   120.000      5.000      0.000      0.000      0.000      0.000
   125.000      5.000      0.000      0.000      0.000      0.000
   130.000      5.000      0.000      0.000      0.000      0.000
   135.000      5.000      0.000      0.000      0.000      0.000
   140.000      5.000      0.000      0.000      0.000      0.000
   145.000      5.000      0.000      0.000      0.000      0.000
   -25.000     10.000      0.000      0.000      0.000      0.000
   -20.000     10.000      0.000      0.000      0.000      0.000
   -15.000     10.000      0.000      0.000      0.000      0.000
   -10.000     10.000      0.033   -159.700      0.209     26.390
    -5.000     10.000      0.067   -143.554      1.157     41.759
     0.000     10.000      0.088   -136.361      1.777     29.831
     5.000     10.000      0.105   -123.137      2.124     19.536
    10.000     10.000      0.130   -111.407      2.221     10.597
    15.000     10.000      0.165   -103.269      2.471    -25.083
    20.000     10.000      0.197    -96.660      2.869    -36.272
    25.000     10.000      0.222    -93.582      3.042    -47.016
    30.000     10.000      0.242    -92.278      3.397    -60.913
    35.000     10.000      0.259    -92.358      3.574    -65.138
    40.000     10.000      0.267    -95.197      3.758    -72.713
    45.000     10.000      0.273   -100.979      3.681    -78.342
    50.000     10.000      0.287   -106.904      3.474    -84.953
    55.000     10.000      0.309   -111.856      3.382    -90.551
    60.000     10.000      0.340   -115.722      2.938    -92.584
    65.000     10.000      0.372   -117.871      2.253    -99.174
    70.000     10.000      0.396   -119.287      1.642   -110.171
    75.000     10.000      0.411   -120.910      1.550   -116.982
    80.000     10.000      0.403   -121.871      1.239   -124.822
    85.000     10.000      0.365   -120.890      1.078   -128.971
    90.000     10.000      0.304   -118.142      1.160   -120.417
    95.000     10.000      0.220   -112.495      0.502   -106.705
   100.000     10.000      0.136    -99.087      0.201    -99.066
   105.000     10.000      0.020     58.055      0.020     58.055
   110.000     10.000      0.000      0.000      0.000      0.000
   115.000     10.000      0.000      0.000      0.000      0.000
   120.000     10.000      0.000      0.000      0.000      0.000
   125.000     10.000      0.000      0.000      0.000      0.000
   130.000     10.000      0.000      0.000      0.000      0.000
   135.000     10.000      0.000      0.000      0.000      0.000
   140.000     10.000      0.000      0.000      0.000      0.000
   145.000     10.000      0.000      0.000      0.000      0.000
   -25.000     15.000      0.000      0.000      0.000      0.000
   -20.000     15.000      0.000      0.000      0.000      0.000
   -15.000     15.000      0.000      0.000      0.000      0.000
   -10.000     15.000      0.000      0.000      0.000      0.000
    -5.000     15.000      0.000      0.000      0.000      0.000
     0.000     15.000      0.000      0.000      0.000      0.000
     5.000     15.000      0.000      0.000      0.000      0.000
    10.000     15.000      0.000      0.000      0.000      0.000
    15.000     15.000      0.000      0.000      0.000      0.000
    20.000     15.000      0.000      0.000      0.000      0.000
    25.000     15.000      0.000      0.000      0.000      0.000
    30.000     15.000      0.000      0.000      0.000      0.000
    35.000     15.000      0.000      0.000      0.000      0.000
    40.000     15.000      0.000      0.000      0.000      0.000
    45.000     15.000      0.000      0.000      0.000      0.000
    50.000     15.000      0.000      0.000      0.000      0.000
    55.000     15.000      0.000      0.000      0.000      0.000
    60.000     15.000      0.000      0.000      0.000      0.000
    65.000     15.000      0.000      0.000      0.000      0.000
    70.000     15.000      0.000      0.000      0.000      0.000
    75.000     15.000      0.000      0.000      0.000      0.000
    80.000     15.000      0.000      0.000      0.000      0.000
    85.000     15.000      0.000      0.000      0.000      0.000
    90.000     15.000      0.000      0.000      0.000      0.000
    95.000     15.000      0.000      0.000      0.000      0.000
   100.000     15.000      0.000      0.000      0.000      0.000
   105.000     15.000      0.000      0.000      0.000      0.000
   110.000     15.000      0.000      0.000      0.000      0.000
   115.000     15.000      0.000      0.000      0.000      0.000
   120.000     15.000      0.000      0.000      0.000      0.000
   125.000     15.000      0.000      0.000      0.000      0.000
   130.000     15.000      0.000      0.000      0.000      0.000
   135.000     15.000      0.000      0.000      0.000      0.000
   140.000     15.000      0.000      0.000      0.000      0.000
   145.000     15.000      0.000      0.000      0.000      0.000
   -25.000     20.000      0.000      0.000      0.000      0.000
   -20.000     20.000      0.000      0.000      0.000      0.000
   -15.000     20.000      0.000      0.000      0.000      0.000
   -10.000     20.000      0.000      0.000      0.000      0.000
    -5.000     20.000      0.000      0.000      0.000      0.000
     0.000     20.000      0.000      0.000      0.000      0.000
     5.000     20.000      0.000      0.000      0.000      0.000
    10.000     20.000      0.000      0.000      0.000      0.000
    15.000     20.000      0.000      0.000      0.000      0.000
    20.000     20.000      0.000      0.000      0.000      0.000
    25.000     20.000      0.000      0.000      0.000      0.000
    30.000     20.000      0.000      0.000      0.000      0.000
    35.000     20.000      0.000      0.000      0.000      0.000
    40.000     20.000      0.000      0.000      0.000      0.000
    45.000     20.000      0.000      0.000      0.000      0.000
    50.000     20.000      0.000      0.000      0.000      0.000
    55.000     20.000      0.000      0.000      0.000      0.000
    60.000     20.000      0.000      0.000      0.000      0.000
    65.000     20.000      0.000      0.000      0.000      0.000
    70.000     20.000      0.000      0.000      0.000      0.000
    75.000     20.000      0.000      0.000      0.000      0.000
    80.000     20.000      0.000      0.000      0.000      0.000
    85.000     20.000      0.000      0.000      0.000      0.000
    90.000     20.000      0.000      0.000      0.000      0.000
    95.000     20.000      0.000      0.000      0.000      0.000
   100.000     20.000      0.000      0.000      0.000      0.000
   105.000     20.000      0.000      0.000      0.000      0.000
   110.000     20.000      0.000      0.000      0.000      0.000
   115.000     20.000      0.000      0.000      0.000      0.000
   120.000     20.000      0.000      0.000      0.000      0.000
   125.000     20.000      0.000      0.000      0.000      0.000
   130.000     20.000      0.000      0.000      0.000      0.000
   135.000     20.000      0.000      0.000      0.000      0.000
   140.000     20.000      0.000      0.000      0.000      0.000
   145.000     20.000      0.000      0.000      0.000      0.000
   -25.000     25.000      0.000      0.000      0.000      0.000
   -20.000     25.000      0.000      0.000      0.000      0.000
   -15.000     25.000      0.000      0.000      0.000      0.000
   -10.000     25.000      0.000      0.000      0.000      0.000
    -5.000     25.000      0.000      0.000      0.000      0.000
     0.000     25.000      0.000      0.000      0.000      0.000
     5.000     25.000      0.000      0.000      0.000      0.000
    10.000     25.000      0.000      0.000      0.000      0.000
    15.000     25.000      0.000      0.000      0.000      0.000
    20.000     25.000      0.000      0.000      0.000      0.000
    25.000     25.000      0.000      0.000      0.000      0.000
    30.000     25.000      0.000      0.000      0.000      0.000
    35.000     25.000      0.000      0.000      0.000      0.000
    40.000     25.000      0.000      0.000      0.000      0.000
    45.000     25.000      0.000      0.000      0.000      0.000
    50.000     25.000      0.000      0.000      0.000      0.000
    55.000     25.000      0.000      0.000      0.000      0.000
    60.000     25.000      0.000      0.000      0.000      0.000
    65.000     25.000      0.000      0.000      0.000      0.000
    70.000     25.000      0.000      0.000      0.000      0.000
    75.000     25.000      0.000      0.000      0.000      0.000
    80.000     25.000      0.000      0.000      0.000      0.000
    85.000     25.000      0.000      0.000      0.000      0.000
    90.000     25.000      0.000      0.000      0.000      0.000
    95.000     25.000      0.000      0.000      0.000      0.000
   100.000     25.000      0.000      0.000      0.000      0.000
   105.000     25.000      0.000      0.000      0.000      0.000
   110.000     25.000      0.000      0.000      0.000      0.000
   115.000     25.000      0.000      0.000      0.000      0.000
   120.000     25.000      0.000      0.000      0.000      0.000
   125.000     25.000      0.000      0.000      0.000      0.000
   130.000     25.000      0.000      0.000      0.000      0.000
   135.000     25.000      0.000      0.000      0.000      0.000
   140.000     25.000      0.000      0.000      0.000      0.000
   145.000     25.000      0.000      0.000      0.000      0.000
