   -25.000    -65.000      0.000      0.000      0.000      0.000
   -20.000    -65.000      0.000      0.000      0.000      0.000
   -15.000    -65.000      0.000      0.000      0.000      0.000
   -10.000    -65.000      0.000      0.000      0.000      0.000
    -5.000    -65.000      0.000      0.000      0.000      0.000
     0.000    -65.000      0.000      0.000      0.000      0.000
     5.000    -65.000      0.000      0.000      0.000      0.000
    10.000    -65.000      0.000      0.000      0.000      0.000
    15.000    -65.000      0.000      0.000      0.000      0.000
    20.000    -65.000      0.000      0.000      0.000      0.000
    25.000    -65.000      0.000      0.000      0.000      0.000
    30.000    -65.000      0.000      0.000      0.000      0.000
    35.000    -65.000      0.000      0.000      0.000      0.000
    40.000    -65.000      0.000      0.000      0.000      0.000
    45.000    -65.000      0.000      0.000      0.000      0.000
    50.000    -65.000      0.000      0.000      0.000      0.000
    55.000    -65.000      0.000      0.000      0.000      0.000
    60.000    -65.000      0.000      0.000      0.000      0.000
    65.000    -65.000      0.000      0.000      0.000      0.000
    70.000    -65.000      0.000      0.000      0.000      0.000
    75.000    -65.000      0.000      0.000      0.000      0.000
    80.000    -65.000      0.000      0.000      0.000      0.000
    85.000    -65.000      0.000      0.000      0.000      0.000
    90.000    -65.000      0.000      0.000      0.000      0.000
    95.000    -65.000      0.000      0.000      0.000      0.000
   100.000    -65.000      0.000      0.000      0.000      0.000
   105.000    -65.000      0.000      0.000      0.000      0.000
   110.000    -65.000      0.000      0.000      0.000      0.000
   115.000    -65.000      0.000      0.000      0.000      0.000
   120.000    -65.000      0.000      0.000      0.000      0.000
   125.000    -65.000      0.000      0.000      0.000      0.000
   130.000    -65.000      0.000      0.000      0.000      0.000
   135.000    -65.000      0.000      0.000      0.000      0.000
   140.000    -65.000      0.000      0.000      0.000      0.000
   145.000    -65.000      0.000      0.000      0.000      0.000
   -25.000    -60.000      0.000      0.000      0.000      0.000
   -20.000    -60.000      0.000      0.000      0.000      0.000
   -15.000    -60.000      0.000      0.000      0.000      0.000
   -10.000    -60.000      0.000      0.000      0.000      0.000
    -5.000    -60.000      0.000      0.000      0.000      0.000
     0.000    -60.000      0.000      0.000      0.000      0.000
     5.000    -60.000      0.000      0.000      0.000      0.000
    10.000    -60.000      0.000      0.000      0.000      0.000
    15.000    -60.000      0.000      0.000      0.000      0.000
    20.000    -60.000      0.000      0.000      0.000      0.000
    25.000    -60.000      0.000      0.000      0.000      0.000
    30.000    -60.000      0.000      0.000      0.000      0.000
    35.000    -60.000      0.000      0.000      0.000      0.000
    40.000    -60.000      0.000      0.000      0.000      0.000
    45.000    -60.000      0.000      0.000      0.000      0.000
    50.000    -60.000      0.000      0.000      0.000      0.000
    55.000    -60.000      0.000      0.000      0.000      0.000
    60.000    -60.000      0.000      0.000      0.000      0.000
    65.000    -60.000      0.000      0.000      0.000      0.000
    70.000    -60.000      0.000      0.000      0.000      0.000
    75.000    -60.000      0.000      0.000      0.000      0.000
    80.000    -60.000      0.000      0.000      0.000      0.000
    85.000    -60.000      0.000      0.000      0.000      0.000
    90.000    -60.000      0.000      0.000      0.000      0.000
    95.000    -60.000      0.000      0.000      0.000      0.000
   100.000    -60.000      0.000      0.000      0.000      0.000
   105.000    -60.000      0.000      0.000      0.000      0.000
   110.000    -60.000      0.000      0.000      0.000      0.000
   115.000    -60.000      0.000      0.000      0.000      0.000
   120.000    -60.000      0.000      0.000      0.000      0.000
   125.000    -60.000      0.000      0.000      0.000      0.000
   130.000    -60.000      0.000      0.000      0.000      0.000
   135.000    -60.000      0.000      0.000      0.000      0.000
   140.000    -60.000      0.000      0.000      0.000      0.000
   145.000    -60.000      0.000      0.000      0.000      0.000
   -25.000    -55.000      0.000      0.000      0.000      0.000
   -20.000    -55.000      0.000      0.000      0.000      0.000
   -15.000    -55.000      0.000      0.000      0.000      0.000
   -10.000    -55.000      0.000      0.000      0.000      0.000
    -5.000    -55.000      0.000      0.000      0.000      0.000
     0.000    -55.000      0.000      0.000      0.000      0.000
     5.000    -55.000      0.000      0.000      0.000      0.000
    10.000    -55.000      0.000      0.000      0.000      0.000
    15.000    -55.000      0.000      0.000      0.000      0.000
    20.000    -55.000      0.000      0.000      0.000      0.000
    25.000    -55.000      0.000      0.000      0.000      0.000
    30.000    -55.000      0.000      0.000      0.000      0.000
    35.000    -55.000      0.000      0.000      0.000      0.000
    40.000    -55.000      0.000      0.000      0.000      0.000
    45.000    -55.000      0.000      0.000      0.000      0.000
    50.000    -55.000      0.000      0.000      0.000      0.000
    55.000    -55.000      0.000      0.000      0.000      0.000
    60.000    -55.000      0.000      0.000      0.000      0.000
    65.000    -55.000      0.000      0.000      0.000      0.000
    70.000    -55.000      0.000      0.000      0.000      0.000
    75.000    -55.000      0.000      0.000      0.000      0.000
    80.000    -55.000      0.000      0.000      0.000      0.000
    85.000    -55.000      0.000      0.000      0.000      0.000
    90.000    -55.000      0.000      0.000      0.000      0.000
    95.000    -55.000      0.000      0.000      0.000      0.000
   100.000    -55.000      0.000      0.000      0.000      0.000
   105.000    -55.000      0.000      0.000      0.000      0.000
   110.000    -55.000      0.000      0.000      0.000      0.000
   115.000    -55.000      0.000      0.000      0.000      0.000
   120.000    -55.000      0.000      0.000      0.000      0.000
   125.000    -55.000      0.000      0.000      0.000      0.000
   130.000    -55.000      0.000      0.000      0.000      0.000
   135.000    -55.000      0.000      0.000      0.000      0.000
   140.000    -55.000      0.000      0.000      0.000      0.000
   145.000    -55.000      0.000      0.000      0.000      0.000
   -25.000    -50.000      0.000      0.000      0.000      0.000
   -20.000    -50.000      0.000      0.000      0.000      0.000
   -15.000    -50.000      0.000      0.000      0.000      0.000
   -10.000    -50.000      0.000      0.000      0.525     91.631
    -5.000    -50.000      0.000      0.000      1.090     85.747
     0.000    -50.000      0.000      0.000      1.620     74.625
     5.000    -50.000      0.000      0.000      1.938     64.764
    10.000    -50.000      0.000      0.000      1.996     56.932
    15.000    -50.000      0.000      0.000      1.692     51.772
    20.000    -50.000      0.040     45.231      1.729     63.076
    25.000    -50.000      0.032     49.638      1.381     74.405
    30.000    -50.000      0.098     20.293      0.482     82.029
    35.000    -50.000      0.107    -56.932      0.529   -138.295
    40.000    -50.000      0.165    -48.297      1.140   -118.768
    45.000    -50.000      0.260    -45.908      1.391   -117.978
    50.000    -50.000      0.352    -41.537      1.776   -113.454
    55.000    -50.000      0.419    -36.557      2.033    -97.675
    60.000    -50.000      0.457    -32.885      2.042    -89.233
    65.000    -50.000      0.461    -29.545      2.363    -78.057
    70.000    -50.000      0.454    -27.175      2.717    -76.245
    75.000    -50.000      0.440    -25.345      2.470    -70.319
    80.000    -50.000      0.414    -24.242      2.496    -72.228
    85.000    -50.000      0.377    -22.543      2.066    -65.652
    90.000    -50.000      0.342    -21.604      1.737    -54.712
    95.000    -50.000      0.305    -22.095      1.726    -58.340
   100.000    -50.000      0.269    -22.853      1.520    -68.270
   105.000    -50.000      0.227    -23.208      0.983    -59.558
   110.000    -50.000      0.190    -25.637      0.907    -58.881
   115.000    -50.000      0.150    -25.875      1.038    -58.415
   120.000    -50.000      0.105    -22.832      1.310    -64.303
   125.000    -50.000      0.056    -25.106      1.250    -65.674
   130.000    -50.000      0.011    -55.288      0.455    -53.991
   135.000    -50.000      0.000      0.000      0.000      0.000
   140.000    -50.000      0.000      0.000      0.000      0.000
   145.000    -50.000      0.000      0.000      0.000      0.000
   -25.000    -45.000      0.000      0.000      0.000      0.000
   -20.000    -45.000      0.000      0.000      0.000      0.000
   -15.000    -45.000      0.000      0.000      0.000      0.000
   -10.000    -45.000      0.000      0.000      0.892    102.990
    -5.000    -45.000      0.000      0.000      1.111     98.381
     0.000    -45.000      0.000      0.000      1.180     81.835
     5.000    -45.000      0.000      0.000      1.292     67.824
    10.000    -45.000      0.000      0.000      1.183     54.477
    15.000    -45.000      0.000      0.000      0.960     44.694
    20.000    -45.000      0.000      0.000      1.125     60.526
    25.000    -45.000      0.000      0.000      0.783     80.022
    30.000    -45.000      0.000      0.000      0.570   -171.843
    35.000    -45.000      0.015     87.302      1.456   -143.223
    40.000    -45.000      0.171    -45.481      2.319   -119.555
    45.000    -45.000      0.304    -46.323      3.076   -115.784
    50.000    -45.000      0.422    -39.547      3.658   -114.471
    55.000    -45.000      0.535    -33.661      3.550   -108.156
    60.000    -45.000      0.621    -30.234      3.789    -95.797
    65.000    -45.000      0.674    -27.642      4.475    -84.585
    70.000    -45.000      0.693    -25.859      4.648    -76.238
    75.000    -45.000      0.683    -24.488      4.473    -70.422
    80.000    -45.000      0.653    -23.771      4.506    -71.358
    85.000    -45.000      0.610    -21.980      3.721    -68.653
    90.000    -45.000      0.546    -20.444      2.997    -59.989
    95.000    -45.000      0.472    -19.871      2.690    -52.218
   100.000    -45.000      0.397    -19.228      2.373    -58.456
   105.000    -45.000      0.333    -17.390      1.865    -57.245
   110.000    -45.000      0.268    -16.313      1.668    -59.315
   115.000    -45.000      0.198    -15.719      1.834    -61.687
   120.000    -45.000      0.128    -17.804      2.413    -65.014
   125.000    -45.000      0.068    -18.663      2.134    -59.633
   130.000    -45.000      0.023    -13.023      1.040    -56.532
   135.000    -45.000      0.000      0.000      0.000      0.000
   140.000    -45.000      0.000      0.000      0.000      0.000
   145.000    -45.000      0.000      0.000      0.000      0.000
   -25.000    -40.000      0.000      0.000      0.000      0.000
   -20.000    -40.000      0.000      0.000      0.000      0.000
   -15.000    -40.000      0.000      0.000      0.000      0.000
   -10.000    -40.000      0.000      0.000      0.323    116.402
    -5.000    -40.000      0.000      0.000      0.382     71.229
     0.000    -40.000      0.000      0.000      0.566     41.146
     5.000    -40.000      0.000      0.000      0.689     17.040
    10.000    -40.000      0.000      0.000      0.657    -16.987
    15.000    -40.000      0.000      0.000      1.210    -77.598
    20.000    -40.000      0.000      0.000      1.414    -79.918
    25.000    -40.000      0.000      0.000      1.390    -89.682
    30.000    -40.000      0.000      0.000      2.064   -107.410
    35.000    -40.000      0.000      0.000      2.826   -123.753
    40.000    -40.000      0.062    -96.555      3.881   -120.788
    45.000    -40.000      0.186    -63.149      5.203   -114.358
    50.000    -40.000      0.320    -43.667      5.742   -114.406
    55.000    -40.000      0.470    -36.716      5.667   -109.792
    60.000    -40.000      0.567    -32.046      5.989   -101.304
    65.000    -40.000      0.625    -28.588      6.500    -91.660
    70.000    -40.000      0.668    -25.455      6.434    -81.917
    75.000    -40.000      0.683    -21.859      6.008    -74.496
    80.000    -40.000      0.669    -19.126      5.834    -72.194
    85.000    -40.000      0.640    -17.895      4.885    -70.149
    90.000    -40.000      0.600    -17.169      3.966    -64.889
    95.000    -40.000      0.536    -15.436      3.465    -58.629
   100.000    -40.000      0.456    -13.826      2.905    -57.076
   105.000    -40.000      0.372    -12.389      2.311    -55.168
   110.000    -40.000      0.292    -10.453      2.323    -60.957
   115.000    -40.000      0.215     -5.605      2.461    -65.952
   120.000    -40.000      0.149      0.453      2.898    -68.086
   125.000    -40.000      0.079      2.085      2.643    -65.370
   130.000    -40.000      0.020    -39.173      1.339    -57.656
   135.000    -40.000      0.000      0.000      0.000      0.000
   140.000    -40.000      0.000      0.000      0.000      0.000
   145.000    -40.000      0.000      0.000      0.000      0.000
   -25.000    -35.000      0.000      0.000      0.000      0.000
   -20.000    -35.000      0.000      0.000      0.000      0.000
   -15.000    -35.000      0.000      0.000      0.000      0.000
   -10.000    -35.000      0.000      0.000      1.133    -98.101
    -5.000    -35.000      0.000      0.000      1.821    -85.287
     0.000    -35.000      0.000      0.000      2.347    -80.695
     5.000    -35.000      0.000      0.000      2.731    -80.109
    10.000    -35.000      0.000      0.000      2.925    -80.986
    15.000    -35.000      0.000      0.000      3.117    -86.854
    20.000    -35.000      0.000      0.000      3.595    -87.585
    25.000    -35.000      0.000      0.000      3.738    -91.471
    30.000    -35.000      0.000      0.000      4.649    -98.393
    35.000    -35.000      0.000      0.000      5.588   -109.276
    40.000    -35.000      0.000      0.000      6.281   -112.901
    45.000    -35.000      0.039    -44.077      7.340   -112.023
    50.000    -35.000      0.156    -26.852      8.229   -112.579
    55.000    -35.000      0.335    -33.049      8.380   -110.779
    60.000    -35.000      0.440    -31.240      8.650   -104.857
    65.000    -35.000      0.487    -27.289      8.887    -96.766
    70.000    -35.000      0.516    -22.194      8.562    -89.208
    75.000    -35.000      0.531    -17.152      8.012    -83.096
    80.000    -35.000      0.535    -14.607      7.291    -78.698
    85.000    -35.000      0.518    -13.127      5.915    -76.316
    90.000    -35.000      0.491    -12.096      4.874    -73.360
    95.000    -35.000      0.460    -11.387      4.270    -68.839
   100.000    -35.000      0.421    -11.958      3.569    -65.473
   105.000    -35.000      0.372    -12.139      2.649    -56.696
   110.000    -35.000      0.304    -10.463      2.647    -60.920
   115.000    -35.000      0.233     -6.035      2.872    -69.554
   120.000    -35.000      0.169      0.773      3.038    -71.885
   125.000    -35.000      0.104      9.205      2.485    -72.664
   130.000    -35.000      0.041     21.545      1.246    -67.324
   135.000    -35.000      0.000      0.000      0.000      0.000
   140.000    -35.000      0.000      0.000      0.000      0.000
   145.000    -35.000      0.000      0.000      0.000      0.000
   -25.000    -30.000      0.000      0.000      0.000      0.000
   -20.000    -30.000      0.000      0.000      0.000      0.000
   -15.000    -30.000      0.000      0.000      0.000      0.000
   -10.000    -30.000      0.000      0.000      2.240    -97.400
    -5.000    -30.000      0.000      0.000      3.661    -93.646
     0.000    -30.000      0.000      0.000      4.609    -92.592
     5.000    -30.000      0.000      0.000      5.143    -91.447
    10.000    -30.000      0.000      0.000      5.389    -89.237
    15.000    -30.000      0.000      0.000      5.728    -87.867
    20.000    -30.000      0.000      0.000      6.339    -89.391
    25.000    -30.000      0.000      0.000      6.861    -92.814
    30.000    -30.000      0.000      0.000      7.588    -96.560
    35.000    -30.000      0.000      0.000      8.519   -102.531
    40.000    -30.000      0.000      0.000      9.443   -105.887
    45.000    -30.000      0.000      0.000     10.336   -105.865
    50.000    -30.000      0.046     17.195     10.743   -108.679
    55.000    -30.000      0.185    -28.040     11.340   -108.768
    60.000    -30.000      0.297    -25.733     11.753   -106.102
    65.000    -30.000      0.353    -19.438     11.805   -101.534
    70.000    -30.000      0.371    -15.893     11.100    -95.545
    75.000    -30.000      0.369    -11.759     10.393    -89.645
    80.000    -30.000      0.359     -7.870      9.083    -86.313
    85.000    -30.000      0.353     -5.406      7.016    -83.082
    90.000    -30.000      0.343     -6.097      5.672    -79.828
    95.000    -30.000      0.325     -6.537      4.574    -73.190
   100.000    -30.000      0.317     -7.738      3.876    -71.762
   105.000    -30.000      0.307     -7.400      3.117    -66.284
   110.000    -30.000      0.273     -7.541      2.798    -64.945
   115.000    -30.000      0.218     -8.978      3.088    -72.822
   120.000    -30.000      0.159     -9.088      3.115    -76.361
   125.000    -30.000      0.109     -1.008      2.454    -78.383
   130.000    -30.000      0.060     13.245      1.157    -79.985
   135.000    -30.000      0.000      0.000      0.000      0.000
   140.000    -30.000      0.000      0.000      0.000      0.000
   145.000    -30.000      0.000      0.000      0.000      0.000
   -25.000    -25.000      0.000      0.000      0.000      0.000
   -20.000    -25.000      0.000      0.000      0.000      0.000
   -15.000    -25.000      0.000      0.000      0.000      0.000
   -10.000    -25.000      0.000      0.000      2.769   -103.845
    -5.000    -25.000      0.000      0.000      4.857   -100.486
     0.000    -25.000      0.000      0.000      6.198    -97.921
     5.000    -25.000      0.000      0.000      6.840    -95.388
    10.000    -25.000      0.000      0.000      7.059    -91.357
    15.000    -25.000      0.000      0.000      7.485    -86.348
    20.000    -25.000      0.000      0.000      8.127    -86.907
    25.000    -25.000      0.000      0.000      9.478    -89.697
    30.000    -25.000      0.000      0.000     10.402    -94.205
    35.000    -25.000      0.000      0.000     11.776    -96.527
    40.000    -25.000      0.000      0.000     12.693    -98.830
    45.000    -25.000      0.000      0.000     13.709   -100.510
    50.000    -25.000      0.047     77.649     14.014   -103.705
    55.000    -25.000      0.138     -9.222     14.180   -104.750
    60.000    -25.000      0.225    -16.252     14.485   -105.187
    65.000    -25.000      0.261    -16.133     14.631   -103.247
    70.000    -25.000      0.269    -12.136     13.911   -100.049
    75.000    -25.000      0.266     -5.514     12.356    -95.109
    80.000    -25.000      0.255      1.156     10.965    -91.241
    85.000    -25.000      0.237      6.388      8.543    -88.120
    90.000    -25.000      0.223     11.199      6.406    -84.076
    95.000    -25.000      0.207     12.968      4.931    -79.156
   100.000    -25.000      0.186      9.052      3.796    -76.647
   105.000    -25.000      0.162     -0.073      3.254    -78.006
   110.000    -25.000      0.144    -15.326      2.968    -76.144
   115.000    -25.000      0.130    -26.432      3.121    -80.277
   120.000    -25.000      0.110    -22.564      2.868    -84.418
   125.000    -25.000      0.087     -0.296      2.049    -87.277
   130.000    -25.000      0.079     23.909      0.752    -84.341
   135.000    -25.000      0.000      0.000      0.000      0.000
   140.000    -25.000      0.000      0.000      0.000      0.000
   145.000    -25.000      0.000      0.000      0.000      0.000
   -25.000    -20.000      0.000      0.000      0.000      0.000
   -20.000    -20.000      0.000      0.000      0.000      0.000
   -15.000    -20.000      0.000      0.000      0.000      0.000
   -10.000    -20.000      0.000      0.000      2.608   -103.306
    -5.000    -20.000      0.000      0.000      4.723   -102.036
     0.000    -20.000      0.000      0.000      5.920    -98.247
     5.000    -20.000      0.000      0.000      6.569    -93.250
    10.000    -20.000      0.000      0.000      7.119    -87.609
    15.000    -20.000      0.000      0.000      8.009    -82.414
    20.000    -20.000      0.000      0.000      8.818    -81.577
    25.000    -20.000      0.000      0.000     10.678    -84.840
    30.000    -20.000      0.000      0.000     12.457    -88.974
    35.000    -20.000      0.000      0.000     14.078    -92.152
    40.000    -20.000      0.000      0.000     15.146    -95.830
    45.000    -20.000      0.000      0.000     16.147    -96.578
    50.000    -20.000      0.040     66.894     16.821    -99.312
    55.000    -20.000      0.152     27.919     16.733   -101.627
    60.000    -20.000      0.212     12.022     16.404   -103.813
    65.000    -20.000      0.240      9.262     16.285   -104.261
    70.000    -20.000      0.248     14.574     15.588   -103.120
    75.000    -20.000      0.247     20.228     14.004   -100.675
    80.000    -20.000      0.233     27.594     11.813    -96.579
    85.000    -20.000      0.195     34.263      9.489    -92.960
    90.000    -20.000      0.153     43.233      7.087    -88.400
    95.000    -20.000      0.097     48.884      4.919    -80.685
   100.000    -20.000      0.032     41.951      3.348    -78.269
   105.000    -20.000      0.034   -113.973      3.001    -83.799
   110.000    -20.000      0.066   -120.788      3.169    -87.350
   115.000    -20.000      0.073   -110.237      3.163    -87.960
   120.000    -20.000      0.062    -77.452      2.873    -91.082
   125.000    -20.000      0.060    -25.606      1.963   -101.451
   130.000    -20.000      0.066      7.552      0.907   -107.964
   135.000    -20.000      0.000      0.000      0.000      0.000
   140.000    -20.000      0.000      0.000      0.000      0.000
   145.000    -20.000      0.000      0.000      0.000      0.000
   -25.000    -15.000      0.000      0.000      0.000      0.000
   -20.000    -15.000      0.000      0.000      0.000      0.000
   -15.000    -15.000      0.000      0.000      0.000      0.000
   -10.000    -15.000      0.000      0.000      2.535    -97.130
    -5.000    -15.000      0.000      0.000      4.493    -97.417
     0.000    -15.000      0.000      0.000      5.602    -93.632
     5.000    -15.000      0.000      0.000      6.340    -87.723
    10.000    -15.000      0.000      0.000      6.972    -81.466
    15.000    -15.000      0.000      0.000      8.158    -77.448
    20.000    -15.000      0.000      0.000      9.408    -75.261
    25.000    -15.000      0.000      0.000     10.948    -78.449
    30.000    -15.000      0.000      0.000     13.080    -83.213
    35.000    -15.000      0.000      0.000     15.253    -88.600
    40.000    -15.000      0.000      0.000     16.414    -93.879
    45.000    -15.000      0.000      0.000     17.722    -95.377
    50.000    -15.000      0.000      0.000     18.472    -97.597
    55.000    -15.000      0.060     49.392     18.816   -100.213
    60.000    -15.000      0.178     33.667     17.747   -102.639
    65.000    -15.000      0.256     34.786     16.992   -104.760
    70.000    -15.000      0.278     37.027     16.159   -104.355
    75.000    -15.000      0.269     42.275     14.396   -104.114
    80.000    -15.000      0.239     50.627     12.195   -101.924
    85.000    -15.000      0.182     61.872      9.785    -98.433
    90.000    -15.000      0.129     85.081      7.169    -92.119
    95.000    -15.000      0.104    125.553      4.423    -81.185
   100.000    -15.000      0.118    165.842      2.498    -76.195
   105.000    -15.000      0.137   -170.787      2.043    -88.324
   110.000    -15.000      0.153   -155.550      2.665    -96.981
   115.000    -15.000      0.164   -144.676      2.840    -98.043
   120.000    -15.000      0.133   -136.100      2.487   -100.528
   125.000    -15.000      0.086   -112.337      1.698   -112.820
   130.000    -15.000      0.054    -70.984      0.949   -121.655
   135.000    -15.000      0.000      0.000      0.000      0.000
   140.000    -15.000      0.000      0.000      0.000      0.000
   145.000    -15.000      0.000      0.000      0.000      0.000
   -25.000    -10.000      0.000      0.000      0.000      0.000
   -20.000    -10.000      0.000      0.000      0.000      0.000
   -15.000    -10.000      0.000      0.000      0.000      0.000
   -10.000    -10.000      0.000      0.000      2.079    -95.359
    -5.000    -10.000      0.000      0.000      2.933    -86.138
     0.000    -10.000      0.000      0.000      4.098    -78.366
     5.000    -10.000      0.000      0.000      5.289    -71.910
    10.000    -10.000      0.000      0.000      6.530    -68.204
    15.000    -10.000      0.000      0.000      7.473    -67.900
    20.000    -10.000      0.000      0.000      9.024    -68.671
    25.000    -10.000      0.000      0.000     10.965    -73.195
    30.000    -10.000      0.000      0.000     12.600    -77.971
    35.000    -10.000      0.000      0.000     14.919    -84.562
    40.000    -10.000      0.000      0.000     16.841    -91.904
    45.000    -10.000      0.000      0.000     18.246    -94.727
    50.000    -10.000      0.000      0.000     19.064    -96.358
    55.000    -10.000      0.055     15.832     19.092    -98.876
    60.000    -10.000      0.132     44.021     18.093   -101.420
    65.000    -10.000      0.220     49.928     16.516   -104.417
    70.000    -10.000      0.268     53.182     15.468   -106.470
    75.000    -10.000      0.276     58.028     13.841   -107.509
    80.000    -10.000      0.243     67.240     11.964   -106.727
    85.000    -10.000      0.192     84.150      9.453   -102.712
    90.000    -10.000      0.167    110.096      6.600    -96.284
    95.000    -10.000      0.167    135.988      3.943    -85.215
   100.000    -10.000      0.185    160.636      2.115    -72.867
   105.000    -10.000      0.218    179.438      1.254    -80.780
   110.000    -10.000      0.241   -169.028      1.980   -103.064
   115.000    -10.000      0.240   -160.274      2.515   -108.381
   120.000    -10.000      0.216   -152.109      2.131   -113.024
   125.000    -10.000      0.179   -138.628      1.605   -119.299
   130.000    -10.000      0.118   -124.092      0.976   -120.293
   135.000    -10.000      0.000      0.000      0.000      0.000
   140.000    -10.000      0.000      0.000      0.000      0.000
   145.000    -10.000      0.000      0.000      0.000      0.000
   -25.000     -5.000      0.000      0.000      0.000      0.000
   -20.000     -5.000      0.000      0.000      0.000      0.000
   -15.000     -5.000      0.000      0.000      0.000      0.000
   -10.000     -5.000      0.000      0.000      1.148    -69.329
    -5.000     -5.000      0.000      0.000      1.877    -57.714
     0.000     -5.000      0.000      0.000      2.902    -49.214
     5.000     -5.000      0.000      0.000      4.061    -46.702
    10.000     -5.000      0.000      0.000      5.645    -52.087
    15.000     -5.000      0.000      0.000      7.226    -55.305
    20.000     -5.000      0.000      0.000      8.573    -60.021
    25.000     -5.000      0.000      0.000     10.501    -69.138
    30.000     -5.000      0.000      0.000     12.095    -74.943
    35.000     -5.000      0.000      0.000     13.568    -82.623
    40.000     -5.000      0.000      0.000     15.404    -90.215
    45.000     -5.000      0.000      0.000     17.137    -94.537
    50.000     -5.000      0.000      0.000     17.962    -96.505
    55.000     -5.000      0.016    -25.874     17.683    -97.870
    60.000     -5.000      0.046     44.254     16.720   -100.969
    65.000     -5.000      0.164     59.526     15.223   -104.110
    70.000     -5.000      0.230     66.746     13.940   -107.059
    75.000     -5.000      0.255     72.973     12.334   -110.103
    80.000     -5.000      0.248     80.633     10.544   -110.253
    85.000     -5.000      0.218     93.121      8.576   -106.962
    90.000     -5.000      0.192    116.216      6.058   -101.830
    95.000     -5.000      0.193    142.112      3.641    -93.425
   100.000     -5.000      0.217    163.580      1.684    -76.550
   105.000     -5.000      0.252    178.306      0.900    -72.031
   110.000     -5.000      0.279   -172.482      0.963   -109.428
   115.000     -5.000      0.296   -165.774      1.679   -122.572
   120.000     -5.000      0.288   -162.061      1.554   -131.239
   125.000     -5.000      0.248   -158.519      1.457   -128.472
   130.000     -5.000      0.165   -154.988      0.987   -123.805
   135.000     -5.000      0.000      0.000      0.000      0.000
   140.000     -5.000      0.000      0.000      0.000      0.000
   145.000     -5.000      0.000      0.000      0.000      0.000
   -25.000      0.000      0.000      0.000      0.000      0.000
   -20.000      0.000      0.000      0.000      0.000      0.000
   -15.000      0.000      0.000      0.000      0.000      0.000
   -10.000      0.000      0.000      0.000      0.537    -15.928
    -5.000      0.000      0.000      0.000      1.410    -21.236
     0.000      0.000      0.000      0.000      2.601    -14.314
     5.000      0.000      0.000      0.000      3.754    -17.189
    10.000      0.000      0.000      0.000      4.502    -31.656
    15.000      0.000      0.000      0.000      6.012    -44.273
    20.000      0.000      0.000      0.000      7.361    -54.236
    25.000      0.000      0.000      0.000      9.081    -67.371
    30.000      0.000      0.000      0.000     10.453    -75.020
    35.000      0.000      0.000      0.000     11.257    -81.370
    40.000      0.000      0.000      0.000     12.757    -88.234
    45.000      0.000      0.000      0.000     14.521    -93.854
    50.000      0.000      0.000      0.000     15.315    -96.519
    55.000      0.000      0.017    -15.477     14.937    -98.146
    60.000      0.000      0.053     46.559     13.913   -100.385
    65.000      0.000      0.142     65.165     12.671   -103.948
    70.000      0.000      0.203     70.869     11.305   -107.747
    75.000      0.000      0.229     76.897      9.961   -111.783
    80.000      0.000      0.214     86.842      8.776   -112.808
    85.000      0.000      0.193    100.917      7.266   -111.339
    90.000      0.000      0.182    120.617      5.059   -107.735
    95.000      0.000      0.189    142.916      3.052   -103.451
   100.000      0.000      0.215    161.715      1.492    -91.806
   105.000      0.000      0.252    173.911      0.896    -85.637
   110.000      0.000      0.284   -177.689      0.673   -111.625
   115.000      0.000      0.318   -171.727      1.284   -133.770
   120.000      0.000      0.335   -168.316      1.433   -144.100
   125.000      0.000      0.307   -167.143      1.212   -149.726
   130.000      0.000      0.211   -166.210      0.779   -147.230
   135.000      0.000      0.000      0.000      0.000      0.000
   140.000      0.000      0.000      0.000      0.000      0.000
   145.000      0.000      0.000      0.000      0.000      0.000
   -25.000      5.000      0.000      0.000      0.000      0.000
   -20.000      5.000      0.000      0.000      0.000      0.000
   -15.000      5.000      0.000      0.000      0.000      0.000
   -10.000      5.000      0.000      0.000      0.333      8.175
    -5.000      5.000      0.000      0.000      1.585     13.038
     0.000      5.000      0.000      0.000      2.636     10.222
     5.000      5.000      0.000      0.000      3.309      3.648
    10.000      5.000      0.000      0.000      3.590    -12.270
    15.000      5.000      0.000      0.000      4.699    -40.823
    20.000      5.000      0.000      0.000      5.844    -52.623
    25.000      5.000      0.000      0.000      6.764    -64.116
    30.000      5.000      0.000      0.000      7.485    -74.419
    35.000      5.000      0.000      0.000      8.280    -81.293
    40.000      5.000      0.000      0.000      9.264    -87.722
    45.000      5.000      0.000      0.000     10.623    -93.699
    50.000      5.000      0.000      0.000     11.259    -97.423
    55.000      5.000      0.019     30.566     10.970    -99.285
    60.000      5.000      0.077     36.799     10.045    -99.976
    65.000      5.000      0.132     55.371      9.111   -103.428
    70.000      5.000      0.162     65.159      7.809   -108.435
    75.000      5.000      0.165     73.908      7.045   -111.860
    80.000      5.000      0.159     86.949      6.153   -113.876
    85.000      5.000      0.158    103.656      5.165   -115.382
    90.000      5.000      0.162    123.000      3.736   -113.273
    95.000      5.000      0.176    140.758      2.117   -113.018
   100.000      5.000      0.204    158.729      1.014   -110.045
   105.000      5.000      0.244    172.240      0.539   -111.150
   110.000      5.000      0.278   -178.509      0.299   -112.734
   115.000      5.000      0.298   -174.120      0.550   -163.993
   120.000      5.000      0.288   -172.298      1.025   -146.587
   125.000      5.000      0.235   -174.467      0.900   -153.845
   130.000      5.000      0.143   -177.682      0.625   -160.888
   135.000      5.000      0.000      0.000      0.000      0.000
   140.000      5.000      0.000      0.000      0.000      0.000
   145.000      5.000      0.000      0.000      0.000      0.000
   -25.000     10.000      0.000      0.000      0.000      0.000
   -20.000     10.000      0.000      0.000      0.000      0.000
   -15.000     10.000      0.000      0.000      0.000      0.000
   -10.000     10.000      0.000      0.000      0.281    -38.493
    -5.000     10.000      0.000      0.000      0.960     15.312
     0.000     10.000      0.000      0.000      1.557     12.087
     5.000     10.000      0.000      0.000      1.892      7.196
    10.000     10.000      0.000      0.000      2.115      0.678
    15.000     10.000      0.000      0.000      2.668    -39.581
    20.000     10.000      0.000      0.000      3.364    -52.025
    25.000     10.000      0.000      0.000      3.651    -62.542
    30.000     10.000      0.000      0.000      4.295    -74.514
    35.000     10.000      0.000      0.000      4.622    -80.222
    40.000     10.000      0.000      0.000      5.114    -87.506
    45.000     10.000      0.000      0.000      5.564    -93.108
    50.000     10.000      0.000      0.000      5.794    -97.584
    55.000     10.000      0.095     66.863      5.787    -99.896
    60.000     10.000      0.089     57.485      5.436   -100.739
    65.000     10.000      0.103     58.438      4.736   -104.241
    70.000     10.000      0.117     68.246      3.981   -109.127
    75.000     10.000      0.134     76.339      3.644   -111.978
    80.000     10.000      0.135     85.128      3.025   -114.950
    85.000     10.000      0.129    100.667      2.536   -117.064
    90.000     10.000      0.135    120.368      2.304   -114.902
    95.000     10.000      0.143    142.096      1.337   -109.234
   100.000     10.000      0.160    160.763      0.737   -109.434
   105.000     10.000      0.172    172.924      0.243   -123.956
   110.000     10.000      0.173   -178.229      0.145   -153.349
   115.000     10.000      0.167   -171.070      0.234    125.649
   120.000     10.000      0.148   -169.541      0.389   -153.465
   125.000     10.000      0.106   -170.005      0.459   -170.354
   130.000     10.000      0.046   -175.588      0.298   -155.958
   135.000     10.000      0.000      0.000      0.000      0.000
   140.000     10.000      0.000      0.000      0.000      0.000
   145.000     10.000      0.000      0.000      0.000      0.000
   -25.000     15.000      0.000      0.000      0.000      0.000
   -20.000     15.000      0.000      0.000      0.000      0.000
   -15.000     15.000      0.000      0.000      0.000      0.000
   -10.000     15.000      0.000      0.000      0.000      0.000
    -5.000     15.000      0.000      0.000      0.000      0.000
     0.000     15.000      0.000      0.000      0.000      0.000
     5.000     15.000      0.000      0.000      0.000      0.000
    10.000     15.000      0.000      0.000      0.000      0.000
    15.000     15.000      0.000      0.000      0.000      0.000
    20.000     15.000      0.000      0.000      0.000      0.000
    25.000     15.000      0.000      0.000      0.000      0.000
    30.000     15.000      0.000      0.000      0.000      0.000
    35.000     15.000      0.000      0.000      0.000      0.000
    40.000     15.000      0.000      0.000      0.000      0.000
    45.000     15.000      0.000      0.000      0.000      0.000
    50.000     15.000      0.000      0.000      0.000      0.000
    55.000     15.000      0.000      0.000      0.000      0.000
    60.000     15.000      0.000      0.000      0.000      0.000
    65.000     15.000      0.000      0.000      0.000      0.000
    70.000     15.000      0.000      0.000      0.000      0.000
    75.000     15.000      0.000      0.000      0.000      0.000
    80.000     15.000      0.000      0.000      0.000      0.000
    85.000     15.000      0.000      0.000      0.000      0.000
    90.000     15.000      0.000      0.000      0.000      0.000
    95.000     15.000      0.000      0.000      0.000      0.000
   100.000     15.000      0.000      0.000      0.000      0.000
   105.000     15.000      0.000      0.000      0.000      0.000
   110.000     15.000      0.000      0.000      0.000      0.000
   115.000     15.000      0.000      0.000      0.000      0.000
   120.000     15.000      0.000      0.000      0.000      0.000
   125.000     15.000      0.000      0.000      0.000      0.000
   130.000     15.000      0.000      0.000      0.000      0.000
   135.000     15.000      0.000      0.000      0.000      0.000
   140.000     15.000      0.000      0.000      0.000      0.000
   145.000     15.000      0.000      0.000      0.000      0.000
   -25.000     20.000      0.000      0.000      0.000      0.000
   -20.000     20.000      0.000      0.000      0.000      0.000
   -15.000     20.000      0.000      0.000      0.000      0.000
   -10.000     20.000      0.000      0.000      0.000      0.000
    -5.000     20.000      0.000      0.000      0.000      0.000
     0.000     20.000      0.000      0.000      0.000      0.000
     5.000     20.000      0.000      0.000      0.000      0.000
    10.000     20.000      0.000      0.000      0.000      0.000
    15.000     20.000      0.000      0.000      0.000      0.000
    20.000     20.000      0.000      0.000      0.000      0.000
    25.000     20.000      0.000      0.000      0.000      0.000
    30.000     20.000      0.000      0.000      0.000      0.000
    35.000     20.000      0.000      0.000      0.000      0.000
    40.000     20.000      0.000      0.000      0.000      0.000
    45.000     20.000      0.000      0.000      0.000      0.000
    50.000     20.000      0.000      0.000      0.000      0.000
    55.000     20.000      0.000      0.000      0.000      0.000
    60.000     20.000      0.000      0.000      0.000      0.000
    65.000     20.000      0.000      0.000      0.000      0.000
    70.000     20.000      0.000      0.000      0.000      0.000
    75.000     20.000      0.000      0.000      0.000      0.000
    80.000     20.000      0.000      0.000      0.000      0.000
    85.000     20.000      0.000      0.000      0.000      0.000
    90.000     20.000      0.000      0.000      0.000      0.000
    95.000     20.000      0.000      0.000      0.000      0.000
   100.000     20.000      0.000      0.000      0.000      0.000
   105.000     20.000      0.000      0.000      0.000      0.000
   110.000     20.000      0.000      0.000      0.000      0.000
   115.000     20.000      0.000      0.000      0.000      0.000
   120.000     20.000      0.000      0.000      0.000      0.000
   125.000     20.000      0.000      0.000      0.000      0.000
   130.000     20.000      0.000      0.000      0.000      0.000
   135.000     20.000      0.000      0.000      0.000      0.000
   140.000     20.000      0.000      0.000      0.000      0.000
   145.000     20.000      0.000      0.000      0.000      0.000
   -25.000     25.000      0.000      0.000      0.000      0.000
   -20.000     25.000      0.000      0.000      0.000      0.000
   -15.000     25.000      0.000      0.000      0.000      0.000
   -10.000     25.000      0.000      0.000      0.000      0.000
    -5.000     25.000      0.000      0.000      0.000      0.000
     0.000     25.000      0.000      0.000      0.000      0.000
     5.000     25.000      0.000      0.000      0.000      0.000
    10.000     25.000      0.000      0.000      0.000      0.000
    15.000     25.000      0.000      0.000      0.000      0.000
    20.000     25.000      0.000      0.000      0.000      0.000
    25.000     25.000      0.000      0.000      0.000      0.000
    30.000     25.000      0.000      0.000      0.000      0.000
    35.000     25.000      0.000      0.000      0.000      0.000
    40.000     25.000      0.000      0.000      0.000      0.000
    45.000     25.000      0.000      0.000      0.000      0.000
    50.000     25.000      0.000      0.000      0.000      0.000
    55.000     25.000      0.000      0.000      0.000      0.000
    60.000     25.000      0.000      0.000      0.000      0.000
    65.000     25.000      0.000      0.000      0.000      0.000
    70.000     25.000      0.000      0.000      0.000      0.000
    75.000     25.000      0.000      0.000      0.000      0.000
    80.000     25.000      0.000      0.000      0.000      0.000
    85.000     25.000      0.000      0.000      0.000      0.000
    90.000     25.000      0.000      0.000      0.000      0.000
    95.000     25.000      0.000      0.000      0.000      0.000
   100.000     25.000      0.000      0.000      0.000      0.000
   105.000     25.000      0.000      0.000      0.000      0.000
   110.000     25.000      0.000      0.000      0.000      0.000
   115.000     25.000      0.000      0.000      0.000      0.000
   120.000     25.000      0.000      0.000      0.000      0.000
   125.000     25.000      0.000      0.000      0.000      0.000
   130.000     25.000      0.000      0.000      0.000      0.000
   135.000     25.000      0.000      0.000      0.000      0.000
   140.000     25.000      0.000      0.000      0.000      0.000
   145.000     25.000      0.000      0.000      0.000      0.000
