   -25.000    -65.000      0.000      0.000      0.000      0.000
   -20.000    -65.000      0.000      0.000      0.000      0.000
   -15.000    -65.000      0.000      0.000      0.000      0.000
   -10.000    -65.000      0.000      0.000      0.000      0.000
    -5.000    -65.000      0.000      0.000      0.000      0.000
     0.000    -65.000      0.000      0.000      0.000      0.000
     5.000    -65.000      0.000      0.000      0.000      0.000
    10.000    -65.000      0.000      0.000      0.000      0.000
    15.000    -65.000      0.000      0.000      0.000      0.000
    20.000    -65.000      0.000      0.000      0.000      0.000
    25.000    -65.000      0.000      0.000      0.000      0.000
    30.000    -65.000      0.000      0.000      0.000      0.000
    35.000    -65.000      0.000      0.000      0.000      0.000
    40.000    -65.000      0.000      0.000      0.000      0.000
    45.000    -65.000      0.000      0.000      0.000      0.000
    50.000    -65.000      0.000      0.000      0.000      0.000
    55.000    -65.000      0.000      0.000      0.000      0.000
    60.000    -65.000      0.000      0.000      0.000      0.000
    65.000    -65.000      0.000      0.000      0.000      0.000
    70.000    -65.000      0.000      0.000      0.000      0.000
    75.000    -65.000      0.000      0.000      0.000      0.000
    80.000    -65.000      0.000      0.000      0.000      0.000
    85.000    -65.000      0.000      0.000      0.000      0.000
    90.000    -65.000      0.000      0.000      0.000      0.000
    95.000    -65.000      0.000      0.000      0.000      0.000
   100.000    -65.000      0.000      0.000      0.000      0.000
   105.000    -65.000      0.000      0.000      0.000      0.000
   110.000    -65.000      0.000      0.000      0.000      0.000
   115.000    -65.000      0.000      0.000      0.000      0.000
   120.000    -65.000      0.000      0.000      0.000      0.000
   125.000    -65.000      0.000      0.000      0.000      0.000
   130.000    -65.000      0.000      0.000      0.000      0.000
   135.000    -65.000      0.000      0.000      0.000      0.000
   140.000    -65.000      0.000      0.000      0.000      0.000
   145.000    -65.000      0.000      0.000      0.000      0.000
   -25.000    -60.000      0.000      0.000      0.000      0.000
   -20.000    -60.000      0.000      0.000      0.000      0.000
   -15.000    -60.000      0.000      0.000      0.000      0.000
   -10.000    -60.000      0.000      0.000      0.000      0.000
    -5.000    -60.000      0.000      0.000      0.000      0.000
     0.000    -60.000      0.000      0.000      0.000      0.000
     5.000    -60.000      0.000      0.000      0.000      0.000
    10.000    -60.000      0.000      0.000      0.000      0.000
    15.000    -60.000      0.000      0.000      0.000      0.000
    20.000    -60.000      0.000      0.000      0.000      0.000
    25.000    -60.000      0.000      0.000      0.000      0.000
    30.000    -60.000      0.000      0.000      0.000      0.000
    35.000    -60.000      0.000      0.000      0.000      0.000
    40.000    -60.000      0.000      0.000      0.000      0.000
    45.000    -60.000      0.000      0.000      0.000      0.000
    50.000    -60.000      0.000      0.000      0.000      0.000
    55.000    -60.000      0.000      0.000      0.000      0.000
    60.000    -60.000      0.000      0.000      0.000      0.000
    65.000    -60.000      0.000      0.000      0.000      0.000
    70.000    -60.000      0.000      0.000      0.000      0.000
    75.000    -60.000      0.000      0.000      0.000      0.000
    80.000    -60.000      0.000      0.000      0.000      0.000
    85.000    -60.000      0.000      0.000      0.000      0.000
    90.000    -60.000      0.000      0.000      0.000      0.000
    95.000    -60.000      0.000      0.000      0.000      0.000
   100.000    -60.000      0.000      0.000      0.000      0.000
   105.000    -60.000      0.000      0.000      0.000      0.000
   110.000    -60.000      0.000      0.000      0.000      0.000
   115.000    -60.000      0.000      0.000      0.000      0.000
   120.000    -60.000      0.000      0.000      0.000      0.000
   125.000    -60.000      0.000      0.000      0.000      0.000
   130.000    -60.000      0.000      0.000      0.000      0.000
   135.000    -60.000      0.000      0.000      0.000      0.000
   140.000    -60.000      0.000      0.000      0.000      0.000
   145.000    -60.000      0.000      0.000      0.000      0.000
   -25.000    -55.000      0.000      0.000      0.000      0.000
   -20.000    -55.000      0.000      0.000      0.000      0.000
   -15.000    -55.000      0.000      0.000      0.000      0.000
   -10.000    -55.000      0.000      0.000      0.000      0.000
    -5.000    -55.000      0.000      0.000      0.000      0.000
     0.000    -55.000      0.000      0.000      0.000      0.000
     5.000    -55.000      0.000      0.000      0.000      0.000
    10.000    -55.000      0.000      0.000      0.000      0.000
    15.000    -55.000      0.000      0.000      0.000      0.000
    20.000    -55.000      0.000      0.000      0.000      0.000
    25.000    -55.000      0.000      0.000      0.000      0.000
    30.000    -55.000      0.000      0.000      0.000      0.000
    35.000    -55.000      0.000      0.000      0.000      0.000
    40.000    -55.000      0.000      0.000      0.000      0.000
    45.000    -55.000      0.000      0.000      0.000      0.000
    50.000    -55.000      0.000      0.000      0.000      0.000
    55.000    -55.000      0.000      0.000      0.000      0.000
    60.000    -55.000      0.000      0.000      0.000      0.000
    65.000    -55.000      0.000      0.000      0.000      0.000
    70.000    -55.000      0.000      0.000      0.000      0.000
    75.000    -55.000      0.000      0.000      0.000      0.000
    80.000    -55.000      0.000      0.000      0.000      0.000
    85.000    -55.000      0.000      0.000      0.000      0.000
    90.000    -55.000      0.000      0.000      0.000      0.000
    95.000    -55.000      0.000      0.000      0.000      0.000
   100.000    -55.000      0.000      0.000      0.000      0.000
   105.000    -55.000      0.000      0.000      0.000      0.000
   110.000    -55.000      0.000      0.000      0.000      0.000
   115.000    -55.000      0.000      0.000      0.000      0.000
   120.000    -55.000      0.000      0.000      0.000      0.000
   125.000    -55.000      0.000      0.000      0.000      0.000
   130.000    -55.000      0.000      0.000      0.000      0.000
   135.000    -55.000      0.000      0.000      0.000      0.000
   140.000    -55.000      0.000      0.000      0.000      0.000
   145.000    -55.000      0.000      0.000      0.000      0.000
   -25.000    -50.000      0.000      0.000      0.000      0.000
   -20.000    -50.000      0.000      0.000      0.000      0.000
   -15.000    -50.000      0.000      0.000      0.000      0.000
   -10.000    -50.000      0.030    140.972      0.519     90.407
    -5.000    -50.000      0.037     96.253      1.074     84.839
     0.000    -50.000      0.093     43.970      1.574     75.068
     5.000    -50.000      0.141     31.886      1.883     65.552
    10.000    -50.000      0.145     18.897      1.948     57.829
    15.000    -50.000      0.129     -3.252      1.680     53.132
    20.000    -50.000      0.131     11.078      1.595     65.726
    25.000    -50.000      0.133     33.140      1.264     77.600
    30.000    -50.000      0.083     19.088      0.431    106.068
    35.000    -50.000      0.074    -41.739      0.574   -158.280
    40.000    -50.000      0.176    -70.997      1.058   -136.768
    45.000    -50.000      0.269    -72.041      1.287   -140.335
    50.000    -50.000      0.338    -69.292      1.632   -136.283
    55.000    -50.000      0.389    -65.972      1.706   -120.734
    60.000    -50.000      0.419    -62.620      1.617   -114.274
    65.000    -50.000      0.435    -58.769      1.782    -98.109
    70.000    -50.000      0.439    -56.016      2.140    -93.141
    75.000    -50.000      0.417    -53.727      1.875    -87.799
    80.000    -50.000      0.377    -51.668      1.978    -88.891
    85.000    -50.000      0.329    -49.770      1.543    -82.882
    90.000    -50.000      0.284    -48.322      1.181    -69.051
    95.000    -50.000      0.242    -48.377      1.253    -70.863
   100.000    -50.000      0.208    -51.170      1.170    -82.488
   105.000    -50.000      0.194    -57.268      0.657    -75.015
   110.000    -50.000      0.191    -62.554      0.639    -70.106
   115.000    -50.000      0.174    -65.787      0.823    -64.148
   120.000    -50.000      0.138    -70.100      1.157    -67.634
   125.000    -50.000      0.093    -74.228      1.146    -67.446
   130.000    -50.000      0.043    -69.134      0.404    -53.691
   135.000    -50.000      0.000      0.000      0.000      0.000
   140.000    -50.000      0.000      0.000      0.000      0.000
   145.000    -50.000      0.000      0.000      0.000      0.000
   -25.000    -45.000      0.000      0.000      0.000      0.000
   -20.000    -45.000      0.000      0.000      0.000      0.000
   -15.000    -45.000      0.000      0.000      0.000      0.000
   -10.000    -45.000      0.002     59.170      0.892    102.990
    -5.000    -45.000      0.003   -115.992      1.111     98.381
     0.000    -45.000      0.009   -122.125      1.180     81.835
     5.000    -45.000      0.011   -129.706      1.292     67.824
    10.000    -45.000      0.010   -123.317      1.183     54.477
    15.000    -45.000      0.009    -98.892      0.960     44.694
    20.000    -45.000      0.088   -121.682      1.125     60.522
    25.000    -45.000      0.089    115.576      0.709     78.541
    30.000    -45.000      0.065    135.298      0.556   -167.099
    35.000    -45.000      0.058   -136.321      1.470   -141.189
    40.000    -45.000      0.250    -91.240      2.170   -126.974
    45.000    -45.000      0.400    -80.783      2.810   -126.639
    50.000    -45.000      0.487    -72.396      3.390   -127.678
    55.000    -45.000      0.554    -65.604      3.243   -125.415
    60.000    -45.000      0.603    -61.460      3.285   -113.846
    65.000    -45.000      0.623    -58.949      3.763    -99.910
    70.000    -45.000      0.615    -55.519      3.808    -90.489
    75.000    -45.000      0.595    -51.999      3.586    -84.453
    80.000    -45.000      0.554    -48.268      3.700    -85.035
    85.000    -45.000      0.509    -45.788      2.965    -84.162
    90.000    -45.000      0.464    -43.794      2.213    -75.676
    95.000    -45.000      0.418    -41.475      1.919    -64.854
   100.000    -45.000      0.369    -40.566      1.773    -72.619
   105.000    -45.000      0.333    -41.444      1.361    -72.263
   110.000    -45.000      0.310    -43.752      1.277    -72.738
   115.000    -45.000      0.297    -45.923      1.547    -70.341
   120.000    -45.000      0.261    -46.364      2.222    -69.132
   125.000    -45.000      0.191    -43.910      2.000    -61.671
   130.000    -45.000      0.100    -35.406      0.961    -57.380
   135.000    -45.000      0.000      0.000      0.000      0.000
   140.000    -45.000      0.000      0.000      0.000      0.000
   145.000    -45.000      0.000      0.000      0.000      0.000
   -25.000    -40.000      0.000      0.000      0.000      0.000
   -20.000    -40.000      0.000      0.000      0.000      0.000
   -15.000    -40.000      0.000      0.000      0.000      0.000
   -10.000    -40.000      0.000      0.000      0.323    116.402
    -5.000    -40.000      0.000      0.000      0.382     71.229
     0.000    -40.000      0.000      0.000      0.566     41.146
     5.000    -40.000      0.000      0.000      0.689     17.040
    10.000    -40.000      0.000      0.000      0.657    -16.987
    15.000    -40.000      0.000      0.000      1.210    -77.598
    20.000    -40.000      0.000      0.000      1.414    -79.918
    25.000    -40.000      0.002    119.209      1.390    -89.682
    30.000    -40.000      0.028   -115.186      2.064   -107.409
    35.000    -40.000      0.092   -163.931      2.820   -123.015
    40.000    -40.000      0.222   -107.528      3.629   -122.276
    45.000    -40.000      0.337    -85.459      4.856   -118.088
    50.000    -40.000      0.435    -74.458      5.444   -120.776
    55.000    -40.000      0.517    -66.577      5.355   -119.073
    60.000    -40.000      0.573    -60.303      5.572   -111.669
    65.000    -40.000      0.604    -55.380      5.939   -101.760
    70.000    -40.000      0.607    -51.040      5.731    -92.115
    75.000    -40.000      0.597    -47.313      5.229    -85.158
    80.000    -40.000      0.568    -43.863      5.081    -83.002
    85.000    -40.000      0.541    -41.337      4.175    -82.728
    90.000    -40.000      0.507    -38.457      3.252    -78.956
    95.000    -40.000      0.475    -36.479      2.750    -72.311
   100.000    -40.000      0.443    -34.432      2.265    -71.452
   105.000    -40.000      0.417    -33.161      1.753    -70.524
   110.000    -40.000      0.381    -32.846      1.902    -74.114
   115.000    -40.000      0.345    -32.657      2.159    -75.845
   120.000    -40.000      0.304    -31.975      2.687    -73.858
   125.000    -40.000      0.248    -32.235      2.507    -68.804
   130.000    -40.000      0.149    -34.270      1.265    -59.602
   135.000    -40.000      0.000      0.000      0.000      0.000
   140.000    -40.000      0.000      0.000      0.000      0.000
   145.000    -40.000      0.000      0.000      0.000      0.000
   -25.000    -35.000      0.000      0.000      0.000      0.000
   -20.000    -35.000      0.000      0.000      0.000      0.000
   -15.000    -35.000      0.000      0.000      0.000      0.000
   -10.000    -35.000      0.000      0.000      1.133    -98.101
    -5.000    -35.000      0.000      0.000      1.821    -85.287
     0.000    -35.000      0.000      0.000      2.347    -80.695
     5.000    -35.000      0.000      0.000      2.731    -80.109
    10.000    -35.000      0.000      0.000      2.925    -80.986
    15.000    -35.000      0.000      0.000      3.117    -86.854
    20.000    -35.000      0.000      0.000      3.595    -87.585
    25.000    -35.000      0.000      0.000      3.738    -91.471
    30.000    -35.000      0.002    109.781      4.649    -98.393
    35.000    -35.000      0.095    155.616      5.588   -109.267
    40.000    -35.000      0.110   -168.049      6.241   -112.729
    45.000    -35.000      0.132    -96.998      7.224   -113.045
    50.000    -35.000      0.224    -72.154      8.125   -115.019
    55.000    -35.000      0.344    -60.083      8.211   -115.219
    60.000    -35.000      0.452    -54.957      8.401   -110.405
    65.000    -35.000      0.520    -51.711      8.548   -102.732
    70.000    -35.000      0.547    -47.733      8.147    -95.640
    75.000    -35.000      0.555    -44.028      7.555    -90.036
    80.000    -35.000      0.538    -40.423      6.815    -86.231
    85.000    -35.000      0.518    -37.629      5.457    -85.401
    90.000    -35.000      0.493    -35.166      4.424    -83.824
    95.000    -35.000      0.461    -33.389      3.798    -79.761
   100.000    -35.000      0.420    -31.763      3.089    -77.313
   105.000    -35.000      0.385    -30.754      2.131    -69.959
   110.000    -35.000      0.350    -28.935      2.231    -72.744
   115.000    -35.000      0.315    -28.398      2.594    -79.102
   120.000    -35.000      0.264    -29.439      2.844    -78.762
   125.000    -35.000      0.211    -32.666      2.379    -78.224
   130.000    -35.000      0.138    -33.896      1.203    -72.259
   135.000    -35.000      0.000      0.000      0.000      0.000
   140.000    -35.000      0.000      0.000      0.000      0.000
   145.000    -35.000      0.000      0.000      0.000      0.000
   -25.000    -30.000      0.000      0.000      0.000      0.000
   -20.000    -30.000      0.000      0.000      0.000      0.000
   -15.000    -30.000      0.000      0.000      0.000      0.000
   -10.000    -30.000      0.000      0.000      2.240    -97.400
    -5.000    -30.000      0.000      0.000      3.661    -93.646
     0.000    -30.000      0.000      0.000      4.609    -92.592
     5.000    -30.000      0.000      0.000      5.143    -91.447
    10.000    -30.000      0.000      0.000      5.389    -89.237
    15.000    -30.000      0.000      0.000      5.728    -87.867
    20.000    -30.000      0.000      0.000      6.339    -89.391
    25.000    -30.000      0.000      0.000      6.861    -92.814
    30.000    -30.000      0.000      0.000      7.588    -96.560
    35.000    -30.000      0.008   -156.048      8.519   -102.531
    40.000    -30.000      0.053    150.180      9.443   -105.885
    45.000    -30.000      0.017     16.572     10.366   -106.022
    50.000    -30.000      0.066    -19.503     10.828   -109.226
    55.000    -30.000      0.183    -33.084     11.328   -110.698
    60.000    -30.000      0.308    -37.732     11.669   -109.014
    65.000    -30.000      0.403    -38.491     11.665   -104.971
    70.000    -30.000      0.464    -37.123     10.897    -99.393
    75.000    -30.000      0.489    -35.859     10.153    -93.770
    80.000    -30.000      0.484    -35.019      8.850    -90.973
    85.000    -30.000      0.458    -35.517      6.789    -89.005
    90.000    -30.000      0.419    -36.026      5.428    -86.794
    95.000    -30.000      0.381    -37.866      4.280    -81.035
   100.000    -30.000      0.343    -38.630      3.582    -80.281
   105.000    -30.000      0.298    -39.731      2.801    -75.619
   110.000    -30.000      0.252    -42.021      2.505    -73.970
   115.000    -30.000      0.215    -43.327      2.890    -80.081
   120.000    -30.000      0.180    -43.955      2.988    -82.203
   125.000    -30.000      0.137    -43.419      2.403    -83.957
   130.000    -30.000      0.080    -44.988      1.172    -87.129
   135.000    -30.000      0.000      0.000      0.000      0.000
   140.000    -30.000      0.000      0.000      0.000      0.000
   145.000    -30.000      0.000      0.000      0.000      0.000
   -25.000    -25.000      0.000      0.000      0.000      0.000
   -20.000    -25.000      0.000      0.000      0.000      0.000
   -15.000    -25.000      0.000      0.000      0.000      0.000
   -10.000    -25.000      0.000      0.000      2.769   -103.845
    -5.000    -25.000      0.000      0.000      4.857   -100.486
     0.000    -25.000      0.000      0.000      6.198    -97.921
     5.000    -25.000      0.000      0.000      6.840    -95.388
    10.000    -25.000      0.000      0.000      7.059    -91.357
    15.000    -25.000      0.000      0.000      7.485    -86.348
    20.000    -25.000      0.000      0.000      8.127    -86.907
    25.000    -25.000      0.000      0.000      9.478    -89.697
    30.000    -25.000      0.000      0.000     10.402    -94.205
    35.000    -25.000      0.000      0.000     11.776    -96.527
    40.000    -25.000      0.007    103.634     12.693    -98.830
    45.000    -25.000      0.049     45.075     13.745   -100.514
    50.000    -25.000      0.126     45.696     14.230   -103.760
    55.000    -25.000      0.181     16.960     14.317   -105.867
    60.000    -25.000      0.255     -1.992     14.555   -106.992
    65.000    -25.000      0.321    -13.849     14.651   -105.430
    70.000    -25.000      0.374    -21.436     13.895   -102.505
    75.000    -25.000      0.398    -25.839     12.318    -97.880
    80.000    -25.000      0.400    -28.628     10.922    -94.215
    85.000    -25.000      0.376    -31.881      8.489    -91.619
    90.000    -25.000      0.332    -38.687      6.327    -88.242
    95.000    -25.000      0.281    -44.864      4.815    -83.816
   100.000    -25.000      0.239    -49.330      3.647    -81.543
   105.000    -25.000      0.204    -56.767      3.094    -82.609
   110.000    -25.000      0.188    -71.347      2.805    -80.120
   115.000    -25.000      0.175    -81.335      2.988    -83.435
   120.000    -25.000      0.150    -88.501      2.801    -87.606
   125.000    -25.000      0.110    -98.573      2.060    -91.571
   130.000    -25.000      0.061   -115.819      0.815    -93.954
   135.000    -25.000      0.000      0.000      0.000      0.000
   140.000    -25.000      0.000      0.000      0.000      0.000
   145.000    -25.000      0.000      0.000      0.000      0.000
   -25.000    -20.000      0.000      0.000      0.000      0.000
   -20.000    -20.000      0.000      0.000      0.000      0.000
   -15.000    -20.000      0.000      0.000      0.000      0.000
   -10.000    -20.000      0.000      0.000      2.608   -103.306
    -5.000    -20.000      0.000      0.000      4.723   -102.036
     0.000    -20.000      0.000      0.000      5.920    -98.247
     5.000    -20.000      0.000      0.000      6.569    -93.250
    10.000    -20.000      0.000      0.000      7.119    -87.609
    15.000    -20.000      0.000      0.000      8.009    -82.414
    20.000    -20.000      0.000      0.000      8.818    -81.577
    25.000    -20.000      0.000      0.000     10.678    -84.840
    30.000    -20.000      0.000      0.000     12.457    -88.974
    35.000    -20.000      0.000      0.000     14.078    -92.152
    40.000    -20.000      0.000      0.000     15.146    -95.830
    45.000    -20.000      0.083     31.440     16.147    -96.580
    50.000    -20.000      0.157     31.188     16.983    -99.518
    55.000    -20.000      0.199     15.231     16.981   -102.522
    60.000    -20.000      0.231      3.856     16.644   -105.185
    65.000    -20.000      0.264     -0.850     16.515   -105.882
    70.000    -20.000      0.285     -5.494     15.800   -104.897
    75.000    -20.000      0.282     -9.150     14.203   -102.612
    80.000    -20.000      0.266    -14.570     11.982    -98.641
    85.000    -20.000      0.248    -18.737      9.604    -95.026
    90.000    -20.000      0.223    -26.173      7.146    -90.373
    95.000    -20.000      0.191    -38.974      4.918    -82.374
   100.000    -20.000      0.160    -55.908      3.292    -79.095
   105.000    -20.000      0.144    -78.203      2.890    -83.322
   110.000    -20.000      0.158   -101.856      3.026    -86.221
   115.000    -20.000      0.184   -117.003      3.011    -86.588
   120.000    -20.000      0.206   -127.603      2.753    -90.368
   125.000    -20.000      0.201   -135.180      1.912   -102.318
   130.000    -20.000      0.140   -139.189      0.924   -110.958
   135.000    -20.000      0.000      0.000      0.000      0.000
   140.000    -20.000      0.000      0.000      0.000      0.000
   145.000    -20.000      0.000      0.000      0.000      0.000
   -25.000    -15.000      0.000      0.000      0.000      0.000
   -20.000    -15.000      0.000      0.000      0.000      0.000
   -15.000    -15.000      0.000      0.000      0.000      0.000
   -10.000    -15.000      0.000      0.000      2.535    -97.130
    -5.000    -15.000      0.000      0.000      4.493    -97.417
     0.000    -15.000      0.000      0.000      5.602    -93.632
     5.000    -15.000      0.000      0.000      6.340    -87.723
    10.000    -15.000      0.000      0.000      6.972    -81.466
    15.000    -15.000      0.000      0.000      8.158    -77.448
    20.000    -15.000      0.000      0.000      9.408    -75.261
    25.000    -15.000      0.000      0.000     10.948    -78.449
    30.000    -15.000      0.000      0.000     13.080    -83.213
    35.000    -15.000      0.000      0.000     15.253    -88.600
    40.000    -15.000      0.000      0.000     16.414    -93.879
    45.000    -15.000      0.008      6.455     17.722    -95.377
    50.000    -15.000      0.105     -9.551     18.483    -97.686
    55.000    -15.000      0.166    -10.961     18.896   -100.618
    60.000    -15.000      0.188     -3.174     17.943   -103.528
    65.000    -15.000      0.198      4.543     17.301   -105.921
    70.000    -15.000      0.215     11.206     16.505   -105.612
    75.000    -15.000      0.220     14.492     14.759   -105.352
    80.000    -15.000      0.206     16.206     12.532   -103.067
    85.000    -15.000      0.182     14.357     10.050    -99.349
    90.000    -15.000      0.142      3.511      7.361    -92.625
    95.000    -15.000      0.100    -25.242      4.552    -80.884
   100.000    -15.000      0.102    -72.586      2.569    -73.256
   105.000    -15.000      0.154   -105.108      1.992    -82.157
   110.000    -15.000      0.220   -121.559      2.501    -91.674
   115.000    -15.000      0.263   -132.888      2.608    -92.733
   120.000    -15.000      0.280   -143.709      2.235    -95.249
   125.000    -15.000      0.262   -154.444      1.443   -109.470
   130.000    -15.000      0.185   -165.112      0.782   -122.129
   135.000    -15.000      0.000      0.000      0.000      0.000
   140.000    -15.000      0.000      0.000      0.000      0.000
   145.000    -15.000      0.000      0.000      0.000      0.000
   -25.000    -10.000      0.000      0.000      0.000      0.000
   -20.000    -10.000      0.000      0.000      0.000      0.000
   -15.000    -10.000      0.000      0.000      0.000      0.000
   -10.000    -10.000      0.000      0.000      2.079    -95.359
    -5.000    -10.000      0.000      0.000      2.933    -86.138
     0.000    -10.000      0.000      0.000      4.098    -78.366
     5.000    -10.000      0.000      0.000      5.289    -71.910
    10.000    -10.000      0.000      0.000      6.530    -68.204
    15.000    -10.000      0.000      0.000      7.473    -67.900
    20.000    -10.000      0.000      0.000      9.024    -68.671
    25.000    -10.000      0.000      0.000     10.965    -73.195
    30.000    -10.000      0.000      0.000     12.600    -77.971
    35.000    -10.000      0.000      0.000     14.919    -84.562
    40.000    -10.000      0.000      0.000     16.841    -91.904
    45.000    -10.000      0.004    -16.871     18.246    -94.727
    50.000    -10.000      0.129    -36.492     19.020    -96.470
    55.000    -10.000      0.167    -28.883     19.064    -99.286
    60.000    -10.000      0.174    -16.043     18.217   -102.002
    65.000    -10.000      0.178      1.755     16.819   -105.159
    70.000    -10.000      0.193     19.607     15.889   -107.227
    75.000    -10.000      0.205     31.018     14.308   -108.154
    80.000    -10.000      0.201     37.051     12.404   -107.125
    85.000    -10.000      0.163     41.157      9.816   -102.776
    90.000    -10.000      0.103     44.020      6.884    -95.701
    95.000    -10.000      0.017     45.560      4.160    -83.232
   100.000    -10.000      0.076   -134.082      2.289    -66.871
   105.000    -10.000      0.179   -133.148      1.327    -64.257
   110.000    -10.000      0.271   -136.658      1.777    -90.141
   115.000    -10.000      0.343   -140.741      2.186    -98.670
   120.000    -10.000      0.368   -145.968      1.743   -102.900
   125.000    -10.000      0.332   -153.311      1.206   -109.963
   130.000    -10.000      0.221   -163.141      0.696   -112.178
   135.000    -10.000      0.000      0.000      0.000      0.000
   140.000    -10.000      0.000      0.000      0.000      0.000
   145.000    -10.000      0.000      0.000      0.000      0.000
   -25.000     -5.000      0.000      0.000      0.000      0.000
   -20.000     -5.000      0.000      0.000      0.000      0.000
   -15.000     -5.000      0.000      0.000      0.000      0.000
   -10.000     -5.000      0.000      0.000      1.148    -69.329
    -5.000     -5.000      0.000      0.000      1.877    -57.714
     0.000     -5.000      0.000      0.000      2.902    -49.214
     5.000     -5.000      0.000      0.000      4.061    -46.702
    10.000     -5.000      0.000      0.000      5.645    -52.087
    15.000     -5.000      0.000      0.000      7.226    -55.305
    20.000     -5.000      0.000      0.000      8.573    -60.021
    25.000     -5.000      0.000      0.000     10.501    -69.138
    30.000     -5.000      0.000      0.000     12.095    -74.943
    35.000     -5.000      0.000      0.000     13.568    -82.623
    40.000     -5.000      0.000      0.000     15.404    -90.215
    45.000     -5.000      0.003    -29.760     17.137    -94.537
    50.000     -5.000      0.084    -45.894     17.950    -96.489
    55.000     -5.000      0.166    -33.137     17.654    -98.164
    60.000     -5.000      0.186    -18.346     16.794   -101.328
    65.000     -5.000      0.190     -0.755     15.495   -104.567
    70.000     -5.000      0.199     19.651     14.357   -107.441
    75.000     -5.000      0.207     34.529     12.810   -110.231
    80.000     -5.000      0.190     45.591     10.996   -110.067
    85.000     -5.000      0.148     59.547      8.956   -106.369
    90.000     -5.000      0.095     84.961      6.345   -100.317
    95.000     -5.000      0.072    149.437      3.846    -89.688
   100.000     -5.000      0.144   -166.836      1.882    -66.279
   105.000     -5.000      0.243   -154.444      1.112    -47.629
   110.000     -5.000      0.334   -150.101      0.799    -72.976
   115.000     -5.000      0.382   -149.178      1.226   -104.225
   120.000     -5.000      0.373   -149.656      1.001   -115.058
   125.000     -5.000      0.301   -151.969      0.965   -112.838
   130.000     -5.000      0.174   -156.521      0.680   -107.270
   135.000     -5.000      0.000      0.000      0.000      0.000
   140.000     -5.000      0.000      0.000      0.000      0.000
   145.000     -5.000      0.000      0.000      0.000      0.000
   -25.000      0.000      0.000      0.000      0.000      0.000
   -20.000      0.000      0.000      0.000      0.000      0.000
   -15.000      0.000      0.000      0.000      0.000      0.000
   -10.000      0.000      0.000      0.000      0.537    -15.928
    -5.000      0.000      0.000      0.000      1.410    -21.236
     0.000      0.000      0.000      0.000      2.601    -14.314
     5.000      0.000      0.000      0.000      3.754    -17.189
    10.000      0.000      0.000      0.000      4.502    -31.656
    15.000      0.000      0.000      0.000      6.012    -44.273
    20.000      0.000      0.000      0.000      7.361    -54.236
    25.000      0.000      0.000      0.000      9.081    -67.371
    30.000      0.000      0.000      0.000     10.453    -75.020
    35.000      0.000      0.000      0.000     11.257    -81.370
    40.000      0.000      0.000      0.000     12.757    -88.234
    45.000      0.000      0.006    -61.074     14.521    -93.854
    50.000      0.000      0.086    -10.546     15.330    -96.674
    55.000      0.000      0.144    -10.574     14.936    -98.545
    60.000      0.000      0.174     -2.381     14.006   -100.917
    65.000      0.000      0.190     11.219     12.930   -104.466
    70.000      0.000      0.201     27.595     11.688   -108.076
    75.000      0.000      0.204     41.768     10.391   -111.686
    80.000      0.000      0.188     56.074      9.175   -112.212
    85.000      0.000      0.146     78.826      7.593   -110.127
    90.000      0.000      0.124    116.634      5.293   -105.246
    95.000      0.000      0.149    159.220      3.198    -97.767
   100.000      0.000      0.221   -174.539      1.627    -77.336
   105.000      0.000      0.289   -162.379      1.066    -56.518
   110.000      0.000      0.332   -155.455      0.641    -55.422
   115.000      0.000      0.341   -150.388      0.791   -106.379
   120.000      0.000      0.308   -146.820      0.813   -127.914
   125.000      0.000      0.229   -142.881      0.639   -137.561
   130.000      0.000      0.112   -135.853      0.428   -133.324
   135.000      0.000      0.000      0.000      0.000      0.000
   140.000      0.000      0.000      0.000      0.000      0.000
   145.000      0.000      0.000      0.000      0.000      0.000
   -25.000      5.000      0.000      0.000      0.000      0.000
   -20.000      5.000      0.000      0.000      0.000      0.000
   -15.000      5.000      0.000      0.000      0.000      0.000
   -10.000      5.000      0.000      0.000      0.333      8.175
    -5.000      5.000      0.000      0.000      1.585     13.038
     0.000      5.000      0.000      0.000      2.636     10.222
     5.000      5.000      0.000      0.000      3.309      3.648
    10.000      5.000      0.000      0.000      3.590    -12.270
    15.000      5.000      0.000      0.000      4.699    -40.823
    20.000      5.000      0.000      0.000      5.844    -52.623
    25.000      5.000      0.000      0.000      6.764    -64.116
    30.000      5.000      0.000      0.000      7.485    -74.419
    35.000      5.000      0.000      0.000      8.280    -81.293
    40.000      5.000      0.000      0.000      9.264    -87.722
    45.000      5.000      0.004   -124.346     10.623    -93.699
    50.000      5.000      0.063    -77.962     11.235    -97.405
    55.000      5.000      0.077    -14.651     11.012    -99.656
    60.000      5.000      0.116     12.527     10.171   -100.788
    65.000      5.000      0.148     27.834      9.362   -104.222
    70.000      5.000      0.170     41.078      8.153   -108.877
    75.000      5.000      0.170     52.599      7.415   -111.692
    80.000      5.000      0.147     68.596      6.495   -112.903
    85.000      5.000      0.116     95.855      5.443   -113.307
    90.000      5.000      0.113    132.128      3.929   -109.344
    95.000      5.000      0.141    163.290      2.211   -103.967
   100.000      5.000      0.184   -176.666      1.061    -86.879
   105.000      5.000      0.226   -164.282      0.599    -60.028
   110.000      5.000      0.253   -154.705      0.485    -26.183
   115.000      5.000      0.253   -146.068      0.055    -48.240
   120.000      5.000      0.232   -138.447      0.551   -127.082
   125.000      5.000      0.188   -130.909      0.497   -142.401
   130.000      5.000      0.107   -121.889      0.393   -155.800
   135.000      5.000      0.000      0.000      0.000      0.000
   140.000      5.000      0.000      0.000      0.000      0.000
   145.000      5.000      0.000      0.000      0.000      0.000
   -25.000     10.000      0.000      0.000      0.000      0.000
   -20.000     10.000      0.000      0.000      0.000      0.000
   -15.000     10.000      0.000      0.000      0.000      0.000
   -10.000     10.000      0.000      0.000      0.281    -38.493
    -5.000     10.000      0.000      0.000      0.960     15.312
     0.000     10.000      0.000      0.000      1.557     12.087
     5.000     10.000      0.000      0.000      1.892      7.196
    10.000     10.000      0.000      0.000      2.115      0.678
    15.000     10.000      0.000      0.000      2.668    -39.581
    20.000     10.000      0.000      0.000      3.364    -52.025
    25.000     10.000      0.000      0.000      3.651    -62.542
    30.000     10.000      0.000      0.000      4.295    -74.514
    35.000     10.000      0.000      0.000      4.622    -80.222
    40.000     10.000      0.000      0.000      5.114    -87.506
    45.000     10.000      0.006    -86.565      5.564    -93.108
    50.000     10.000      0.044    -70.685      5.783    -97.693
    55.000     10.000      0.050    -11.606      5.928   -100.425
    60.000     10.000      0.071     15.113      5.592   -101.508
    65.000     10.000      0.075     33.944      4.941   -105.058
    70.000     10.000      0.082     55.096      4.230   -109.475
    75.000     10.000      0.084     67.254      3.909   -111.478
    80.000     10.000      0.076     77.702      3.268   -113.206
    85.000     10.000      0.053     99.137      2.729   -113.650
    90.000     10.000      0.040    155.542      2.442   -109.892
    95.000     10.000      0.060   -176.591      1.428    -99.160
   100.000     10.000      0.082   -164.244      0.768    -87.780
   105.000     10.000      0.107   -156.914      0.268    -50.014
   110.000     10.000      0.132   -152.643      0.184     -4.471
   115.000     10.000      0.145   -147.089      0.321     59.906
   120.000     10.000      0.145   -142.117      0.117   -136.467
   125.000     10.000      0.128   -135.729      0.255   -178.244
   130.000     10.000      0.090   -127.044      0.196   -151.329
   135.000     10.000      0.000      0.000      0.000      0.000
   140.000     10.000      0.000      0.000      0.000      0.000
   145.000     10.000      0.000      0.000      0.000      0.000
   -25.000     15.000      0.000      0.000      0.000      0.000
   -20.000     15.000      0.000      0.000      0.000      0.000
   -15.000     15.000      0.000      0.000      0.000      0.000
   -10.000     15.000      0.000      0.000      0.000      0.000
    -5.000     15.000      0.000      0.000      0.000      0.000
     0.000     15.000      0.000      0.000      0.000      0.000
     5.000     15.000      0.000      0.000      0.000      0.000
    10.000     15.000      0.000      0.000      0.000      0.000
    15.000     15.000      0.000      0.000      0.000      0.000
    20.000     15.000      0.000      0.000      0.000      0.000
    25.000     15.000      0.000      0.000      0.000      0.000
    30.000     15.000      0.000      0.000      0.000      0.000
    35.000     15.000      0.000      0.000      0.000      0.000
    40.000     15.000      0.000      0.000      0.000      0.000
    45.000     15.000      0.000      0.000      0.000      0.000
    50.000     15.000      0.000      0.000      0.000      0.000
    55.000     15.000      0.000      0.000      0.000      0.000
    60.000     15.000      0.000      0.000      0.000      0.000
    65.000     15.000      0.000      0.000      0.000      0.000
    70.000     15.000      0.000      0.000      0.000      0.000
    75.000     15.000      0.000      0.000      0.000      0.000
    80.000     15.000      0.000      0.000      0.000      0.000
    85.000     15.000      0.000      0.000      0.000      0.000
    90.000     15.000      0.000      0.000      0.000      0.000
    95.000     15.000      0.000      0.000      0.000      0.000
   100.000     15.000      0.000      0.000      0.000      0.000
   105.000     15.000      0.000      0.000      0.000      0.000
   110.000     15.000      0.000      0.000      0.000      0.000
   115.000     15.000      0.000      0.000      0.000      0.000
   120.000     15.000      0.000      0.000      0.000      0.000
   125.000     15.000      0.000      0.000      0.000      0.000
   130.000     15.000      0.000      0.000      0.000      0.000
   135.000     15.000      0.000      0.000      0.000      0.000
   140.000     15.000      0.000      0.000      0.000      0.000
   145.000     15.000      0.000      0.000      0.000      0.000
   -25.000     20.000      0.000      0.000      0.000      0.000
   -20.000     20.000      0.000      0.000      0.000      0.000
   -15.000     20.000      0.000      0.000      0.000      0.000
   -10.000     20.000      0.000      0.000      0.000      0.000
    -5.000     20.000      0.000      0.000      0.000      0.000
     0.000     20.000      0.000      0.000      0.000      0.000
     5.000     20.000      0.000      0.000      0.000      0.000
    10.000     20.000      0.000      0.000      0.000      0.000
    15.000     20.000      0.000      0.000      0.000      0.000
    20.000     20.000      0.000      0.000      0.000      0.000
    25.000     20.000      0.000      0.000      0.000      0.000
    30.000     20.000      0.000      0.000      0.000      0.000
    35.000     20.000      0.000      0.000      0.000      0.000
    40.000     20.000      0.000      0.000      0.000      0.000
    45.000     20.000      0.000      0.000      0.000      0.000
    50.000     20.000      0.000      0.000      0.000      0.000
    55.000     20.000      0.000      0.000      0.000      0.000
    60.000     20.000      0.000      0.000      0.000      0.000
    65.000     20.000      0.000      0.000      0.000      0.000
    70.000     20.000      0.000      0.000      0.000      0.000
    75.000     20.000      0.000      0.000      0.000      0.000
    80.000     20.000      0.000      0.000      0.000      0.000
    85.000     20.000      0.000      0.000      0.000      0.000
    90.000     20.000      0.000      0.000      0.000      0.000
    95.000     20.000      0.000      0.000      0.000      0.000
   100.000     20.000      0.000      0.000      0.000      0.000
   105.000     20.000      0.000      0.000      0.000      0.000
   110.000     20.000      0.000      0.000      0.000      0.000
   115.000     20.000      0.000      0.000      0.000      0.000
   120.000     20.000      0.000      0.000      0.000      0.000
   125.000     20.000      0.000      0.000      0.000      0.000
   130.000     20.000      0.000      0.000      0.000      0.000
   135.000     20.000      0.000      0.000      0.000      0.000
   140.000     20.000      0.000      0.000      0.000      0.000
   145.000     20.000      0.000      0.000      0.000      0.000
   -25.000     25.000      0.000      0.000      0.000      0.000
   -20.000     25.000      0.000      0.000      0.000      0.000
   -15.000     25.000      0.000      0.000      0.000      0.000
   -10.000     25.000      0.000      0.000      0.000      0.000
    -5.000     25.000      0.000      0.000      0.000      0.000
     0.000     25.000      0.000      0.000      0.000      0.000
     5.000     25.000      0.000      0.000      0.000      0.000
    10.000     25.000      0.000      0.000      0.000      0.000
    15.000     25.000      0.000      0.000      0.000      0.000
    20.000     25.000      0.000      0.000      0.000      0.000
    25.000     25.000      0.000      0.000      0.000      0.000
    30.000     25.000      0.000      0.000      0.000      0.000
    35.000     25.000      0.000      0.000      0.000      0.000
    40.000     25.000      0.000      0.000      0.000      0.000
    45.000     25.000      0.000      0.000      0.000      0.000
    50.000     25.000      0.000      0.000      0.000      0.000
    55.000     25.000      0.000      0.000      0.000      0.000
    60.000     25.000      0.000      0.000      0.000      0.000
    65.000     25.000      0.000      0.000      0.000      0.000
    70.000     25.000      0.000      0.000      0.000      0.000
    75.000     25.000      0.000      0.000      0.000      0.000
    80.000     25.000      0.000      0.000      0.000      0.000
    85.000     25.000      0.000      0.000      0.000      0.000
    90.000     25.000      0.000      0.000      0.000      0.000
    95.000     25.000      0.000      0.000      0.000      0.000
   100.000     25.000      0.000      0.000      0.000      0.000
   105.000     25.000      0.000      0.000      0.000      0.000
   110.000     25.000      0.000      0.000      0.000      0.000
   115.000     25.000      0.000      0.000      0.000      0.000
   120.000     25.000      0.000      0.000      0.000      0.000
   125.000     25.000      0.000      0.000      0.000      0.000
   130.000     25.000      0.000      0.000      0.000      0.000
   135.000     25.000      0.000      0.000      0.000      0.000
   140.000     25.000      0.000      0.000      0.000      0.000
   145.000     25.000      0.000      0.000      0.000      0.000
