   -25.000    -65.000      0.000      0.000      0.000      0.000
   -20.000    -65.000      0.000      0.000      0.000      0.000
   -15.000    -65.000      0.000      0.000      0.000      0.000
   -10.000    -65.000      0.000      0.000      0.000      0.000
    -5.000    -65.000      0.000      0.000      0.000      0.000
     0.000    -65.000      0.000      0.000      0.000      0.000
     5.000    -65.000      0.000      0.000      0.000      0.000
    10.000    -65.000      0.000      0.000      0.000      0.000
    15.000    -65.000      0.000      0.000      0.000      0.000
    20.000    -65.000      0.000      0.000      0.000      0.000
    25.000    -65.000      0.000      0.000      0.000      0.000
    30.000    -65.000      0.000      0.000      0.000      0.000
    35.000    -65.000      0.000      0.000      0.000      0.000
    40.000    -65.000      0.000      0.000      0.000      0.000
    45.000    -65.000      0.000      0.000      0.000      0.000
    50.000    -65.000      0.000      0.000      0.000      0.000
    55.000    -65.000      0.000      0.000      0.000      0.000
    60.000    -65.000      0.000      0.000      0.000      0.000
    65.000    -65.000      0.000      0.000      0.000      0.000
    70.000    -65.000      0.000      0.000      0.000      0.000
    75.000    -65.000      0.000      0.000      0.000      0.000
    80.000    -65.000      0.000      0.000      0.000      0.000
    85.000    -65.000      0.000      0.000      0.000      0.000
    90.000    -65.000      0.000      0.000      0.000      0.000
    95.000    -65.000      0.000      0.000      0.000      0.000
   100.000    -65.000      0.000      0.000      0.000      0.000
   105.000    -65.000      0.000      0.000      0.000      0.000
   110.000    -65.000      0.000      0.000      0.000      0.000
   115.000    -65.000      0.000      0.000      0.000      0.000
   120.000    -65.000      0.000      0.000      0.000      0.000
   125.000    -65.000      0.000      0.000      0.000      0.000
   130.000    -65.000      0.000      0.000      0.000      0.000
   135.000    -65.000      0.000      0.000      0.000      0.000
   140.000    -65.000      0.000      0.000      0.000      0.000
   145.000    -65.000      0.000      0.000      0.000      0.000
   -25.000    -60.000      0.000      0.000      0.000      0.000
   -20.000    -60.000      0.000      0.000      0.000      0.000
   -15.000    -60.000      0.000      0.000      0.000      0.000
   -10.000    -60.000      0.000      0.000      0.000      0.000
    -5.000    -60.000      0.000      0.000      0.000      0.000
     0.000    -60.000      0.000      0.000      0.000      0.000
     5.000    -60.000      0.000      0.000      0.000      0.000
    10.000    -60.000      0.000      0.000      0.000      0.000
    15.000    -60.000      0.000      0.000      0.000      0.000
    20.000    -60.000      0.000      0.000      0.000      0.000
    25.000    -60.000      0.000      0.000      0.000      0.000
    30.000    -60.000      0.000      0.000      0.000      0.000
    35.000    -60.000      0.000      0.000      0.000      0.000
    40.000    -60.000      0.000      0.000      0.000      0.000
    45.000    -60.000      0.000      0.000      0.000      0.000
    50.000    -60.000      0.000      0.000      0.000      0.000
    55.000    -60.000      0.000      0.000      0.000      0.000
    60.000    -60.000      0.000      0.000      0.000      0.000
    65.000    -60.000      0.000      0.000      0.000      0.000
    70.000    -60.000      0.000      0.000      0.000      0.000
    75.000    -60.000      0.000      0.000      0.000      0.000
    80.000    -60.000      0.000      0.000      0.000      0.000
    85.000    -60.000      0.000      0.000      0.000      0.000
    90.000    -60.000      0.000      0.000      0.000      0.000
    95.000    -60.000      0.000      0.000      0.000      0.000
   100.000    -60.000      0.000      0.000      0.000      0.000
   105.000    -60.000      0.000      0.000      0.000      0.000
   110.000    -60.000      0.000      0.000      0.000      0.000
   115.000    -60.000      0.000      0.000      0.000      0.000
   120.000    -60.000      0.000      0.000      0.000      0.000
   125.000    -60.000      0.000      0.000      0.000      0.000
   130.000    -60.000      0.000      0.000      0.000      0.000
   135.000    -60.000      0.000      0.000      0.000      0.000
   140.000    -60.000      0.000      0.000      0.000      0.000
   145.000    -60.000      0.000      0.000      0.000      0.000
   -25.000    -55.000      0.000      0.000      0.000      0.000
   -20.000    -55.000      0.000      0.000      0.000      0.000
   -15.000    -55.000      0.000      0.000      0.000      0.000
   -10.000    -55.000      0.000      0.000      0.000      0.000
    -5.000    -55.000      0.000      0.000      0.000      0.000
     0.000    -55.000      0.000      0.000      0.000      0.000
     5.000    -55.000      0.000      0.000      0.000      0.000
    10.000    -55.000      0.000      0.000      0.000      0.000
    15.000    -55.000      0.000      0.000      0.000      0.000
    20.000    -55.000      0.000      0.000      0.000      0.000
    25.000    -55.000      0.000      0.000      0.000      0.000
    30.000    -55.000      0.000      0.000      0.000      0.000
    35.000    -55.000      0.000      0.000      0.000      0.000
    40.000    -55.000      0.000      0.000      0.000      0.000
    45.000    -55.000      0.000      0.000      0.000      0.000
    50.000    -55.000      0.000      0.000      0.000      0.000
    55.000    -55.000      0.000      0.000      0.000      0.000
    60.000    -55.000      0.000      0.000      0.000      0.000
    65.000    -55.000      0.000      0.000      0.000      0.000
    70.000    -55.000      0.000      0.000      0.000      0.000
    75.000    -55.000      0.000      0.000      0.000      0.000
    80.000    -55.000      0.000      0.000      0.000      0.000
    85.000    -55.000      0.000      0.000      0.000      0.000
    90.000    -55.000      0.000      0.000      0.000      0.000
    95.000    -55.000      0.000      0.000      0.000      0.000
   100.000    -55.000      0.000      0.000      0.000      0.000
   105.000    -55.000      0.000      0.000      0.000      0.000
   110.000    -55.000      0.000      0.000      0.000      0.000
   115.000    -55.000      0.000      0.000      0.000      0.000
   120.000    -55.000      0.000      0.000      0.000      0.000
   125.000    -55.000      0.000      0.000      0.000      0.000
   130.000    -55.000      0.000      0.000      0.000      0.000
   135.000    -55.000      0.000      0.000      0.000      0.000
   140.000    -55.000      0.000      0.000      0.000      0.000
   145.000    -55.000      0.000      0.000      0.000      0.000
   -25.000    -50.000      0.000      0.000      0.000      0.000
   -20.000    -50.000      0.000      0.000      0.000      0.000
   -15.000    -50.000      0.000      0.000      0.000      0.000
   -10.000    -50.000      0.000      0.000      0.000      0.000
    -5.000    -50.000      0.000      0.000      0.000      0.000
     0.000    -50.000      0.000      0.000      0.000      0.000
     5.000    -50.000      0.000      0.000      0.000      0.000
    10.000    -50.000      0.000      0.000      0.000      0.000
    15.000    -50.000      0.000      0.000      0.000      0.000
    20.000    -50.000      0.000      0.000      0.000      0.000
    25.000    -50.000      0.000      0.000      0.000      0.000
    30.000    -50.000      0.000      0.000      0.000      0.000
    35.000    -50.000      0.000      0.000      0.000      0.000
    40.000    -50.000      0.000      0.000      0.000      0.000
    45.000    -50.000      0.000      0.000      0.000      0.000
    50.000    -50.000      0.000      0.000      0.000      0.000
    55.000    -50.000      0.000      0.000      0.000      0.000
    60.000    -50.000      0.000      0.000      0.000      0.000
    65.000    -50.000      0.000      0.000      0.000      0.000
    70.000    -50.000      0.000      0.000      0.000      0.000
    75.000    -50.000      0.000      0.000      0.000      0.000
    80.000    -50.000      0.000      0.000      0.000      0.000
    85.000    -50.000      0.000      0.000      0.000      0.000
    90.000    -50.000      0.000      0.000      0.000      0.000
    95.000    -50.000      0.000      0.000      0.000      0.000
   100.000    -50.000      0.000      0.000      0.000      0.000
   105.000    -50.000      0.000      0.000      0.000      0.000
   110.000    -50.000      0.000      0.000      0.000      0.000
   115.000    -50.000      0.000      0.000      0.000      0.000
   120.000    -50.000      0.000      0.000      0.000      0.000
   125.000    -50.000      0.000      0.000      0.000      0.000
   130.000    -50.000      0.000      0.000      0.000      0.000
   135.000    -50.000      0.000      0.000      0.000      0.000
   140.000    -50.000      0.000      0.000      0.000      0.000
   145.000    -50.000      0.000      0.000      0.000      0.000
   -25.000    -45.000      0.000      0.000      0.000      0.000
   -20.000    -45.000      0.000      0.000      0.000      0.000
   -15.000    -45.000      0.000      0.000      0.000      0.000
   -10.000    -45.000      0.000      0.000      0.000      0.000
    -5.000    -45.000      0.000      0.000      0.000      0.000
     0.000    -45.000      0.000      0.000      0.000      0.000
     5.000    -45.000      0.000      0.000      0.000      0.000
    10.000    -45.000      0.000      0.000      0.000      0.000
    15.000    -45.000      0.000      0.000      0.000      0.000
    20.000    -45.000      0.000      0.000      0.000      0.000
    25.000    -45.000      0.000      0.000      0.000      0.000
    30.000    -45.000      0.000      0.000      0.000      0.000
    35.000    -45.000      0.000      0.000      0.000      0.000
    40.000    -45.000      0.000      0.000      0.000      0.000
    45.000    -45.000      0.000      0.000      0.000      0.000
    50.000    -45.000      0.000      0.000      0.000      0.000
    55.000    -45.000      0.000      0.000      0.000      0.000
    60.000    -45.000      0.000      0.000      0.000      0.000
    65.000    -45.000      0.000      0.000      0.000      0.000
    70.000    -45.000      0.000      0.000      0.000      0.000
    75.000    -45.000      0.000      0.000      0.000      0.000
    80.000    -45.000      0.000      0.000      0.000      0.000
    85.000    -45.000      0.000      0.000      0.000      0.000
    90.000    -45.000      0.000      0.000      0.000      0.000
    95.000    -45.000      0.000      0.000      0.000      0.000
   100.000    -45.000      0.000      0.000      0.000      0.000
   105.000    -45.000      0.000      0.000      0.000      0.000
   110.000    -45.000      0.000      0.000      0.000      0.000
   115.000    -45.000      0.000      0.000      0.000      0.000
   120.000    -45.000      0.000      0.000      0.000      0.000
   125.000    -45.000      0.000      0.000      0.000      0.000
   130.000    -45.000      0.000      0.000      0.000      0.000
   135.000    -45.000      0.000      0.000      0.000      0.000
   140.000    -45.000      0.000      0.000      0.000      0.000
   145.000    -45.000      0.000      0.000      0.000      0.000
   -25.000    -40.000      0.000      0.000      0.000      0.000
   -20.000    -40.000      0.000      0.000      0.000      0.000
   -15.000    -40.000      0.000      0.000      0.000      0.000
   -10.000    -40.000      0.000      0.000      0.000      0.000
    -5.000    -40.000      0.000      0.000      0.000      0.000
     0.000    -40.000      0.000      0.000      0.000      0.000
     5.000    -40.000      0.000      0.000      0.000      0.000
    10.000    -40.000      0.000      0.000      0.000      0.000
    15.000    -40.000      0.000      0.000      0.000      0.000
    20.000    -40.000      0.000      0.000      0.000      0.000
    25.000    -40.000      0.000      0.000      0.000      0.000
    30.000    -40.000      0.000      0.000      0.000      0.000
    35.000    -40.000      0.000      0.000      0.000      0.000
    40.000    -40.000      0.000      0.000      0.000      0.000
    45.000    -40.000      0.000      0.000      0.000      0.000
    50.000    -40.000      0.000      0.000      0.000      0.000
    55.000    -40.000      0.000      0.000      0.000      0.000
    60.000    -40.000      0.000      0.000      0.000      0.000
    65.000    -40.000      0.000      0.000      0.000      0.000
    70.000    -40.000      0.000      0.000      0.000      0.000
    75.000    -40.000      0.000      0.000      0.000      0.000
    80.000    -40.000      0.000      0.000      0.000      0.000
    85.000    -40.000      0.000      0.000      0.000      0.000
    90.000    -40.000      0.000      0.000      0.000      0.000
    95.000    -40.000      0.000      0.000      0.000      0.000
   100.000    -40.000      0.000      0.000      0.000      0.000
   105.000    -40.000      0.000      0.000      0.000      0.000
   110.000    -40.000      0.000      0.000      0.000      0.000
   115.000    -40.000      0.000      0.000      0.000      0.000
   120.000    -40.000      0.000      0.000      0.000      0.000
   125.000    -40.000      0.000      0.000      0.000      0.000
   130.000    -40.000      0.000      0.000      0.000      0.000
   135.000    -40.000      0.000      0.000      0.000      0.000
   140.000    -40.000      0.000      0.000      0.000      0.000
   145.000    -40.000      0.000      0.000      0.000      0.000
   -25.000    -35.000      0.000      0.000      0.000      0.000
   -20.000    -35.000      0.000      0.000      0.000      0.000
   -15.000    -35.000      0.000      0.000      0.000      0.000
   -10.000    -35.000      0.000      0.000      0.000      0.000
    -5.000    -35.000      0.000      0.000      0.000      0.000
     0.000    -35.000      0.000      0.000      0.000      0.000
     5.000    -35.000      0.000      0.000      0.000      0.000
    10.000    -35.000      0.000      0.000      0.000      0.000
    15.000    -35.000      0.000      0.000      0.000      0.000
    20.000    -35.000      0.000      0.000      0.000      0.000
    25.000    -35.000      0.000      0.000      0.000      0.000
    30.000    -35.000      0.000      0.000      0.000      0.000
    35.000    -35.000      0.000      0.000      0.000      0.000
    40.000    -35.000      0.000      0.000      0.000      0.000
    45.000    -35.000      0.000      0.000      0.000      0.000
    50.000    -35.000      0.000      0.000      0.000      0.000
    55.000    -35.000      0.000      0.000      0.000      0.000
    60.000    -35.000      0.000      0.000      0.000      0.000
    65.000    -35.000      0.000      0.000      0.000      0.000
    70.000    -35.000      0.000      0.000      0.000      0.000
    75.000    -35.000      0.000      0.000      0.000      0.000
    80.000    -35.000      0.000      0.000      0.000      0.000
    85.000    -35.000      0.000      0.000      0.000      0.000
    90.000    -35.000      0.000      0.000      0.000      0.000
    95.000    -35.000      0.000      0.000      0.000      0.000
   100.000    -35.000      0.000      0.000      0.000      0.000
   105.000    -35.000      0.000      0.000      0.000      0.000
   110.000    -35.000      0.000      0.000      0.000      0.000
   115.000    -35.000      0.000      0.000      0.000      0.000
   120.000    -35.000      0.000      0.000      0.000      0.000
   125.000    -35.000      0.000      0.000      0.000      0.000
   130.000    -35.000      0.000      0.000      0.000      0.000
   135.000    -35.000      0.000      0.000      0.000      0.000
   140.000    -35.000      0.000      0.000      0.000      0.000
   145.000    -35.000      0.000      0.000      0.000      0.000
   -25.000    -30.000      0.000      0.000      0.000      0.000
   -20.000    -30.000      0.000      0.000      0.000      0.000
   -15.000    -30.000      0.000      0.000      0.000      0.000
   -10.000    -30.000      0.000      0.000      0.000      0.000
    -5.000    -30.000      0.000      0.000      0.000      0.000
     0.000    -30.000      0.000      0.000      0.000      0.000
     5.000    -30.000      0.000      0.000      0.000      0.000
    10.000    -30.000      0.000      0.000      0.000      0.000
    15.000    -30.000      0.000      0.000      0.000      0.000
    20.000    -30.000      0.000      0.000      0.000      0.000
    25.000    -30.000      0.000      0.000      0.000      0.000
    30.000    -30.000      0.000      0.000      0.000      0.000
    35.000    -30.000      0.000      0.000      0.000      0.000
    40.000    -30.000      0.000      0.000      0.000      0.000
    45.000    -30.000      0.000      0.000      0.000      0.000
    50.000    -30.000      0.000      0.000      0.000      0.000
    55.000    -30.000      0.000      0.000      0.000      0.000
    60.000    -30.000      0.000      0.000      0.000      0.000
    65.000    -30.000      0.000      0.000      0.000      0.000
    70.000    -30.000      0.000      0.000      0.000      0.000
    75.000    -30.000      0.000      0.000      0.000      0.000
    80.000    -30.000      0.000      0.000      0.000      0.000
    85.000    -30.000      0.000      0.000      0.000      0.000
    90.000    -30.000      0.000      0.000      0.000      0.000
    95.000    -30.000      0.000      0.000      0.000      0.000
   100.000    -30.000      0.000      0.000      0.000      0.000
   105.000    -30.000      0.000      0.000      0.000      0.000
   110.000    -30.000      0.000      0.000      0.000      0.000
   115.000    -30.000      0.000      0.000      0.000      0.000
   120.000    -30.000      0.000      0.000      0.000      0.000
   125.000    -30.000      0.000      0.000      0.000      0.000
   130.000    -30.000      0.000      0.000      0.000      0.000
   135.000    -30.000      0.000      0.000      0.000      0.000
   140.000    -30.000      0.000      0.000      0.000      0.000
   145.000    -30.000      0.000      0.000      0.000      0.000
   -25.000    -25.000      0.000      0.000      0.000      0.000
   -20.000    -25.000      0.000      0.000      0.000      0.000
   -15.000    -25.000      0.000      0.000      0.000      0.000
   -10.000    -25.000      0.000      0.000      0.000      0.000
    -5.000    -25.000      0.000      0.000      0.000      0.000
     0.000    -25.000      0.000      0.000      0.000      0.000
     5.000    -25.000      0.000      0.000      0.000      0.000
    10.000    -25.000      0.000      0.000      0.000      0.000
    15.000    -25.000      0.000      0.000      0.000      0.000
    20.000    -25.000      0.000      0.000      0.000      0.000
    25.000    -25.000      0.000      0.000      0.000      0.000
    30.000    -25.000      0.000      0.000      0.000      0.000
    35.000    -25.000      0.000      0.000      0.000      0.000
    40.000    -25.000      0.000      0.000      0.000      0.000
    45.000    -25.000      0.000      0.000      0.000      0.000
    50.000    -25.000      0.000      0.000      0.000      0.000
    55.000    -25.000      0.000      0.000      0.000      0.000
    60.000    -25.000      0.000      0.000      0.000      0.000
    65.000    -25.000      0.000      0.000      0.000      0.000
    70.000    -25.000      0.000      0.000      0.000      0.000
    75.000    -25.000      0.000      0.000      0.000      0.000
    80.000    -25.000      0.000      0.000      0.000      0.000
    85.000    -25.000      0.000      0.000      0.000      0.000
    90.000    -25.000      0.000      0.000      0.000      0.000
    95.000    -25.000      0.000      0.000      0.000      0.000
   100.000    -25.000      0.000      0.000      0.000      0.000
   105.000    -25.000      0.000      0.000      0.000      0.000
   110.000    -25.000      0.000      0.000      0.000      0.000
   115.000    -25.000      0.000      0.000      0.000      0.000
   120.000    -25.000      0.000      0.000      0.000      0.000
   125.000    -25.000      0.000      0.000      0.000      0.000
   130.000    -25.000      0.000      0.000      0.000      0.000
   135.000    -25.000      0.000      0.000      0.000      0.000
   140.000    -25.000      0.000      0.000      0.000      0.000
   145.000    -25.000      0.000      0.000      0.000      0.000
   -25.000    -20.000      0.000      0.000      0.000      0.000
   -20.000    -20.000      0.000      0.000      0.000      0.000
   -15.000    -20.000      0.000      0.000      0.000      0.000
   -10.000    -20.000      0.000      0.000      0.000      0.000
    -5.000    -20.000      0.000      0.000      0.000      0.000
     0.000    -20.000      0.000      0.000      0.000      0.000
     5.000    -20.000      0.000      0.000      0.000      0.000
    10.000    -20.000      0.000      0.000      0.000      0.000
    15.000    -20.000      0.000      0.000      0.000      0.000
    20.000    -20.000      0.000      0.000      0.000      0.000
    25.000    -20.000      0.000      0.000      0.000      0.000
    30.000    -20.000      0.000      0.000      0.000      0.000
    35.000    -20.000      0.000      0.000      0.000      0.000
    40.000    -20.000      0.000      0.000      0.000      0.000
    45.000    -20.000      0.000      0.000      0.000      0.000
    50.000    -20.000      0.000      0.000      0.000      0.000
    55.000    -20.000      0.000      0.000      0.000      0.000
    60.000    -20.000      0.000      0.000      0.000      0.000
    65.000    -20.000      0.000      0.000      0.000      0.000
    70.000    -20.000      0.000      0.000      0.000      0.000
    75.000    -20.000      0.000      0.000      0.000      0.000
    80.000    -20.000      0.000      0.000      0.000      0.000
    85.000    -20.000      0.000      0.000      0.000      0.000
    90.000    -20.000      0.000      0.000      0.000      0.000
    95.000    -20.000      0.000      0.000      0.000      0.000
   100.000    -20.000      0.000      0.000      0.000      0.000
   105.000    -20.000      0.000      0.000      0.000      0.000
   110.000    -20.000      0.000      0.000      0.000      0.000
   115.000    -20.000      0.000      0.000      0.000      0.000
   120.000    -20.000      0.000      0.000      0.000      0.000
   125.000    -20.000      0.000      0.000      0.000      0.000
   130.000    -20.000      0.000      0.000      0.000      0.000
   135.000    -20.000      0.000      0.000      0.000      0.000
   140.000    -20.000      0.000      0.000      0.000      0.000
   145.000    -20.000      0.000      0.000      0.000      0.000
   -25.000    -15.000      0.000      0.000      0.000      0.000
   -20.000    -15.000      0.000      0.000      0.000      0.000
   -15.000    -15.000      0.000      0.000      0.000      0.000
   -10.000    -15.000      0.000      0.000      0.000      0.000
    -5.000    -15.000      0.000      0.000      0.000      0.000
     0.000    -15.000      0.000      0.000      0.000      0.000
     5.000    -15.000      0.000      0.000      0.000      0.000
    10.000    -15.000      0.000      0.000      0.000      0.000
    15.000    -15.000      0.000      0.000      0.000      0.000
    20.000    -15.000      0.000      0.000      0.000      0.000
    25.000    -15.000      0.000      0.000      0.000      0.000
    30.000    -15.000      0.000      0.000      0.000      0.000
    35.000    -15.000      0.000      0.000      0.000      0.000
    40.000    -15.000      0.000      0.000      0.000      0.000
    45.000    -15.000      0.000      0.000      0.000      0.000
    50.000    -15.000      0.000      0.000      0.000      0.000
    55.000    -15.000      0.000      0.000      0.000      0.000
    60.000    -15.000      0.000      0.000      0.000      0.000
    65.000    -15.000      0.000      0.000      0.000      0.000
    70.000    -15.000      0.000      0.000      0.000      0.000
    75.000    -15.000      0.000      0.000      0.000      0.000
    80.000    -15.000      0.000      0.000      0.000      0.000
    85.000    -15.000      0.000      0.000      0.000      0.000
    90.000    -15.000      0.000      0.000      0.000      0.000
    95.000    -15.000      0.000      0.000      0.000      0.000
   100.000    -15.000      0.000      0.000      0.000      0.000
   105.000    -15.000      0.000      0.000      0.000      0.000
   110.000    -15.000      0.000      0.000      0.000      0.000
   115.000    -15.000      0.000      0.000      0.000      0.000
   120.000    -15.000      0.000      0.000      0.000      0.000
   125.000    -15.000      0.000      0.000      0.000      0.000
   130.000    -15.000      0.000      0.000      0.000      0.000
   135.000    -15.000      0.000      0.000      0.000      0.000
   140.000    -15.000      0.000      0.000      0.000      0.000
   145.000    -15.000      0.000      0.000      0.000      0.000
   -25.000    -10.000      0.000      0.000      0.000      0.000
   -20.000    -10.000      0.000      0.000      0.000      0.000
   -15.000    -10.000      0.000      0.000      0.000      0.000
   -10.000    -10.000      0.013    -66.883      0.013    -66.883
    -5.000    -10.000      0.141     35.458      0.146     35.542
     0.000    -10.000      0.110     10.974      0.114     10.981
     5.000    -10.000      0.052     11.728      0.053     11.935
    10.000    -10.000      0.016    -44.682      0.016    -44.682
    15.000    -10.000      0.000      0.000      0.000      0.000
    20.000    -10.000      0.000      0.000      0.000      0.000
    25.000    -10.000      0.000      0.000      0.000      0.000
    30.000    -10.000      0.000      0.000      0.000      0.000
    35.000    -10.000      0.000      0.000      0.000      0.000
    40.000    -10.000      0.000      0.000      0.000      0.000
    45.000    -10.000      0.000      0.000      0.000      0.000
    50.000    -10.000      0.000      0.000      0.000      0.000
    55.000    -10.000      0.000      0.000      0.000      0.000
    60.000    -10.000      0.000      0.000      0.000      0.000
    65.000    -10.000      0.000      0.000      0.000      0.000
    70.000    -10.000      0.000      0.000      0.000      0.000
    75.000    -10.000      0.000      0.000      0.000      0.000
    80.000    -10.000      0.000      0.000      0.000      0.000
    85.000    -10.000      0.000      0.000      0.000      0.000
    90.000    -10.000      0.000      0.000      0.000      0.000
    95.000    -10.000      0.000      0.000      0.000      0.000
   100.000    -10.000      0.000      0.000      0.000      0.000
   105.000    -10.000      0.000      0.000      0.000      0.000
   110.000    -10.000      0.000      0.000      0.000      0.000
   115.000    -10.000      0.000      0.000      0.000      0.000
   120.000    -10.000      0.000      0.000      0.000      0.000
   125.000    -10.000      0.000      0.000      0.000      0.000
   130.000    -10.000      0.000      0.000      0.000      0.000
   135.000    -10.000      0.000      0.000      0.000      0.000
   140.000    -10.000      0.000      0.000      0.000      0.000
   145.000    -10.000      0.000      0.000      0.000      0.000
   -25.000     -5.000      0.000      0.000      0.000      0.000
   -20.000     -5.000      0.000      0.000      0.000      0.000
   -15.000     -5.000      0.000      0.000      0.000      0.000
   -10.000     -5.000      0.100     27.700      0.103     27.701
    -5.000     -5.000      0.102     20.723      0.146     11.923
     0.000     -5.000      0.149     43.495      0.224     39.178
     5.000     -5.000      0.202     67.585      0.312     70.272
    10.000     -5.000      0.033      6.256      0.034      6.261
    15.000     -5.000      0.000      0.000      0.000      0.000
    20.000     -5.000      0.000      0.000      0.000      0.000
    25.000     -5.000      0.000      0.000      0.000      0.000
    30.000     -5.000      0.000      0.000      0.000      0.000
    35.000     -5.000      0.000      0.000      0.000      0.000
    40.000     -5.000      0.000      0.000      0.000      0.000
    45.000     -5.000      0.000      0.000      0.000      0.000
    50.000     -5.000      0.000      0.000      0.000      0.000
    55.000     -5.000      0.000      0.000      0.000      0.000
    60.000     -5.000      0.000      0.000      0.000      0.000
    65.000     -5.000      0.000      0.000      0.000      0.000
    70.000     -5.000      0.000      0.000      0.000      0.000
    75.000     -5.000      0.000      0.000      0.000      0.000
    80.000     -5.000      0.000      0.000      0.000      0.000
    85.000     -5.000      0.000      0.000      0.000      0.000
    90.000     -5.000      0.000      0.000      0.000      0.000
    95.000     -5.000      0.000      0.000      0.000      0.000
   100.000     -5.000      0.000      0.000      0.000      0.000
   105.000     -5.000      0.000      0.000      0.000      0.000
   110.000     -5.000      0.000      0.000      0.000      0.000
   115.000     -5.000      0.000      0.000      0.000      0.000
   120.000     -5.000      0.000      0.000      0.000      0.000
   125.000     -5.000      0.000      0.000      0.000      0.000
   130.000     -5.000      0.000      0.000      0.000      0.000
   135.000     -5.000      0.000      0.000      0.000      0.000
   140.000     -5.000      0.000      0.000      0.000      0.000
   145.000     -5.000      0.000      0.000      0.000      0.000
   -25.000      0.000      0.000      0.000      0.000      0.000
   -20.000      0.000      0.000      0.000      0.000      0.000
   -15.000      0.000      0.000      0.000      0.000      0.000
   -10.000      0.000      0.026    173.585      0.027    174.394
    -5.000      0.000      0.092     73.920      0.106     81.707
     0.000      0.000      0.279     53.311      0.396     51.433
     5.000      0.000      0.373     51.083      0.571     46.455
    10.000      0.000      0.158     80.335      0.163     80.288
    15.000      0.000      0.000      0.000      0.000      0.000
    20.000      0.000      0.000      0.000      0.000      0.000
    25.000      0.000      0.000      0.000      0.000      0.000
    30.000      0.000      0.000      0.000      0.000      0.000
    35.000      0.000      0.000      0.000      0.000      0.000
    40.000      0.000      0.000      0.000      0.000      0.000
    45.000      0.000      0.000      0.000      0.000      0.000
    50.000      0.000      0.000      0.000      0.000      0.000
    55.000      0.000      0.000      0.000      0.000      0.000
    60.000      0.000      0.000      0.000      0.000      0.000
    65.000      0.000      0.000      0.000      0.000      0.000
    70.000      0.000      0.000      0.000      0.000      0.000
    75.000      0.000      0.000      0.000      0.000      0.000
    80.000      0.000      0.000      0.000      0.000      0.000
    85.000      0.000      0.000      0.000      0.000      0.000
    90.000      0.000      0.000      0.000      0.000      0.000
    95.000      0.000      0.000      0.000      0.000      0.000
   100.000      0.000      0.000      0.000      0.000      0.000
   105.000      0.000      0.000      0.000      0.000      0.000
   110.000      0.000      0.000      0.000      0.000      0.000
   115.000      0.000      0.000      0.000      0.000      0.000
   120.000      0.000      0.000      0.000      0.000      0.000
   125.000      0.000      0.000      0.000      0.000      0.000
   130.000      0.000      0.000      0.000      0.000      0.000
   135.000      0.000      0.000      0.000      0.000      0.000
   140.000      0.000      0.000      0.000      0.000      0.000
   145.000      0.000      0.000      0.000      0.000      0.000
   -25.000      5.000      0.000      0.000      0.000      0.000
   -20.000      5.000      0.000      0.000      0.000      0.000
   -15.000      5.000      0.000      0.000      0.000      0.000
   -10.000      5.000      0.107   -158.490      0.111   -158.283
    -5.000      5.000      0.209     49.135      0.331     45.770
     0.000      5.000      0.354     43.624      0.473     43.398
     5.000      5.000      0.352     47.748      0.432     43.720
    10.000      5.000      0.261     79.545      0.269     79.602
    15.000      5.000      0.000      0.000      0.000      0.000
    20.000      5.000      0.000      0.000      0.000      0.000
    25.000      5.000      0.000      0.000      0.000      0.000
    30.000      5.000      0.000      0.000      0.000      0.000
    35.000      5.000      0.000      0.000      0.000      0.000
    40.000      5.000      0.000      0.000      0.000      0.000
    45.000      5.000      0.000      0.000      0.000      0.000
    50.000      5.000      0.000      0.000      0.000      0.000
    55.000      5.000      0.000      0.000      0.000      0.000
    60.000      5.000      0.000      0.000      0.000      0.000
    65.000      5.000      0.000      0.000      0.000      0.000
    70.000      5.000      0.000      0.000      0.000      0.000
    75.000      5.000      0.000      0.000      0.000      0.000
    80.000      5.000      0.000      0.000      0.000      0.000
    85.000      5.000      0.000      0.000      0.000      0.000
    90.000      5.000      0.000      0.000      0.000      0.000
    95.000      5.000      0.000      0.000      0.000      0.000
   100.000      5.000      0.000      0.000      0.000      0.000
   105.000      5.000      0.000      0.000      0.000      0.000
   110.000      5.000      0.000      0.000      0.000      0.000
   115.000      5.000      0.000      0.000      0.000      0.000
   120.000      5.000      0.000      0.000      0.000      0.000
   125.000      5.000      0.000      0.000      0.000      0.000
   130.000      5.000      0.000      0.000      0.000      0.000
   135.000      5.000      0.000      0.000      0.000      0.000
   140.000      5.000      0.000      0.000      0.000      0.000
   145.000      5.000      0.000      0.000      0.000      0.000
   -25.000     10.000      0.000      0.000      0.000      0.000
   -20.000     10.000      0.000      0.000      0.000      0.000
   -15.000     10.000      0.000      0.000      0.000      0.000
   -10.000     10.000      0.016   -123.815      0.016   -123.815
    -5.000     10.000      0.164     83.922      0.169     84.040
     0.000     10.000      0.131     61.765      0.135     61.790
     5.000     10.000      0.067     26.405      0.068     25.697
    10.000     10.000      0.039     85.800      0.039     85.800
    15.000     10.000      0.000      0.000      0.000      0.000
    20.000     10.000      0.000      0.000      0.000      0.000
    25.000     10.000      0.000      0.000      0.000      0.000
    30.000     10.000      0.000      0.000      0.000      0.000
    35.000     10.000      0.000      0.000      0.000      0.000
    40.000     10.000      0.000      0.000      0.000      0.000
    45.000     10.000      0.000      0.000      0.000      0.000
    50.000     10.000      0.000      0.000      0.000      0.000
    55.000     10.000      0.000      0.000      0.000      0.000
    60.000     10.000      0.000      0.000      0.000      0.000
    65.000     10.000      0.000      0.000      0.000      0.000
    70.000     10.000      0.000      0.000      0.000      0.000
    75.000     10.000      0.000      0.000      0.000      0.000
    80.000     10.000      0.000      0.000      0.000      0.000
    85.000     10.000      0.000      0.000      0.000      0.000
    90.000     10.000      0.000      0.000      0.000      0.000
    95.000     10.000      0.000      0.000      0.000      0.000
   100.000     10.000      0.000      0.000      0.000      0.000
   105.000     10.000      0.000      0.000      0.000      0.000
   110.000     10.000      0.000      0.000      0.000      0.000
   115.000     10.000      0.000      0.000      0.000      0.000
   120.000     10.000      0.000      0.000      0.000      0.000
   125.000     10.000      0.000      0.000      0.000      0.000
   130.000     10.000      0.000      0.000      0.000      0.000
   135.000     10.000      0.000      0.000      0.000      0.000
   140.000     10.000      0.000      0.000      0.000      0.000
   145.000     10.000      0.000      0.000      0.000      0.000
   -25.000     15.000      0.000      0.000      0.000      0.000
   -20.000     15.000      0.000      0.000      0.000      0.000
   -15.000     15.000      0.000      0.000      0.000      0.000
   -10.000     15.000      0.000      0.000      0.000      0.000
    -5.000     15.000      0.000      0.000      0.000      0.000
     0.000     15.000      0.000      0.000      0.000      0.000
     5.000     15.000      0.000      0.000      0.000      0.000
    10.000     15.000      0.000      0.000      0.000      0.000
    15.000     15.000      0.000      0.000      0.000      0.000
    20.000     15.000      0.000      0.000      0.000      0.000
    25.000     15.000      0.000      0.000      0.000      0.000
    30.000     15.000      0.000      0.000      0.000      0.000
    35.000     15.000      0.000      0.000      0.000      0.000
    40.000     15.000      0.000      0.000      0.000      0.000
    45.000     15.000      0.000      0.000      0.000      0.000
    50.000     15.000      0.000      0.000      0.000      0.000
    55.000     15.000      0.000      0.000      0.000      0.000
    60.000     15.000      0.000      0.000      0.000      0.000
    65.000     15.000      0.000      0.000      0.000      0.000
    70.000     15.000      0.000      0.000      0.000      0.000
    75.000     15.000      0.000      0.000      0.000      0.000
    80.000     15.000      0.000      0.000      0.000      0.000
    85.000     15.000      0.000      0.000      0.000      0.000
    90.000     15.000      0.000      0.000      0.000      0.000
    95.000     15.000      0.000      0.000      0.000      0.000
   100.000     15.000      0.000      0.000      0.000      0.000
   105.000     15.000      0.000      0.000      0.000      0.000
   110.000     15.000      0.000      0.000      0.000      0.000
   115.000     15.000      0.000      0.000      0.000      0.000
   120.000     15.000      0.000      0.000      0.000      0.000
   125.000     15.000      0.000      0.000      0.000      0.000
   130.000     15.000      0.000      0.000      0.000      0.000
   135.000     15.000      0.000      0.000      0.000      0.000
   140.000     15.000      0.000      0.000      0.000      0.000
   145.000     15.000      0.000      0.000      0.000      0.000
   -25.000     20.000      0.000      0.000      0.000      0.000
   -20.000     20.000      0.000      0.000      0.000      0.000
   -15.000     20.000      0.000      0.000      0.000      0.000
   -10.000     20.000      0.000      0.000      0.000      0.000
    -5.000     20.000      0.000      0.000      0.000      0.000
     0.000     20.000      0.000      0.000      0.000      0.000
     5.000     20.000      0.000      0.000      0.000      0.000
    10.000     20.000      0.000      0.000      0.000      0.000
    15.000     20.000      0.000      0.000      0.000      0.000
    20.000     20.000      0.000      0.000      0.000      0.000
    25.000     20.000      0.000      0.000      0.000      0.000
    30.000     20.000      0.000      0.000      0.000      0.000
    35.000     20.000      0.000      0.000      0.000      0.000
    40.000     20.000      0.000      0.000      0.000      0.000
    45.000     20.000      0.000      0.000      0.000      0.000
    50.000     20.000      0.000      0.000      0.000      0.000
    55.000     20.000      0.000      0.000      0.000      0.000
    60.000     20.000      0.000      0.000      0.000      0.000
    65.000     20.000      0.000      0.000      0.000      0.000
    70.000     20.000      0.000      0.000      0.000      0.000
    75.000     20.000      0.000      0.000      0.000      0.000
    80.000     20.000      0.000      0.000      0.000      0.000
    85.000     20.000      0.000      0.000      0.000      0.000
    90.000     20.000      0.000      0.000      0.000      0.000
    95.000     20.000      0.000      0.000      0.000      0.000
   100.000     20.000      0.000      0.000      0.000      0.000
   105.000     20.000      0.000      0.000      0.000      0.000
   110.000     20.000      0.000      0.000      0.000      0.000
   115.000     20.000      0.000      0.000      0.000      0.000
   120.000     20.000      0.000      0.000      0.000      0.000
   125.000     20.000      0.000      0.000      0.000      0.000
   130.000     20.000      0.000      0.000      0.000      0.000
   135.000     20.000      0.000      0.000      0.000      0.000
   140.000     20.000      0.000      0.000      0.000      0.000
   145.000     20.000      0.000      0.000      0.000      0.000
   -25.000     25.000      0.000      0.000      0.000      0.000
   -20.000     25.000      0.000      0.000      0.000      0.000
   -15.000     25.000      0.000      0.000      0.000      0.000
   -10.000     25.000      0.000      0.000      0.000      0.000
    -5.000     25.000      0.000      0.000      0.000      0.000
     0.000     25.000      0.000      0.000      0.000      0.000
     5.000     25.000      0.000      0.000      0.000      0.000
    10.000     25.000      0.000      0.000      0.000      0.000
    15.000     25.000      0.000      0.000      0.000      0.000
    20.000     25.000      0.000      0.000      0.000      0.000
    25.000     25.000      0.000      0.000      0.000      0.000
    30.000     25.000      0.000      0.000      0.000      0.000
    35.000     25.000      0.000      0.000      0.000      0.000
    40.000     25.000      0.000      0.000      0.000      0.000
    45.000     25.000      0.000      0.000      0.000      0.000
    50.000     25.000      0.000      0.000      0.000      0.000
    55.000     25.000      0.000      0.000      0.000      0.000
    60.000     25.000      0.000      0.000      0.000      0.000
    65.000     25.000      0.000      0.000      0.000      0.000
    70.000     25.000      0.000      0.000      0.000      0.000
    75.000     25.000      0.000      0.000      0.000      0.000
    80.000     25.000      0.000      0.000      0.000      0.000
    85.000     25.000      0.000      0.000      0.000      0.000
    90.000     25.000      0.000      0.000      0.000      0.000
    95.000     25.000      0.000      0.000      0.000      0.000
   100.000     25.000      0.000      0.000      0.000      0.000
   105.000     25.000      0.000      0.000      0.000      0.000
   110.000     25.000      0.000      0.000      0.000      0.000
   115.000     25.000      0.000      0.000      0.000      0.000
   120.000     25.000      0.000      0.000      0.000      0.000
   125.000     25.000      0.000      0.000      0.000      0.000
   130.000     25.000      0.000      0.000      0.000      0.000
   135.000     25.000      0.000      0.000      0.000      0.000
   140.000     25.000      0.000      0.000      0.000      0.000
   145.000     25.000      0.000      0.000      0.000      0.000
