   -25.000    -65.000      0.000      0.000      0.000      0.000
   -20.000    -65.000      0.000      0.000      0.000      0.000
   -15.000    -65.000      0.000      0.000      0.000      0.000
   -10.000    -65.000      0.000      0.000      0.000      0.000
    -5.000    -65.000      0.000      0.000      0.000      0.000
     0.000    -65.000      0.000      0.000      0.000      0.000
     5.000    -65.000      0.000      0.000      0.000      0.000
    10.000    -65.000      0.000      0.000      0.000      0.000
    15.000    -65.000      0.000      0.000      0.000      0.000
    20.000    -65.000      0.000      0.000      0.000      0.000
    25.000    -65.000      0.000      0.000      0.000      0.000
    30.000    -65.000      0.000      0.000      0.000      0.000
    35.000    -65.000      0.000      0.000      0.000      0.000
    40.000    -65.000      0.000      0.000      0.000      0.000
    45.000    -65.000      0.000      0.000      0.000      0.000
    50.000    -65.000      0.000      0.000      0.000      0.000
    55.000    -65.000      0.000      0.000      0.000      0.000
    60.000    -65.000      0.000      0.000      0.000      0.000
    65.000    -65.000      0.000      0.000      0.000      0.000
    70.000    -65.000      0.000      0.000      0.000      0.000
    75.000    -65.000      0.000      0.000      0.000      0.000
    80.000    -65.000      0.000      0.000      0.000      0.000
    85.000    -65.000      0.000      0.000      0.000      0.000
    90.000    -65.000      0.000      0.000      0.000      0.000
    95.000    -65.000      0.000      0.000      0.000      0.000
   100.000    -65.000      0.000      0.000      0.000      0.000
   105.000    -65.000      0.000      0.000      0.000      0.000
   110.000    -65.000      0.000      0.000      0.000      0.000
   115.000    -65.000      0.000      0.000      0.000      0.000
   120.000    -65.000      0.000      0.000      0.000      0.000
   125.000    -65.000      0.000      0.000      0.000      0.000
   130.000    -65.000      0.000      0.000      0.000      0.000
   135.000    -65.000      0.000      0.000      0.000      0.000
   140.000    -65.000      0.000      0.000      0.000      0.000
   145.000    -65.000      0.000      0.000      0.000      0.000
   -25.000    -60.000      0.000      0.000      0.000      0.000
   -20.000    -60.000      0.000      0.000      0.000      0.000
   -15.000    -60.000      0.000      0.000      0.000      0.000
   -10.000    -60.000      0.000      0.000      0.000      0.000
    -5.000    -60.000      0.000      0.000      0.000      0.000
     0.000    -60.000      0.000      0.000      0.000      0.000
     5.000    -60.000      0.000      0.000      0.000      0.000
    10.000    -60.000      0.000      0.000      0.000      0.000
    15.000    -60.000      0.000      0.000      0.000      0.000
    20.000    -60.000      0.000      0.000      0.000      0.000
    25.000    -60.000      0.000      0.000      0.000      0.000
    30.000    -60.000      0.000      0.000      0.000      0.000
    35.000    -60.000      0.000      0.000      0.000      0.000
    40.000    -60.000      0.000      0.000      0.000      0.000
    45.000    -60.000      0.000      0.000      0.000      0.000
    50.000    -60.000      0.000      0.000      0.000      0.000
    55.000    -60.000      0.000      0.000      0.000      0.000
    60.000    -60.000      0.000      0.000      0.000      0.000
    65.000    -60.000      0.000      0.000      0.000      0.000
    70.000    -60.000      0.000      0.000      0.000      0.000
    75.000    -60.000      0.000      0.000      0.000      0.000
    80.000    -60.000      0.000      0.000      0.000      0.000
    85.000    -60.000      0.000      0.000      0.000      0.000
    90.000    -60.000      0.000      0.000      0.000      0.000
    95.000    -60.000      0.000      0.000      0.000      0.000
   100.000    -60.000      0.000      0.000      0.000      0.000
   105.000    -60.000      0.000      0.000      0.000      0.000
   110.000    -60.000      0.000      0.000      0.000      0.000
   115.000    -60.000      0.000      0.000      0.000      0.000
   120.000    -60.000      0.000      0.000      0.000      0.000
   125.000    -60.000      0.000      0.000      0.000      0.000
   130.000    -60.000      0.000      0.000      0.000      0.000
   135.000    -60.000      0.000      0.000      0.000      0.000
   140.000    -60.000      0.000      0.000      0.000      0.000
   145.000    -60.000      0.000      0.000      0.000      0.000
   -25.000    -55.000      0.000      0.000      0.000      0.000
   -20.000    -55.000      0.000      0.000      0.000      0.000
   -15.000    -55.000      0.000      0.000      0.000      0.000
   -10.000    -55.000      0.000      0.000      0.000      0.000
    -5.000    -55.000      0.000      0.000      0.000      0.000
     0.000    -55.000      0.000      0.000      0.000      0.000
     5.000    -55.000      0.000      0.000      0.000      0.000
    10.000    -55.000      0.000      0.000      0.000      0.000
    15.000    -55.000      0.000      0.000      0.000      0.000
    20.000    -55.000      0.000      0.000      0.000      0.000
    25.000    -55.000      0.000      0.000      0.000      0.000
    30.000    -55.000      0.000      0.000      0.000      0.000
    35.000    -55.000      0.000      0.000      0.000      0.000
    40.000    -55.000      0.000      0.000      0.000      0.000
    45.000    -55.000      0.000      0.000      0.000      0.000
    50.000    -55.000      0.000      0.000      0.000      0.000
    55.000    -55.000      0.000      0.000      0.000      0.000
    60.000    -55.000      0.000      0.000      0.000      0.000
    65.000    -55.000      0.000      0.000      0.000      0.000
    70.000    -55.000      0.000      0.000      0.000      0.000
    75.000    -55.000      0.000      0.000      0.000      0.000
    80.000    -55.000      0.000      0.000      0.000      0.000
    85.000    -55.000      0.000      0.000      0.000      0.000
    90.000    -55.000      0.000      0.000      0.000      0.000
    95.000    -55.000      0.000      0.000      0.000      0.000
   100.000    -55.000      0.000      0.000      0.000      0.000
   105.000    -55.000      0.000      0.000      0.000      0.000
   110.000    -55.000      0.000      0.000      0.000      0.000
   115.000    -55.000      0.000      0.000      0.000      0.000
   120.000    -55.000      0.000      0.000      0.000      0.000
   125.000    -55.000      0.000      0.000      0.000      0.000
   130.000    -55.000      0.000      0.000      0.000      0.000
   135.000    -55.000      0.000      0.000      0.000      0.000
   140.000    -55.000      0.000      0.000      0.000      0.000
   145.000    -55.000      0.000      0.000      0.000      0.000
   -25.000    -50.000      0.000      0.000      0.000      0.000
   -20.000    -50.000      0.000      0.000      0.000      0.000
   -15.000    -50.000      0.000      0.000      0.000      0.000
   -10.000    -50.000      0.099     28.726      0.499     90.509
    -5.000    -50.000      0.072     -8.816      1.041     87.059
     0.000    -50.000      0.092    -72.057      1.502     79.777
     5.000    -50.000      0.137    -91.904      1.757     71.448
    10.000    -50.000      0.160    -92.365      1.826     64.557
    15.000    -50.000      0.175    -89.274      1.628     61.571
    20.000    -50.000      0.184    -90.486      1.568     73.123
    25.000    -50.000      0.147    -88.087      1.180     84.524
    30.000    -50.000      0.140    -87.015      0.449    119.691
    35.000    -50.000      0.142    -87.152      0.615   -169.813
    40.000    -50.000      0.169    -88.178      0.942   -154.025
    45.000    -50.000      0.190    -87.316      1.162   -162.870
    50.000    -50.000      0.219    -88.738      1.466   -158.241
    55.000    -50.000      0.234    -91.824      1.379   -144.105
    60.000    -50.000      0.236    -92.842      1.235   -140.851
    65.000    -50.000      0.240    -91.071      1.218   -118.427
    70.000    -50.000      0.246    -88.627      1.542   -107.452
    75.000    -50.000      0.226    -85.771      1.287   -102.372
    80.000    -50.000      0.200    -81.597      1.449   -102.052
    85.000    -50.000      0.185    -72.782      1.039    -97.162
    90.000    -50.000      0.182    -64.412      0.673    -79.636
    95.000    -50.000      0.192    -57.623      0.816    -81.374
   100.000    -50.000      0.211    -50.027      0.828    -98.251
   105.000    -50.000      0.238    -44.591      0.326   -104.806
   110.000    -50.000      0.258    -38.821      0.281    -92.832
   115.000    -50.000      0.265    -37.736      0.465    -70.642
   120.000    -50.000      0.248    -39.194      0.841    -71.651
   125.000    -50.000      0.194    -40.414      0.889    -69.969
   130.000    -50.000      0.122    -38.764      0.250    -47.296
   135.000    -50.000      0.000      0.000      0.000      0.000
   140.000    -50.000      0.000      0.000      0.000      0.000
   145.000    -50.000      0.000      0.000      0.000      0.000
   -25.000    -45.000      0.000      0.000      0.000      0.000
   -20.000    -45.000      0.000      0.000      0.000      0.000
   -15.000    -45.000      0.000      0.000      0.000      0.000
   -10.000    -45.000      0.025    141.942      0.871    103.973
    -5.000    -45.000      0.116   -139.377      1.158     96.236
     0.000    -45.000      0.216   -128.331      1.323     78.811
     5.000    -45.000      0.248   -121.550      1.478     65.758
    10.000    -45.000      0.217   -108.765      1.349     55.145
    15.000    -45.000      0.236    -96.462      1.081     49.455
    20.000    -45.000      0.203    -95.390      1.364     62.713
    25.000    -45.000      0.103    -97.725      0.687     74.234
    30.000    -45.000      0.065    -97.007      0.496   -165.963
    35.000    -45.000      0.104    -96.292      1.318   -144.540
    40.000    -45.000      0.189    -95.156      1.787   -135.987
    45.000    -45.000      0.280    -93.970      2.335   -139.534
    50.000    -45.000      0.346    -90.807      2.902   -142.148
    55.000    -45.000      0.398    -88.027      2.752   -143.419
    60.000    -45.000      0.437    -87.057      2.627   -131.873
    65.000    -45.000      0.452    -86.374      2.889   -113.312
    70.000    -45.000      0.443    -84.242      2.858   -101.568
    75.000    -45.000      0.422    -79.804      2.643    -94.676
    80.000    -45.000      0.400    -74.672      2.864    -94.897
    85.000    -45.000      0.377    -69.013      2.237    -96.637
    90.000    -45.000      0.359    -62.266      1.509    -90.144
    95.000    -45.000      0.354    -55.559      1.209    -76.973
   100.000    -45.000      0.353    -50.277      1.178    -90.444
   105.000    -45.000      0.356    -45.754      0.812    -98.749
   110.000    -45.000      0.374    -43.639      0.741   -100.908
   115.000    -45.000      0.392    -43.775      0.981    -87.188
   120.000    -45.000      0.387    -47.635      1.685    -76.826
   125.000    -45.000      0.337    -55.591      1.557    -65.797
   130.000    -45.000      0.249    -68.112      0.721    -61.759
   135.000    -45.000      0.000      0.000      0.000      0.000
   140.000    -45.000      0.000      0.000      0.000      0.000
   145.000    -45.000      0.000      0.000      0.000      0.000
   -25.000    -40.000      0.000      0.000      0.000      0.000
   -20.000    -40.000      0.000      0.000      0.000      0.000
   -15.000    -40.000      0.000      0.000      0.000      0.000
   -10.000    -40.000      0.034     69.122      0.323    116.402
    -5.000    -40.000      0.017     83.514      0.382     71.229
     0.000    -40.000      0.006   -153.768      0.566     41.146
     5.000    -40.000      0.007   -112.921      0.689     17.040
    10.000    -40.000      0.001     -3.468      0.657    -16.987
    15.000    -40.000      0.198    -97.846      1.177    -77.110
    20.000    -40.000      0.189    -87.771      1.382    -79.907
    25.000    -40.000      0.053   -100.227      1.405    -89.224
    30.000    -40.000      0.041   -172.985      2.027   -107.009
    35.000    -40.000      0.087   -151.928      2.679   -120.891
    40.000    -40.000      0.152   -114.613      3.220   -123.877
    45.000    -40.000      0.265    -95.144      4.293   -122.184
    50.000    -40.000      0.390    -88.378      4.842   -127.465
    55.000    -40.000      0.482    -84.777      4.715   -128.189
    60.000    -40.000      0.545    -81.449      4.816   -121.275
    65.000    -40.000      0.581    -78.220      5.030   -110.391
    70.000    -40.000      0.601    -75.671      4.734   -100.084
    75.000    -40.000      0.581    -72.794      4.224    -93.144
    80.000    -40.000      0.549    -69.424      4.147    -91.158
    85.000    -40.000      0.505    -64.786      3.349    -93.019
    90.000    -40.000      0.473    -60.228      2.492    -91.779
    95.000    -40.000      0.453    -56.537      2.009    -85.846
   100.000    -40.000      0.446    -53.871      1.597    -88.297
   105.000    -40.000      0.439    -52.738      1.136    -93.813
   110.000    -40.000      0.446    -55.676      1.334    -95.148
   115.000    -40.000      0.442    -58.839      1.614    -92.562
   120.000    -40.000      0.433    -61.934      2.152    -84.113
   125.000    -40.000      0.388    -65.195      2.041    -75.669
   130.000    -40.000      0.264    -71.699      0.973    -64.935
   135.000    -40.000      0.000      0.000      0.000      0.000
   140.000    -40.000      0.000      0.000      0.000      0.000
   145.000    -40.000      0.000      0.000      0.000      0.000
   -25.000    -35.000      0.000      0.000      0.000      0.000
   -20.000    -35.000      0.000      0.000      0.000      0.000
   -15.000    -35.000      0.000      0.000      0.000      0.000
   -10.000    -35.000      0.000      0.000      1.133    -98.101
    -5.000    -35.000      0.000      0.000      1.821    -85.287
     0.000    -35.000      0.000      0.000      2.347    -80.695
     5.000    -35.000      0.000      0.000      2.731    -80.109
    10.000    -35.000      0.000      0.000      2.925    -80.986
    15.000    -35.000      0.000      0.000      3.117    -86.854
    20.000    -35.000      0.032    -90.480      3.595    -87.585
    25.000    -35.000      0.039    -49.886      3.734    -91.558
    30.000    -35.000      0.043   -122.906      4.662    -98.223
    35.000    -35.000      0.114   -142.342      5.570   -107.114
    40.000    -35.000      0.148   -119.594      6.073   -111.189
    45.000    -35.000      0.225    -93.356      6.911   -113.707
    50.000    -35.000      0.338    -80.758      7.712   -117.363
    55.000    -35.000      0.443    -74.734      7.724   -119.308
    60.000    -35.000      0.524    -70.978      7.794   -115.633
    65.000    -35.000      0.580    -68.164      7.791   -108.340
    70.000    -35.000      0.610    -65.865      7.296   -101.566
    75.000    -35.000      0.613    -64.288      6.674    -96.331
    80.000    -35.000      0.595    -63.266      5.960    -93.111
    85.000    -35.000      0.570    -61.693      4.690    -94.085
    90.000    -35.000      0.532    -59.846      3.732    -94.099
    95.000    -35.000      0.504    -59.851      3.141    -90.417
   100.000    -35.000      0.480    -62.677      2.484    -89.432
   105.000    -35.000      0.487    -65.547      1.525    -85.177
   110.000    -35.000      0.511    -67.357      1.687    -85.941
   115.000    -35.000      0.499    -69.493      2.121    -90.073
   120.000    -35.000      0.457    -72.636      2.394    -87.190
   125.000    -35.000      0.371    -74.609      1.994    -86.145
   130.000    -35.000      0.206    -74.445      0.938    -80.635
   135.000    -35.000      0.000      0.000      0.000      0.000
   140.000    -35.000      0.000      0.000      0.000      0.000
   145.000    -35.000      0.000      0.000      0.000      0.000
   -25.000    -30.000      0.000      0.000      0.000      0.000
   -20.000    -30.000      0.000      0.000      0.000      0.000
   -15.000    -30.000      0.000      0.000      0.000      0.000
   -10.000    -30.000      0.000      0.000      2.240    -97.400
    -5.000    -30.000      0.000      0.000      3.661    -93.646
     0.000    -30.000      0.000      0.000      4.609    -92.592
     5.000    -30.000      0.000      0.000      5.143    -91.447
    10.000    -30.000      0.000      0.000      5.389    -89.237
    15.000    -30.000      0.000      0.000      5.728    -87.867
    20.000    -30.000      0.000      0.000      6.339    -89.391
    25.000    -30.000      0.000      0.000      6.861    -92.814
    30.000    -30.000      0.011    -82.972      7.588    -96.560
    35.000    -30.000      0.089   -118.741      8.442   -101.888
    40.000    -30.000      0.085   -101.352      9.431   -105.128
    45.000    -30.000      0.174    -74.565     10.307   -106.268
    50.000    -30.000      0.288    -65.924     10.719   -110.225
    55.000    -30.000      0.394    -62.940     11.140   -112.750
    60.000    -30.000      0.485    -61.715     11.378   -112.060
    65.000    -30.000      0.545    -60.806     11.262   -108.781
    70.000    -30.000      0.569    -58.896     10.380   -103.856
    75.000    -30.000      0.568    -56.702      9.550    -98.572
    80.000    -30.000      0.542    -55.212      8.226    -96.392
    85.000    -30.000      0.504    -55.071      6.171    -95.734
    90.000    -30.000      0.467    -55.410      4.824    -94.365
    95.000    -30.000      0.447    -57.096      3.654    -88.646
   100.000    -30.000      0.447    -62.621      3.010    -87.837
   105.000    -30.000      0.453    -69.579      2.246    -82.744
   110.000    -30.000      0.469    -75.434      1.984    -79.636
   115.000    -30.000      0.473    -79.840      2.425    -84.589
   120.000    -30.000      0.443    -82.361      2.567    -85.678
   125.000    -30.000      0.348    -82.889      2.053    -87.492
   130.000    -30.000      0.177    -83.375      0.947    -92.575
   135.000    -30.000      0.000      0.000      0.000      0.000
   140.000    -30.000      0.000      0.000      0.000      0.000
   145.000    -30.000      0.000      0.000      0.000      0.000
   -25.000    -25.000      0.000      0.000      0.000      0.000
   -20.000    -25.000      0.000      0.000      0.000      0.000
   -15.000    -25.000      0.000      0.000      0.000      0.000
   -10.000    -25.000      0.000      0.000      2.769   -103.845
    -5.000    -25.000      0.000      0.000      4.857   -100.486
     0.000    -25.000      0.000      0.000      6.198    -97.921
     5.000    -25.000      0.000      0.000      6.840    -95.388
    10.000    -25.000      0.000      0.000      7.059    -91.357
    15.000    -25.000      0.000      0.000      7.485    -86.348
    20.000    -25.000      0.000      0.000      8.127    -86.907
    25.000    -25.000      0.000      0.000      9.478    -89.697
    30.000    -25.000      0.000      0.000     10.402    -94.205
    35.000    -25.000      0.100    -50.549     11.765    -96.560
    40.000    -25.000      0.087     -7.993     12.777    -98.721
    45.000    -25.000      0.169    -37.003     13.797   -100.821
    50.000    -25.000      0.262    -49.266     14.321   -104.528
    55.000    -25.000      0.347    -53.483     14.362   -107.349
    60.000    -25.000      0.427    -54.385     14.531   -109.121
    65.000    -25.000      0.475    -52.320     14.545   -108.064
    70.000    -25.000      0.483    -50.090     13.706   -105.629
    75.000    -25.000      0.476    -48.351     12.038   -101.484
    80.000    -25.000      0.457    -44.283     10.569    -98.079
    85.000    -25.000      0.431    -43.282      8.096    -96.122
    90.000    -25.000      0.392    -46.448      5.886    -93.388
    95.000    -25.000      0.368    -54.503      4.332    -88.946
   100.000    -25.000      0.364    -64.978      3.162    -86.306
   105.000    -25.000      0.382    -76.244      2.627    -86.228
   110.000    -25.000      0.407    -84.870      2.336    -80.969
   115.000    -25.000      0.408    -91.512      2.538    -82.742
   120.000    -25.000      0.364    -95.747      2.375    -85.905
   125.000    -25.000      0.285    -99.184      1.700    -88.866
   130.000    -25.000      0.151   -106.019      0.581    -87.892
   135.000    -25.000      0.000      0.000      0.000      0.000
   140.000    -25.000      0.000      0.000      0.000      0.000
   145.000    -25.000      0.000      0.000      0.000      0.000
   -25.000    -20.000      0.000      0.000      0.000      0.000
   -20.000    -20.000      0.000      0.000      0.000      0.000
   -15.000    -20.000      0.000      0.000      0.000      0.000
   -10.000    -20.000      0.000      0.000      2.608   -103.306
    -5.000    -20.000      0.000      0.000      4.723   -102.036
     0.000    -20.000      0.000      0.000      5.920    -98.247
     5.000    -20.000      0.000      0.000      6.569    -93.250
    10.000    -20.000      0.000      0.000      7.119    -87.609
    15.000    -20.000      0.000      0.000      8.009    -82.414
    20.000    -20.000      0.000      0.000      8.818    -81.577
    25.000    -20.000      0.000      0.000     10.678    -84.840
    30.000    -20.000      0.000      0.000     12.457    -88.974
    35.000    -20.000      0.049    -10.759     14.078    -92.152
    40.000    -20.000      0.111     22.491     15.157    -95.864
    45.000    -20.000      0.193    -13.241     16.200    -97.169
    50.000    -20.000      0.260    -31.637     17.080   -100.421
    55.000    -20.000      0.314    -40.082     17.059   -103.832
    60.000    -20.000      0.358    -41.904     16.697   -106.858
    65.000    -20.000      0.398    -39.236     16.559   -107.805
    70.000    -20.000      0.411    -34.458     15.830   -107.052
    75.000    -20.000      0.407    -32.669     14.201   -105.040
    80.000    -20.000      0.389    -32.798     11.925   -101.427
    85.000    -20.000      0.365    -36.965      9.498    -98.188
    90.000    -20.000      0.336    -44.807      6.955    -93.929
    95.000    -20.000      0.320    -58.720      4.619    -85.923
   100.000    -20.000      0.321    -75.604      2.933    -81.761
   105.000    -20.000      0.335    -89.964      2.497    -83.868
   110.000    -20.000      0.343   -100.140      2.589    -83.904
   115.000    -20.000      0.351   -109.203      2.582    -81.453
   120.000    -20.000      0.347   -117.114      2.358    -83.242
   125.000    -20.000      0.299   -123.049      1.555    -92.861
   130.000    -20.000      0.189   -126.646      0.697    -95.940
   135.000    -20.000      0.000      0.000      0.000      0.000
   140.000    -20.000      0.000      0.000      0.000      0.000
   145.000    -20.000      0.000      0.000      0.000      0.000
   -25.000    -15.000      0.000      0.000      0.000      0.000
   -20.000    -15.000      0.000      0.000      0.000      0.000
   -15.000    -15.000      0.000      0.000      0.000      0.000
   -10.000    -15.000      0.000      0.000      2.535    -97.130
    -5.000    -15.000      0.000      0.000      4.493    -97.417
     0.000    -15.000      0.000      0.000      5.602    -93.632
     5.000    -15.000      0.000      0.000      6.340    -87.723
    10.000    -15.000      0.000      0.000      6.972    -81.466
    15.000    -15.000      0.000      0.000      8.158    -77.448
    20.000    -15.000      0.000      0.000      9.408    -75.261
    25.000    -15.000      0.000      0.000     10.948    -78.449
    30.000    -15.000      0.000      0.000     13.080    -83.213
    35.000    -15.000      0.000      0.000     15.253    -88.600
    40.000    -15.000      0.074     41.102     16.422    -93.896
    45.000    -15.000      0.172    -12.927     17.739    -95.781
    50.000    -15.000      0.269    -27.343     18.486    -98.551
    55.000    -15.000      0.337    -30.848     18.893   -101.763
    60.000    -15.000      0.375    -30.791     17.979   -104.901
    65.000    -15.000      0.395    -28.964     17.402   -107.424
    70.000    -15.000      0.399    -27.114     16.660   -107.222
    75.000    -15.000      0.380    -28.239     14.939   -107.133
    80.000    -15.000      0.344    -31.285     12.683   -105.083
    85.000    -15.000      0.303    -39.064     10.142   -101.626
    90.000    -15.000      0.265    -52.647      7.331    -95.153
    95.000    -15.000      0.257    -72.393      4.378    -83.096
   100.000    -15.000      0.272    -92.877      2.305    -72.613
   105.000    -15.000      0.292   -110.171      1.652    -76.881
   110.000    -15.000      0.315   -123.014      2.064    -84.785
   115.000    -15.000      0.328   -131.847      2.167    -82.662
   120.000    -15.000      0.329   -137.957      1.852    -80.993
   125.000    -15.000      0.278   -138.841      1.099    -88.356
   130.000    -15.000      0.173   -133.848      0.572    -93.670
   135.000    -15.000      0.000      0.000      0.000      0.000
   140.000    -15.000      0.000      0.000      0.000      0.000
   145.000    -15.000      0.000      0.000      0.000      0.000
   -25.000    -10.000      0.000      0.000      0.000      0.000
   -20.000    -10.000      0.000      0.000      0.000      0.000
   -15.000    -10.000      0.000      0.000      0.000      0.000
   -10.000    -10.000      0.000      0.000      2.079    -95.359
    -5.000    -10.000      0.000      0.000      2.933    -86.138
     0.000    -10.000      0.000      0.000      4.098    -78.366
     5.000    -10.000      0.000      0.000      5.289    -71.910
    10.000    -10.000      0.000      0.000      6.530    -68.204
    15.000    -10.000      0.000      0.000      7.473    -67.900
    20.000    -10.000      0.000      0.000      9.024    -68.671
    25.000    -10.000      0.000      0.000     10.965    -73.195
    30.000    -10.000      0.000      0.000     12.600    -77.971
    35.000    -10.000      0.000      0.000     14.919    -84.562
    40.000    -10.000      0.027    -49.651     16.841    -91.904
    45.000    -10.000      0.147    -24.551     18.234    -94.953
    50.000    -10.000      0.247    -25.634     18.884    -97.349
    55.000    -10.000      0.321    -27.061     18.940   -100.487
    60.000    -10.000      0.359    -26.890     18.172   -103.382
    65.000    -10.000      0.365    -25.733     16.887   -106.653
    70.000    -10.000      0.352    -23.734     16.059   -108.707
    75.000    -10.000      0.318    -24.164     14.536   -109.628
    80.000    -10.000      0.268    -27.574     12.626   -108.589
    85.000    -10.000      0.217    -37.197      9.971   -104.237
    90.000    -10.000      0.169    -59.888      6.914    -97.063
    95.000    -10.000      0.164    -94.818      4.062    -83.542
   100.000    -10.000      0.206   -118.569      2.145    -61.633
   105.000    -10.000      0.252   -129.711      1.219    -45.203
   110.000    -10.000      0.298   -134.600      1.439    -72.913
   115.000    -10.000      0.316   -136.998      1.754    -82.860
   120.000    -10.000      0.302   -138.163      1.345    -80.818
   125.000    -10.000      0.242   -139.234      0.897    -80.526
   130.000    -10.000      0.125   -142.808      0.560    -78.465
   135.000    -10.000      0.000      0.000      0.000      0.000
   140.000    -10.000      0.000      0.000      0.000      0.000
   145.000    -10.000      0.000      0.000      0.000      0.000
   -25.000     -5.000      0.000      0.000      0.000      0.000
   -20.000     -5.000      0.000      0.000      0.000      0.000
   -15.000     -5.000      0.000      0.000      0.000      0.000
   -10.000     -5.000      0.000      0.000      1.148    -69.329
    -5.000     -5.000      0.000      0.000      1.877    -57.714
     0.000     -5.000      0.000      0.000      2.902    -49.214
     5.000     -5.000      0.000      0.000      4.061    -46.702
    10.000     -5.000      0.000      0.000      5.645    -52.087
    15.000     -5.000      0.000      0.000      7.226    -55.305
    20.000     -5.000      0.000      0.000      8.573    -60.021
    25.000     -5.000      0.000      0.000     10.501    -69.138
    30.000     -5.000      0.000      0.000     12.095    -74.943
    35.000     -5.000      0.000      0.000     13.568    -82.623
    40.000     -5.000      0.037    -93.535     15.404    -90.215
    45.000     -5.000      0.166    -57.153     17.100    -94.724
    50.000     -5.000      0.255    -46.893     17.818    -97.192
    55.000     -5.000      0.305    -40.183     17.509    -99.406
    60.000     -5.000      0.315    -32.427     16.725   -102.860
    65.000     -5.000      0.300    -25.834     15.550   -106.222
    70.000     -5.000      0.277    -21.182     14.535   -109.010
    75.000     -5.000      0.235    -19.699     13.071   -111.607
    80.000     -5.000      0.181    -22.469     11.260   -111.173
    85.000     -5.000      0.127    -38.322      9.155   -107.118
    90.000     -5.000      0.101    -74.319      6.431   -100.345
    95.000     -5.000      0.125   -108.903      3.828    -87.589
   100.000     -5.000      0.168   -126.030      1.899    -56.430
   105.000     -5.000      0.213   -133.632      1.309    -25.334
   110.000     -5.000      0.253   -136.517      0.874    -28.460
   115.000     -5.000      0.267   -136.878      0.852    -70.493
   120.000     -5.000      0.248   -136.813      0.560    -74.581
   125.000     -5.000      0.193   -137.256      0.620    -81.569
   130.000     -5.000      0.107   -140.344      0.523    -83.600
   135.000     -5.000      0.000      0.000      0.000      0.000
   140.000     -5.000      0.000      0.000      0.000      0.000
   145.000     -5.000      0.000      0.000      0.000      0.000
   -25.000      0.000      0.000      0.000      0.000      0.000
   -20.000      0.000      0.000      0.000      0.000      0.000
   -15.000      0.000      0.000      0.000      0.000      0.000
   -10.000      0.000      0.000      0.000      0.537    -15.928
    -5.000      0.000      0.000      0.000      1.410    -21.236
     0.000      0.000      0.000      0.000      2.601    -14.314
     5.000      0.000      0.000      0.000      3.754    -17.189
    10.000      0.000      0.000      0.000      4.502    -31.656
    15.000      0.000      0.000      0.000      6.012    -44.273
    20.000      0.000      0.000      0.000      7.361    -54.236
    25.000      0.000      0.000      0.000      9.081    -67.371
    30.000      0.000      0.000      0.000     10.453    -75.020
    35.000      0.000      0.000      0.000     11.257    -81.370
    40.000      0.000      0.003    -79.287     12.757    -88.234
    45.000      0.000      0.158    -69.045     14.427    -94.080
    50.000      0.000      0.229    -58.392     15.204    -97.449
    55.000      0.000      0.263    -49.397     14.826    -99.785
    60.000      0.000      0.266    -43.138     13.981   -102.465
    65.000      0.000      0.245    -41.125     13.043   -106.153
    70.000      0.000      0.204    -35.526     11.919   -109.643
    75.000      0.000      0.159    -28.538     10.685   -112.885
    80.000      0.000      0.114    -26.353      9.457   -112.889
    85.000      0.000      0.083    -31.339      7.803   -110.063
    90.000      0.000      0.062    -52.205      5.399   -103.862
    95.000      0.000      0.071    -91.557      3.214    -93.298
   100.000      0.000      0.108   -113.923      1.683    -64.226
   105.000      0.000      0.155   -123.625      1.265    -33.688
   110.000      0.000      0.188   -128.129      0.906    -15.174
   115.000      0.000      0.215   -131.529      0.489    -54.877
   120.000      0.000      0.235   -133.469      0.275   -103.121
   125.000      0.000      0.221   -132.971      0.200   -143.811
   130.000      0.000      0.152   -131.165      0.198   -138.322
   135.000      0.000      0.000      0.000      0.000      0.000
   140.000      0.000      0.000      0.000      0.000      0.000
   145.000      0.000      0.000      0.000      0.000      0.000
   -25.000      5.000      0.000      0.000      0.000      0.000
   -20.000      5.000      0.000      0.000      0.000      0.000
   -15.000      5.000      0.000      0.000      0.000      0.000
   -10.000      5.000      0.000      0.000      0.333      8.175
    -5.000      5.000      0.000      0.000      1.585     13.038
     0.000      5.000      0.000      0.000      2.636     10.222
     5.000      5.000      0.000      0.000      3.309      3.648
    10.000      5.000      0.000      0.000      3.590    -12.270
    15.000      5.000      0.000      0.000      4.699    -40.823
    20.000      5.000      0.000      0.000      5.844    -52.623
    25.000      5.000      0.000      0.000      6.764    -64.116
    30.000      5.000      0.000      0.000      7.485    -74.419
    35.000      5.000      0.000      0.000      8.280    -81.293
    40.000      5.000      0.024   -122.312      9.264    -87.722
    45.000      5.000      0.134    -89.044     10.562    -93.586
    50.000      5.000      0.192    -75.145     11.073    -97.773
    55.000      5.000      0.222    -67.217     10.923   -100.677
    60.000      5.000      0.216    -59.765     10.168   -102.209
    65.000      5.000      0.194    -52.177      9.457   -105.771
    70.000      5.000      0.164    -46.668      8.336   -110.272
    75.000      5.000      0.131    -40.718      7.640   -112.623
    80.000      5.000      0.098    -31.116      6.703   -113.216
    85.000      5.000      0.067    -17.404      5.586   -112.793
    90.000      5.000      0.042    -17.652      3.991   -107.550
    95.000      5.000      0.031    -55.400      2.196    -98.705
   100.000      5.000      0.051   -111.409      1.058    -71.100
   105.000      5.000      0.102   -126.306      0.745    -30.015
   110.000      5.000      0.146   -129.780      0.811      1.633
   115.000      5.000      0.179   -129.719      0.486     33.165
   120.000      5.000      0.189   -128.469      0.100    -92.528
   125.000      5.000      0.173   -126.078      0.153    174.456
   130.000      5.000      0.115   -126.298      0.243    167.689
   135.000      5.000      0.000      0.000      0.000      0.000
   140.000      5.000      0.000      0.000      0.000      0.000
   145.000      5.000      0.000      0.000      0.000      0.000
   -25.000     10.000      0.000      0.000      0.000      0.000
   -20.000     10.000      0.000      0.000      0.000      0.000
   -15.000     10.000      0.000      0.000      0.000      0.000
   -10.000     10.000      0.000      0.000      0.281    -38.493
    -5.000     10.000      0.000      0.000      0.960     15.312
     0.000     10.000      0.000      0.000      1.557     12.087
     5.000     10.000      0.000      0.000      1.892      7.196
    10.000     10.000      0.000      0.000      2.115      0.678
    15.000     10.000      0.000      0.000      2.668    -39.581
    20.000     10.000      0.000      0.000      3.364    -52.025
    25.000     10.000      0.000      0.000      3.651    -62.542
    30.000     10.000      0.000      0.000      4.295    -74.514
    35.000     10.000      0.000      0.000      4.622    -80.222
    40.000     10.000      0.006   -103.083      5.114    -87.506
    45.000     10.000      0.094   -107.253      5.469    -93.150
    50.000     10.000      0.118    -95.885      5.653    -98.202
    55.000     10.000      0.130    -79.253      5.854   -101.407
    60.000     10.000      0.131    -66.178      5.572   -102.809
    65.000     10.000      0.120    -56.500      4.974   -106.470
    70.000     10.000      0.098    -42.962      4.304   -110.731
    75.000     10.000      0.083    -18.490      3.990   -112.364
    80.000     10.000      0.071     -0.871      3.344   -113.620
    85.000     10.000      0.046     12.436      2.781   -113.506
    90.000     10.000      0.013     29.508      2.456   -109.126
    95.000     10.000      0.014   -150.374      1.410    -96.002
   100.000     10.000      0.042   -142.726      0.743    -77.556
   105.000     10.000      0.070   -135.312      0.370    -19.735
   110.000     10.000      0.100   -128.219      0.405     14.937
   115.000     10.000      0.109   -123.073      0.581     48.884
   120.000     10.000      0.110   -116.671      0.162     41.157
   125.000     10.000      0.093   -106.255      0.205    116.194
   130.000     10.000      0.061    -96.643      0.093    147.919
   135.000     10.000      0.000      0.000      0.000      0.000
   140.000     10.000      0.000      0.000      0.000      0.000
   145.000     10.000      0.000      0.000      0.000      0.000
   -25.000     15.000      0.000      0.000      0.000      0.000
   -20.000     15.000      0.000      0.000      0.000      0.000
   -15.000     15.000      0.000      0.000      0.000      0.000
   -10.000     15.000      0.000      0.000      0.000      0.000
    -5.000     15.000      0.000      0.000      0.000      0.000
     0.000     15.000      0.000      0.000      0.000      0.000
     5.000     15.000      0.000      0.000      0.000      0.000
    10.000     15.000      0.000      0.000      0.000      0.000
    15.000     15.000      0.000      0.000      0.000      0.000
    20.000     15.000      0.000      0.000      0.000      0.000
    25.000     15.000      0.000      0.000      0.000      0.000
    30.000     15.000      0.000      0.000      0.000      0.000
    35.000     15.000      0.000      0.000      0.000      0.000
    40.000     15.000      0.000      0.000      0.000      0.000
    45.000     15.000      0.000      0.000      0.000      0.000
    50.000     15.000      0.000      0.000      0.000      0.000
    55.000     15.000      0.000      0.000      0.000      0.000
    60.000     15.000      0.000      0.000      0.000      0.000
    65.000     15.000      0.000      0.000      0.000      0.000
    70.000     15.000      0.000      0.000      0.000      0.000
    75.000     15.000      0.000      0.000      0.000      0.000
    80.000     15.000      0.000      0.000      0.000      0.000
    85.000     15.000      0.000      0.000      0.000      0.000
    90.000     15.000      0.000      0.000      0.000      0.000
    95.000     15.000      0.000      0.000      0.000      0.000
   100.000     15.000      0.000      0.000      0.000      0.000
   105.000     15.000      0.000      0.000      0.000      0.000
   110.000     15.000      0.000      0.000      0.000      0.000
   115.000     15.000      0.000      0.000      0.000      0.000
   120.000     15.000      0.000      0.000      0.000      0.000
   125.000     15.000      0.000      0.000      0.000      0.000
   130.000     15.000      0.000      0.000      0.000      0.000
   135.000     15.000      0.000      0.000      0.000      0.000
   140.000     15.000      0.000      0.000      0.000      0.000
   145.000     15.000      0.000      0.000      0.000      0.000
   -25.000     20.000      0.000      0.000      0.000      0.000
   -20.000     20.000      0.000      0.000      0.000      0.000
   -15.000     20.000      0.000      0.000      0.000      0.000
   -10.000     20.000      0.000      0.000      0.000      0.000
    -5.000     20.000      0.000      0.000      0.000      0.000
     0.000     20.000      0.000      0.000      0.000      0.000
     5.000     20.000      0.000      0.000      0.000      0.000
    10.000     20.000      0.000      0.000      0.000      0.000
    15.000     20.000      0.000      0.000      0.000      0.000
    20.000     20.000      0.000      0.000      0.000      0.000
    25.000     20.000      0.000      0.000      0.000      0.000
    30.000     20.000      0.000      0.000      0.000      0.000
    35.000     20.000      0.000      0.000      0.000      0.000
    40.000     20.000      0.000      0.000      0.000      0.000
    45.000     20.000      0.000      0.000      0.000      0.000
    50.000     20.000      0.000      0.000      0.000      0.000
    55.000     20.000      0.000      0.000      0.000      0.000
    60.000     20.000      0.000      0.000      0.000      0.000
    65.000     20.000      0.000      0.000      0.000      0.000
    70.000     20.000      0.000      0.000      0.000      0.000
    75.000     20.000      0.000      0.000      0.000      0.000
    80.000     20.000      0.000      0.000      0.000      0.000
    85.000     20.000      0.000      0.000      0.000      0.000
    90.000     20.000      0.000      0.000      0.000      0.000
    95.000     20.000      0.000      0.000      0.000      0.000
   100.000     20.000      0.000      0.000      0.000      0.000
   105.000     20.000      0.000      0.000      0.000      0.000
   110.000     20.000      0.000      0.000      0.000      0.000
   115.000     20.000      0.000      0.000      0.000      0.000
   120.000     20.000      0.000      0.000      0.000      0.000
   125.000     20.000      0.000      0.000      0.000      0.000
   130.000     20.000      0.000      0.000      0.000      0.000
   135.000     20.000      0.000      0.000      0.000      0.000
   140.000     20.000      0.000      0.000      0.000      0.000
   145.000     20.000      0.000      0.000      0.000      0.000
   -25.000     25.000      0.000      0.000      0.000      0.000
   -20.000     25.000      0.000      0.000      0.000      0.000
   -15.000     25.000      0.000      0.000      0.000      0.000
   -10.000     25.000      0.000      0.000      0.000      0.000
    -5.000     25.000      0.000      0.000      0.000      0.000
     0.000     25.000      0.000      0.000      0.000      0.000
     5.000     25.000      0.000      0.000      0.000      0.000
    10.000     25.000      0.000      0.000      0.000      0.000
    15.000     25.000      0.000      0.000      0.000      0.000
    20.000     25.000      0.000      0.000      0.000      0.000
    25.000     25.000      0.000      0.000      0.000      0.000
    30.000     25.000      0.000      0.000      0.000      0.000
    35.000     25.000      0.000      0.000      0.000      0.000
    40.000     25.000      0.000      0.000      0.000      0.000
    45.000     25.000      0.000      0.000      0.000      0.000
    50.000     25.000      0.000      0.000      0.000      0.000
    55.000     25.000      0.000      0.000      0.000      0.000
    60.000     25.000      0.000      0.000      0.000      0.000
    65.000     25.000      0.000      0.000      0.000      0.000
    70.000     25.000      0.000      0.000      0.000      0.000
    75.000     25.000      0.000      0.000      0.000      0.000
    80.000     25.000      0.000      0.000      0.000      0.000
    85.000     25.000      0.000      0.000      0.000      0.000
    90.000     25.000      0.000      0.000      0.000      0.000
    95.000     25.000      0.000      0.000      0.000      0.000
   100.000     25.000      0.000      0.000      0.000      0.000
   105.000     25.000      0.000      0.000      0.000      0.000
   110.000     25.000      0.000      0.000      0.000      0.000
   115.000     25.000      0.000      0.000      0.000      0.000
   120.000     25.000      0.000      0.000      0.000      0.000
   125.000     25.000      0.000      0.000      0.000      0.000
   130.000     25.000      0.000      0.000      0.000      0.000
   135.000     25.000      0.000      0.000      0.000      0.000
   140.000     25.000      0.000      0.000      0.000      0.000
   145.000     25.000      0.000      0.000      0.000      0.000
