   -25.000    -65.000      0.000      0.000      0.000      0.000
   -20.000    -65.000      0.000      0.000      0.000      0.000
   -15.000    -65.000      0.000      0.000      0.000      0.000
   -10.000    -65.000      0.000      0.000      0.000      0.000
    -5.000    -65.000      0.000      0.000      0.000      0.000
     0.000    -65.000      0.000      0.000      0.000      0.000
     5.000    -65.000      0.000      0.000      0.000      0.000
    10.000    -65.000      0.000      0.000      0.000      0.000
    15.000    -65.000      0.000      0.000      0.000      0.000
    20.000    -65.000      0.000      0.000      0.000      0.000
    25.000    -65.000      0.000      0.000      0.000      0.000
    30.000    -65.000      0.000      0.000      0.000      0.000
    35.000    -65.000      0.000      0.000      0.000      0.000
    40.000    -65.000      0.000      0.000      0.000      0.000
    45.000    -65.000      0.000      0.000      0.000      0.000
    50.000    -65.000      0.000      0.000      0.000      0.000
    55.000    -65.000      0.000      0.000      0.000      0.000
    60.000    -65.000      0.000      0.000      0.000      0.000
    65.000    -65.000      0.000      0.000      0.000      0.000
    70.000    -65.000      0.000      0.000      0.000      0.000
    75.000    -65.000      0.000      0.000      0.000      0.000
    80.000    -65.000      0.000      0.000      0.000      0.000
    85.000    -65.000      0.000      0.000      0.000      0.000
    90.000    -65.000      0.000      0.000      0.000      0.000
    95.000    -65.000      0.000      0.000      0.000      0.000
   100.000    -65.000      0.000      0.000      0.000      0.000
   105.000    -65.000      0.000      0.000      0.000      0.000
   110.000    -65.000      0.000      0.000      0.000      0.000
   115.000    -65.000      0.000      0.000      0.000      0.000
   120.000    -65.000      0.000      0.000      0.000      0.000
   125.000    -65.000      0.000      0.000      0.000      0.000
   130.000    -65.000      0.000      0.000      0.000      0.000
   135.000    -65.000      0.000      0.000      0.000      0.000
   140.000    -65.000      0.000      0.000      0.000      0.000
   145.000    -65.000      0.000      0.000      0.000      0.000
   -25.000    -60.000      0.000      0.000      0.000      0.000
   -20.000    -60.000      0.000      0.000      0.000      0.000
   -15.000    -60.000      0.000      0.000      0.000      0.000
   -10.000    -60.000      0.000      0.000      0.000      0.000
    -5.000    -60.000      0.000      0.000      0.000      0.000
     0.000    -60.000      0.000      0.000      0.000      0.000
     5.000    -60.000      0.000      0.000      0.000      0.000
    10.000    -60.000      0.000      0.000      0.000      0.000
    15.000    -60.000      0.000      0.000      0.000      0.000
    20.000    -60.000      0.000      0.000      0.000      0.000
    25.000    -60.000      0.000      0.000      0.000      0.000
    30.000    -60.000      0.000      0.000      0.000      0.000
    35.000    -60.000      0.000      0.000      0.000      0.000
    40.000    -60.000      0.000      0.000      0.000      0.000
    45.000    -60.000      0.000      0.000      0.000      0.000
    50.000    -60.000      0.000      0.000      0.000      0.000
    55.000    -60.000      0.000      0.000      0.000      0.000
    60.000    -60.000      0.000      0.000      0.000      0.000
    65.000    -60.000      0.000      0.000      0.000      0.000
    70.000    -60.000      0.000      0.000      0.000      0.000
    75.000    -60.000      0.000      0.000      0.000      0.000
    80.000    -60.000      0.000      0.000      0.000      0.000
    85.000    -60.000      0.000      0.000      0.000      0.000
    90.000    -60.000      0.000      0.000      0.000      0.000
    95.000    -60.000      0.000      0.000      0.000      0.000
   100.000    -60.000      0.000      0.000      0.000      0.000
   105.000    -60.000      0.000      0.000      0.000      0.000
   110.000    -60.000      0.000      0.000      0.000      0.000
   115.000    -60.000      0.000      0.000      0.000      0.000
   120.000    -60.000      0.000      0.000      0.000      0.000
   125.000    -60.000      0.000      0.000      0.000      0.000
   130.000    -60.000      0.000      0.000      0.000      0.000
   135.000    -60.000      0.000      0.000      0.000      0.000
   140.000    -60.000      0.000      0.000      0.000      0.000
   145.000    -60.000      0.000      0.000      0.000      0.000
   -25.000    -55.000      0.000      0.000      0.000      0.000
   -20.000    -55.000      0.000      0.000      0.000      0.000
   -15.000    -55.000      0.000      0.000      0.000      0.000
   -10.000    -55.000      0.000      0.000      0.000      0.000
    -5.000    -55.000      0.000      0.000      0.000      0.000
     0.000    -55.000      0.000      0.000      0.000      0.000
     5.000    -55.000      0.000      0.000      0.000      0.000
    10.000    -55.000      0.000      0.000      0.000      0.000
    15.000    -55.000      0.000      0.000      0.000      0.000
    20.000    -55.000      0.000      0.000      0.000      0.000
    25.000    -55.000      0.000      0.000      0.000      0.000
    30.000    -55.000      0.000      0.000      0.000      0.000
    35.000    -55.000      0.000      0.000      0.000      0.000
    40.000    -55.000      0.000      0.000      0.000      0.000
    45.000    -55.000      0.000      0.000      0.000      0.000
    50.000    -55.000      0.000      0.000      0.000      0.000
    55.000    -55.000      0.000      0.000      0.000      0.000
    60.000    -55.000      0.000      0.000      0.000      0.000
    65.000    -55.000      0.000      0.000      0.000      0.000
    70.000    -55.000      0.000      0.000      0.000      0.000
    75.000    -55.000      0.000      0.000      0.000      0.000
    80.000    -55.000      0.000      0.000      0.000      0.000
    85.000    -55.000      0.000      0.000      0.000      0.000
    90.000    -55.000      0.000      0.000      0.000      0.000
    95.000    -55.000      0.000      0.000      0.000      0.000
   100.000    -55.000      0.000      0.000      0.000      0.000
   105.000    -55.000      0.000      0.000      0.000      0.000
   110.000    -55.000      0.000      0.000      0.000      0.000
   115.000    -55.000      0.000      0.000      0.000      0.000
   120.000    -55.000      0.000      0.000      0.000      0.000
   125.000    -55.000      0.000      0.000      0.000      0.000
   130.000    -55.000      0.000      0.000      0.000      0.000
   135.000    -55.000      0.000      0.000      0.000      0.000
   140.000    -55.000      0.000      0.000      0.000      0.000
   145.000    -55.000      0.000      0.000      0.000      0.000
   -25.000    -50.000      0.000      0.000      0.000      0.000
   -20.000    -50.000      0.000      0.000      0.000      0.000
   -15.000    -50.000      0.000      0.000      0.000      0.000
   -10.000    -50.000      0.013    152.146      0.525     91.631
    -5.000    -50.000      0.023    132.758      1.090     85.747
     0.000    -50.000      0.047     59.655      1.620     74.625
     5.000    -50.000      0.061     39.769      1.938     64.764
    10.000    -50.000      0.057     24.698      1.996     56.932
    15.000    -50.000      0.042    -20.791      1.692     51.772
    20.000    -50.000      0.115     30.947      1.691     63.494
    25.000    -50.000      0.107     41.965      1.352     74.969
    30.000    -50.000      0.099     17.236      0.444     93.184
    35.000    -50.000      0.094    -32.136      0.524   -149.941
    40.000    -50.000      0.189    -53.450      1.096   -126.908
    45.000    -50.000      0.271    -54.459      1.334   -128.662
    50.000    -50.000      0.340    -51.986      1.700   -124.810
    55.000    -50.000      0.398    -48.479      1.867   -109.024
    60.000    -50.000      0.444    -45.978      1.828   -101.241
    65.000    -50.000      0.467    -43.334      2.087    -87.575
    70.000    -50.000      0.465    -39.412      2.444    -84.320
    75.000    -50.000      0.447    -36.065      2.180    -78.527
    80.000    -50.000      0.414    -33.508      2.240    -80.132
    85.000    -50.000      0.374    -33.441      1.809    -73.849
    90.000    -50.000      0.323    -35.680      1.462    -62.062
    95.000    -50.000      0.272    -38.704      1.490    -65.290
   100.000    -50.000      0.219    -42.403      1.345    -76.468
   105.000    -50.000      0.172    -45.932      0.812    -69.093
   110.000    -50.000      0.122    -49.391      0.755    -66.819
   115.000    -50.000      0.092    -57.458      0.915    -63.474
   120.000    -50.000      0.077    -65.859      1.234    -67.523
   125.000    -50.000      0.062    -66.636      1.208    -67.405
   130.000    -50.000      0.041    -56.637      0.444    -53.960
   135.000    -50.000      0.000      0.000      0.000      0.000
   140.000    -50.000      0.000      0.000      0.000      0.000
   145.000    -50.000      0.000      0.000      0.000      0.000
   -25.000    -45.000      0.000      0.000      0.000      0.000
   -20.000    -45.000      0.000      0.000      0.000      0.000
   -15.000    -45.000      0.000      0.000      0.000      0.000
   -10.000    -45.000      0.000      0.000      0.892    102.990
    -5.000    -45.000      0.000      0.000      1.111     98.381
     0.000    -45.000      0.000      0.000      1.180     81.835
     5.000    -45.000      0.000      0.000      1.292     67.824
    10.000    -45.000      0.000      0.000      1.183     54.477
    15.000    -45.000      0.000      0.000      0.960     44.694
    20.000    -45.000      0.001   -124.764      1.125     60.526
    25.000    -45.000      0.077     93.734      0.783     80.022
    30.000    -45.000      0.049    117.425      0.570   -171.843
    35.000    -45.000      0.041    121.629      1.465   -142.781
    40.000    -45.000      0.167    -75.622      2.278   -123.683
    45.000    -45.000      0.322    -66.386      2.983   -121.255
    50.000    -45.000      0.443    -58.514      3.571   -121.018
    55.000    -45.000      0.543    -52.866      3.445   -116.762
    60.000    -45.000      0.609    -47.913      3.577   -104.897
    65.000    -45.000      0.643    -42.668      4.146    -92.419
    70.000    -45.000      0.654    -38.186      4.240    -83.474
    75.000    -45.000      0.643    -34.316      4.028    -77.420
    80.000    -45.000      0.613    -31.511      4.094    -78.118
    85.000    -45.000      0.566    -30.573      3.332    -76.308
    90.000    -45.000      0.511    -30.576      2.599    -67.678
    95.000    -45.000      0.451    -30.433      2.305    -58.504
   100.000    -45.000      0.392    -30.682      2.081    -65.382
   105.000    -45.000      0.327    -32.012      1.624    -64.788
   110.000    -45.000      0.256    -33.010      1.483    -66.398
   115.000    -45.000      0.190    -33.334      1.702    -66.482
   120.000    -45.000      0.128    -34.311      2.328    -67.329
   125.000    -45.000      0.088    -42.330      2.083    -60.868
   130.000    -45.000      0.062    -58.182      1.023    -57.429
   135.000    -45.000      0.000      0.000      0.000      0.000
   140.000    -45.000      0.000      0.000      0.000      0.000
   145.000    -45.000      0.000      0.000      0.000      0.000
   -25.000    -40.000      0.000      0.000      0.000      0.000
   -20.000    -40.000      0.000      0.000      0.000      0.000
   -15.000    -40.000      0.000      0.000      0.000      0.000
   -10.000    -40.000      0.000      0.000      0.323    116.402
    -5.000    -40.000      0.000      0.000      0.382     71.229
     0.000    -40.000      0.000      0.000      0.566     41.146
     5.000    -40.000      0.000      0.000      0.689     17.040
    10.000    -40.000      0.000      0.000      0.657    -16.987
    15.000    -40.000      0.000      0.000      1.210    -77.598
    20.000    -40.000      0.000      0.000      1.414    -79.918
    25.000    -40.000      0.000      0.000      1.390    -89.682
    30.000    -40.000      0.000   -115.210      2.064   -107.410
    35.000    -40.000      0.037    156.714      2.826   -123.753
    40.000    -40.000      0.208   -101.500      3.824   -121.170
    45.000    -40.000      0.296    -79.075      5.089   -115.989
    50.000    -40.000      0.377    -61.220      5.644   -117.475
    55.000    -40.000      0.481    -50.433      5.548   -114.441
    60.000    -40.000      0.563    -44.312      5.812   -106.537
    65.000    -40.000      0.610    -39.041      6.242    -96.779
    70.000    -40.000      0.625    -34.708      6.090    -87.158
    75.000    -40.000      0.622    -31.490      5.620    -80.040
    80.000    -40.000      0.607    -28.670      5.458    -77.816
    85.000    -40.000      0.582    -26.200      4.522    -76.570
    90.000    -40.000      0.536    -24.516      3.590    -71.987
    95.000    -40.000      0.492    -23.410      3.096    -65.432
   100.000    -40.000      0.453    -23.611      2.591    -64.000
   105.000    -40.000      0.406    -23.827      2.053    -62.243
   110.000    -40.000      0.353    -24.948      2.150    -66.968
   115.000    -40.000      0.293    -27.062      2.362    -70.498
   120.000    -40.000      0.215    -30.350      2.847    -70.876
   125.000    -40.000      0.135    -30.151      2.614    -66.960
   130.000    -40.000      0.066    -24.211      1.320    -57.931
   135.000    -40.000      0.000      0.000      0.000      0.000
   140.000    -40.000      0.000      0.000      0.000      0.000
   145.000    -40.000      0.000      0.000      0.000      0.000
   -25.000    -35.000      0.000      0.000      0.000      0.000
   -20.000    -35.000      0.000      0.000      0.000      0.000
   -15.000    -35.000      0.000      0.000      0.000      0.000
   -10.000    -35.000      0.000      0.000      1.133    -98.101
    -5.000    -35.000      0.000      0.000      1.821    -85.287
     0.000    -35.000      0.000      0.000      2.347    -80.695
     5.000    -35.000      0.000      0.000      2.731    -80.109
    10.000    -35.000      0.000      0.000      2.925    -80.986
    15.000    -35.000      0.000      0.000      3.117    -86.854
    20.000    -35.000      0.000      0.000      3.595    -87.585
    25.000    -35.000      0.000      0.000      3.738    -91.471
    30.000    -35.000      0.000      0.000      4.649    -98.393
    35.000    -35.000      0.001    154.454      5.588   -109.276
    40.000    -35.000      0.044   -137.935      6.281   -112.901
    45.000    -35.000      0.138    -69.733      7.325   -112.303
    50.000    -35.000      0.215    -50.279      8.219   -113.664
    55.000    -35.000      0.332    -42.451      8.315   -113.035
    60.000    -35.000      0.423    -37.763      8.537   -107.692
    65.000    -35.000      0.482    -33.154      8.728    -99.764
    70.000    -35.000      0.512    -30.425      8.374    -92.457
    75.000    -35.000      0.520    -27.761      7.811    -86.656
    80.000    -35.000      0.510    -24.814      7.074    -82.598
    85.000    -35.000      0.496    -22.604      5.701    -80.965
    90.000    -35.000      0.471    -20.936      4.658    -78.664
    95.000    -35.000      0.444    -20.374      4.042    -74.341
   100.000    -35.000      0.417    -20.469      3.335    -71.302
   105.000    -35.000      0.385    -20.334      2.398    -62.937
   110.000    -35.000      0.350    -21.387      2.464    -66.381
   115.000    -35.000      0.305    -22.964      2.775    -73.872
   120.000    -35.000      0.243    -24.378      2.992    -74.982
   125.000    -35.000      0.163    -21.413      2.473    -75.053
   130.000    -35.000      0.078    -13.578      1.245    -69.189
   135.000    -35.000      0.000      0.000      0.000      0.000
   140.000    -35.000      0.000      0.000      0.000      0.000
   145.000    -35.000      0.000      0.000      0.000      0.000
   -25.000    -30.000      0.000      0.000      0.000      0.000
   -20.000    -30.000      0.000      0.000      0.000      0.000
   -15.000    -30.000      0.000      0.000      0.000      0.000
   -10.000    -30.000      0.000      0.000      2.240    -97.400
    -5.000    -30.000      0.000      0.000      3.661    -93.646
     0.000    -30.000      0.000      0.000      4.609    -92.592
     5.000    -30.000      0.000      0.000      5.143    -91.447
    10.000    -30.000      0.000      0.000      5.389    -89.237
    15.000    -30.000      0.000      0.000      5.728    -87.867
    20.000    -30.000      0.000      0.000      6.339    -89.391
    25.000    -30.000      0.000      0.000      6.861    -92.814
    30.000    -30.000      0.000      0.000      7.588    -96.560
    35.000    -30.000      0.000      0.000      8.519   -102.531
    40.000    -30.000      0.000    147.428      9.443   -105.887
    45.000    -30.000      0.041     30.795     10.336   -105.865
    50.000    -30.000      0.087     22.165     10.770   -108.879
    55.000    -30.000      0.199    -15.344     11.312   -109.695
    60.000    -30.000      0.304    -25.463     11.707   -107.535
    65.000    -30.000      0.367    -29.349     11.762   -103.240
    70.000    -30.000      0.400    -29.243     11.039    -97.438
    75.000    -30.000      0.415    -26.713     10.322    -91.648
    80.000    -30.000      0.414    -23.701      9.018    -88.549
    85.000    -30.000      0.403    -20.961      6.949    -85.925
    90.000    -30.000      0.379    -19.618      5.586    -83.205
    95.000    -30.000      0.352    -18.842      4.455    -77.031
   100.000    -30.000      0.313    -20.170      3.748    -76.124
   105.000    -30.000      0.273    -21.767      2.970    -71.362
   110.000    -30.000      0.240    -22.274      2.661    -69.906
   115.000    -30.000      0.211    -19.253      2.999    -76.559
   120.000    -30.000      0.177    -13.726      3.057    -79.108
   125.000    -30.000      0.133     -5.089      2.432    -80.882
   130.000    -30.000      0.086     11.691      1.162    -82.924
   135.000    -30.000      0.000      0.000      0.000      0.000
   140.000    -30.000      0.000      0.000      0.000      0.000
   145.000    -30.000      0.000      0.000      0.000      0.000
   -25.000    -25.000      0.000      0.000      0.000      0.000
   -20.000    -25.000      0.000      0.000      0.000      0.000
   -15.000    -25.000      0.000      0.000      0.000      0.000
   -10.000    -25.000      0.000      0.000      2.769   -103.845
    -5.000    -25.000      0.000      0.000      4.857   -100.486
     0.000    -25.000      0.000      0.000      6.198    -97.921
     5.000    -25.000      0.000      0.000      6.840    -95.388
    10.000    -25.000      0.000      0.000      7.059    -91.357
    15.000    -25.000      0.000      0.000      7.485    -86.348
    20.000    -25.000      0.000      0.000      8.127    -86.907
    25.000    -25.000      0.000      0.000      9.478    -89.697
    30.000    -25.000      0.000      0.000     10.402    -94.205
    35.000    -25.000      0.000      0.000     11.776    -96.527
    40.000    -25.000      0.000      0.000     12.693    -98.830
    45.000    -25.000      0.036     77.695     13.709   -100.510
    50.000    -25.000      0.171     71.344     14.060   -103.701
    55.000    -25.000      0.186     25.859     14.194   -105.306
    60.000    -25.000      0.243      0.794     14.483   -106.076
    65.000    -25.000      0.298     -9.001     14.620   -104.270
    70.000    -25.000      0.327    -13.216     13.903   -101.157
    75.000    -25.000      0.333    -13.794     12.357    -96.343
    80.000    -25.000      0.319    -13.586     10.979    -92.570
    85.000    -25.000      0.295    -15.499      8.565    -89.701
    90.000    -25.000      0.264    -20.021      6.430    -86.054
    95.000    -25.000      0.231    -26.448      4.943    -81.556
   100.000    -25.000      0.195    -36.463      3.787    -79.450
   105.000    -25.000      0.163    -44.571      3.224    -80.820
   110.000    -25.000      0.120    -41.469      2.900    -78.634
   115.000    -25.000      0.085    -35.785      3.046    -82.249
   120.000    -25.000      0.062    -13.339      2.818    -86.386
   125.000    -25.000      0.068     11.099      2.046    -89.702
   130.000    -25.000      0.066     28.884      0.781    -89.851
   135.000    -25.000      0.000      0.000      0.000      0.000
   140.000    -25.000      0.000      0.000      0.000      0.000
   145.000    -25.000      0.000      0.000      0.000      0.000
   -25.000    -20.000      0.000      0.000      0.000      0.000
   -20.000    -20.000      0.000      0.000      0.000      0.000
   -15.000    -20.000      0.000      0.000      0.000      0.000
   -10.000    -20.000      0.000      0.000      2.608   -103.306
    -5.000    -20.000      0.000      0.000      4.723   -102.036
     0.000    -20.000      0.000      0.000      5.920    -98.247
     5.000    -20.000      0.000      0.000      6.569    -93.250
    10.000    -20.000      0.000      0.000      7.119    -87.609
    15.000    -20.000      0.000      0.000      8.009    -82.414
    20.000    -20.000      0.000      0.000      8.818    -81.577
    25.000    -20.000      0.000      0.000     10.678    -84.840
    30.000    -20.000      0.000      0.000     12.457    -88.974
    35.000    -20.000      0.000      0.000     14.078    -92.152
    40.000    -20.000      0.000      0.000     15.146    -95.830
    45.000    -20.000      0.001     34.070     16.147    -96.578
    50.000    -20.000      0.133     57.976     16.860    -99.344
    55.000    -20.000      0.210     33.504     16.831   -102.027
    60.000    -20.000      0.253     20.811     16.497   -104.475
    65.000    -20.000      0.278     12.889     16.383   -105.030
    70.000    -20.000      0.285      5.188     15.705   -103.922
    75.000    -20.000      0.276      2.827     14.132   -101.534
    80.000    -20.000      0.240      0.587     11.945    -97.505
    85.000    -20.000      0.191     -5.799      9.609    -93.888
    90.000    -20.000      0.140    -17.939      7.189    -89.311
    95.000    -20.000      0.096    -33.397      4.981    -81.541
   100.000    -20.000      0.075    -63.025      3.364    -78.741
   105.000    -20.000      0.082    -88.677      2.972    -83.469
   110.000    -20.000      0.092   -102.070      3.115    -86.683
   115.000    -20.000      0.095   -115.648      3.095    -87.446
   120.000    -20.000      0.077   -130.201      2.813    -91.379
   125.000    -20.000      0.046   -140.666      1.949   -103.164
   130.000    -20.000      0.017   -149.518      0.937   -111.597
   135.000    -20.000      0.000      0.000      0.000      0.000
   140.000    -20.000      0.000      0.000      0.000      0.000
   145.000    -20.000      0.000      0.000      0.000      0.000
   -25.000    -15.000      0.000      0.000      0.000      0.000
   -20.000    -15.000      0.000      0.000      0.000      0.000
   -15.000    -15.000      0.000      0.000      0.000      0.000
   -10.000    -15.000      0.000      0.000      2.535    -97.130
    -5.000    -15.000      0.000      0.000      4.493    -97.417
     0.000    -15.000      0.000      0.000      5.602    -93.632
     5.000    -15.000      0.000      0.000      6.340    -87.723
    10.000    -15.000      0.000      0.000      6.972    -81.466
    15.000    -15.000      0.000      0.000      8.158    -77.448
    20.000    -15.000      0.000      0.000      9.408    -75.261
    25.000    -15.000      0.000      0.000     10.948    -78.449
    30.000    -15.000      0.000      0.000     13.080    -83.213
    35.000    -15.000      0.000      0.000     15.253    -88.600
    40.000    -15.000      0.000      0.000     16.414    -93.879
    45.000    -15.000      0.000      0.000     17.722    -95.377
    50.000    -15.000      0.031     12.827     18.472    -97.597
    55.000    -15.000      0.107      5.060     18.867   -100.305
    60.000    -15.000      0.169     10.206     17.876   -103.033
    65.000    -15.000      0.215     16.229     17.188   -105.313
    70.000    -15.000      0.226     19.237     16.377   -104.963
    75.000    -15.000      0.217     24.495     14.621   -104.698
    80.000    -15.000      0.186     29.207     12.408   -102.433
    85.000    -15.000      0.135     34.314      9.957    -98.787
    90.000    -15.000      0.086     45.018      7.298    -92.169
    95.000    -15.000      0.043     67.031      4.516    -80.593
   100.000    -15.000      0.030    170.312      2.556    -73.863
   105.000    -15.000      0.090   -148.813      2.029    -84.486
   110.000    -15.000      0.138   -143.792      2.588    -94.084
   115.000    -15.000      0.179   -141.138      2.730    -95.539
   120.000    -15.000      0.200   -140.455      2.381    -98.671
   125.000    -15.000      0.191   -139.285      1.612   -112.846
   130.000    -15.000      0.138   -136.585      0.916   -124.279
   135.000    -15.000      0.000      0.000      0.000      0.000
   140.000    -15.000      0.000      0.000      0.000      0.000
   145.000    -15.000      0.000      0.000      0.000      0.000
   -25.000    -10.000      0.000      0.000      0.000      0.000
   -20.000    -10.000      0.000      0.000      0.000      0.000
   -15.000    -10.000      0.000      0.000      0.000      0.000
   -10.000    -10.000      0.000      0.000      2.079    -95.359
    -5.000    -10.000      0.000      0.000      2.933    -86.138
     0.000    -10.000      0.000      0.000      4.098    -78.366
     5.000    -10.000      0.000      0.000      5.289    -71.910
    10.000    -10.000      0.000      0.000      6.530    -68.204
    15.000    -10.000      0.000      0.000      7.473    -67.900
    20.000    -10.000      0.000      0.000      9.024    -68.671
    25.000    -10.000      0.000      0.000     10.965    -73.195
    30.000    -10.000      0.000      0.000     12.600    -77.971
    35.000    -10.000      0.000      0.000     14.919    -84.562
    40.000    -10.000      0.000      0.000     16.841    -91.904
    45.000    -10.000      0.000      0.000     18.246    -94.727
    50.000    -10.000      0.058    -56.316     19.064    -96.358
    55.000    -10.000      0.100    -39.583     19.115    -99.027
    60.000    -10.000      0.111     -3.892     18.201   -101.655
    65.000    -10.000      0.160     25.834     16.715   -104.744
    70.000    -10.000      0.205     38.770     15.719   -106.810
    75.000    -10.000      0.219     47.658     14.108   -107.789
    80.000    -10.000      0.207     56.206     12.206   -106.847
    85.000    -10.000      0.176     66.160      9.644   -102.575
    90.000    -10.000      0.134     82.011      6.750    -95.655
    95.000    -10.000      0.095    115.828      4.070    -83.670
   100.000    -10.000      0.103    167.664      2.230    -69.034
   105.000    -10.000      0.163   -164.070      1.309    -71.319
   110.000    -10.000      0.232   -152.851      1.895    -96.387
   115.000    -10.000      0.278   -148.618      2.374   -103.814
   120.000    -10.000      0.300   -147.619      1.968   -109.062
   125.000    -10.000      0.282   -148.241      1.437   -116.940
   130.000    -10.000      0.192   -148.407      0.858   -119.770
   135.000    -10.000      0.000      0.000      0.000      0.000
   140.000    -10.000      0.000      0.000      0.000      0.000
   145.000    -10.000      0.000      0.000      0.000      0.000
   -25.000     -5.000      0.000      0.000      0.000      0.000
   -20.000     -5.000      0.000      0.000      0.000      0.000
   -15.000     -5.000      0.000      0.000      0.000      0.000
   -10.000     -5.000      0.000      0.000      1.148    -69.329
    -5.000     -5.000      0.000      0.000      1.877    -57.714
     0.000     -5.000      0.000      0.000      2.902    -49.214
     5.000     -5.000      0.000      0.000      4.061    -46.702
    10.000     -5.000      0.000      0.000      5.645    -52.087
    15.000     -5.000      0.000      0.000      7.226    -55.305
    20.000     -5.000      0.000      0.000      8.573    -60.021
    25.000     -5.000      0.000      0.000     10.501    -69.138
    30.000     -5.000      0.000      0.000     12.095    -74.943
    35.000     -5.000      0.000      0.000     13.568    -82.623
    40.000     -5.000      0.000      0.000     15.404    -90.215
    45.000     -5.000      0.000      0.000     17.137    -94.537
    50.000     -5.000      0.012   -120.243     17.962    -96.505
    55.000     -5.000      0.080    -25.860     17.678    -97.918
    60.000     -5.000      0.086     13.040     16.759   -101.059
    65.000     -5.000      0.138     41.831     15.380   -104.282
    70.000     -5.000      0.201     52.318     14.168   -107.159
    75.000     -5.000      0.225     59.016     12.589   -110.040
    80.000     -5.000      0.210     66.694     10.787   -110.004
    85.000     -5.000      0.176     78.850      8.781   -106.473
    90.000     -5.000      0.143     98.493      6.210   -100.741
    95.000     -5.000      0.126    132.849      3.753    -90.993
   100.000     -5.000      0.158    171.545      1.803    -70.545
   105.000     -5.000      0.224   -169.264      1.012    -58.502
   110.000     -5.000      0.298   -158.821      0.873    -92.883
   115.000     -5.000      0.351   -153.936      1.477   -114.674
   120.000     -5.000      0.370   -152.041      1.315   -124.794
   125.000     -5.000      0.341   -151.890      1.248   -122.761
   130.000     -5.000      0.222   -153.044      0.850   -118.048
   135.000     -5.000      0.000      0.000      0.000      0.000
   140.000     -5.000      0.000      0.000      0.000      0.000
   145.000     -5.000      0.000      0.000      0.000      0.000
   -25.000      0.000      0.000      0.000      0.000      0.000
   -20.000      0.000      0.000      0.000      0.000      0.000
   -15.000      0.000      0.000      0.000      0.000      0.000
   -10.000      0.000      0.000      0.000      0.537    -15.928
    -5.000      0.000      0.000      0.000      1.410    -21.236
     0.000      0.000      0.000      0.000      2.601    -14.314
     5.000      0.000      0.000      0.000      3.754    -17.189
    10.000      0.000      0.000      0.000      4.502    -31.656
    15.000      0.000      0.000      0.000      6.012    -44.273
    20.000      0.000      0.000      0.000      7.361    -54.236
    25.000      0.000      0.000      0.000      9.081    -67.371
    30.000      0.000      0.000      0.000     10.453    -75.020
    35.000      0.000      0.000      0.000     11.257    -81.370
    40.000      0.000      0.000      0.000     12.757    -88.234
    45.000      0.000      0.000      0.000     14.521    -93.854
    50.000      0.000      0.044     13.412     15.315    -96.519
    55.000      0.000      0.087     -7.378     14.934    -98.212
    60.000      0.000      0.112     14.953     13.957   -100.504
    65.000      0.000      0.149     38.971     12.811   -104.068
    70.000      0.000      0.190     53.151     11.508   -107.772
    75.000      0.000      0.204     63.495     10.187   -111.589
    80.000      0.000      0.198     73.988      8.978   -112.348
    85.000      0.000      0.171     88.279      7.431   -110.544
    90.000      0.000      0.144    113.078      5.182   -106.230
    95.000      0.000      0.153    145.835      3.133   -100.282
   100.000      0.000      0.202    171.855      1.566    -84.243
   105.000      0.000      0.271   -173.424      0.973    -70.901
   110.000      0.000      0.339   -165.172      0.616    -86.666
   115.000      0.000      0.371   -160.731      1.051   -123.057
   120.000      0.000      0.358   -158.555      1.136   -137.155
   125.000      0.000      0.298   -157.976      0.924   -144.015
   130.000      0.000      0.169   -158.951      0.584   -140.497
   135.000      0.000      0.000      0.000      0.000      0.000
   140.000      0.000      0.000      0.000      0.000      0.000
   145.000      0.000      0.000      0.000      0.000      0.000
   -25.000      5.000      0.000      0.000      0.000      0.000
   -20.000      5.000      0.000      0.000      0.000      0.000
   -15.000      5.000      0.000      0.000      0.000      0.000
   -10.000      5.000      0.000      0.000      0.333      8.175
    -5.000      5.000      0.000      0.000      1.585     13.038
     0.000      5.000      0.000      0.000      2.636     10.222
     5.000      5.000      0.000      0.000      3.309      3.648
    10.000      5.000      0.000      0.000      3.590    -12.270
    15.000      5.000      0.000      0.000      4.699    -40.823
    20.000      5.000      0.000      0.000      5.844    -52.623
    25.000      5.000      0.000      0.000      6.764    -64.116
    30.000      5.000      0.000      0.000      7.485    -74.419
    35.000      5.000      0.000      0.000      8.280    -81.293
    40.000      5.000      0.000      0.000      9.264    -87.722
    45.000      5.000      0.000      0.000     10.623    -93.699
    50.000      5.000      0.024   -105.599     11.259    -97.423
    55.000      5.000      0.064     17.919     10.982    -99.361
    60.000      5.000      0.114     26.995     10.101   -100.276
    65.000      5.000      0.151     43.687      9.234   -103.724
    70.000      5.000      0.188     57.739      7.970   -108.565
    75.000      5.000      0.206     69.596      7.210   -111.728
    80.000      5.000      0.201     81.695      6.301   -113.363
    85.000      5.000      0.180     97.443      5.289   -114.305
    90.000      5.000      0.164    121.833      3.829   -111.260
    95.000      5.000      0.179    151.485      2.172   -108.554
   100.000      5.000      0.218    171.185      1.038    -98.730
   105.000      5.000      0.252   -176.074      0.538    -84.935
   110.000      5.000      0.278   -168.704      0.314    -58.801
   115.000      5.000      0.281   -163.405      0.263   -152.500
   120.000      5.000      0.253   -160.109      0.776   -137.307
   125.000      5.000      0.194   -158.518      0.685   -146.902
   130.000      5.000      0.097   -157.093      0.490   -156.056
   135.000      5.000      0.000      0.000      0.000      0.000
   140.000      5.000      0.000      0.000      0.000      0.000
   145.000      5.000      0.000      0.000      0.000      0.000
   -25.000     10.000      0.000      0.000      0.000      0.000
   -20.000     10.000      0.000      0.000      0.000      0.000
   -15.000     10.000      0.000      0.000      0.000      0.000
   -10.000     10.000      0.000      0.000      0.281    -38.493
    -5.000     10.000      0.000      0.000      0.960     15.312
     0.000     10.000      0.000      0.000      1.557     12.087
     5.000     10.000      0.000      0.000      1.892      7.196
    10.000     10.000      0.000      0.000      2.115      0.678
    15.000     10.000      0.000      0.000      2.668    -39.581
    20.000     10.000      0.000      0.000      3.364    -52.025
    25.000     10.000      0.000      0.000      3.651    -62.542
    30.000     10.000      0.000      0.000      4.295    -74.514
    35.000     10.000      0.000      0.000      4.622    -80.222
    40.000     10.000      0.000      0.000      5.114    -87.506
    45.000     10.000      0.000      0.000      5.564    -93.108
    50.000     10.000      0.016    -53.703      5.794    -97.584
    55.000     10.000      0.059     45.991      5.879   -100.107
    60.000     10.000      0.084     49.425      5.519   -101.081
    65.000     10.000      0.112     55.095      4.835   -104.606
    70.000     10.000      0.133     62.084      4.099   -109.202
    75.000     10.000      0.133     74.391      3.777   -111.684
    80.000     10.000      0.127     89.863      3.152   -114.108
    85.000     10.000      0.120    107.246      2.639   -115.356
    90.000     10.000      0.114    128.431      2.384   -112.231
    95.000     10.000      0.117    149.559      1.390   -103.652
   100.000     10.000      0.125    171.162      0.754    -97.162
   105.000     10.000      0.138   -172.774      0.226    -81.043
   110.000     10.000      0.148   -162.072      0.074    -54.242
   115.000     10.000      0.146   -155.123      0.218     82.460
   120.000     10.000      0.135   -150.623      0.250   -144.054
   125.000     10.000      0.106   -151.399      0.353   -170.458
   130.000     10.000      0.060   -156.348      0.255   -152.505
   135.000     10.000      0.000      0.000      0.000      0.000
   140.000     10.000      0.000      0.000      0.000      0.000
   145.000     10.000      0.000      0.000      0.000      0.000
   -25.000     15.000      0.000      0.000      0.000      0.000
   -20.000     15.000      0.000      0.000      0.000      0.000
   -15.000     15.000      0.000      0.000      0.000      0.000
   -10.000     15.000      0.000      0.000      0.000      0.000
    -5.000     15.000      0.000      0.000      0.000      0.000
     0.000     15.000      0.000      0.000      0.000      0.000
     5.000     15.000      0.000      0.000      0.000      0.000
    10.000     15.000      0.000      0.000      0.000      0.000
    15.000     15.000      0.000      0.000      0.000      0.000
    20.000     15.000      0.000      0.000      0.000      0.000
    25.000     15.000      0.000      0.000      0.000      0.000
    30.000     15.000      0.000      0.000      0.000      0.000
    35.000     15.000      0.000      0.000      0.000      0.000
    40.000     15.000      0.000      0.000      0.000      0.000
    45.000     15.000      0.000      0.000      0.000      0.000
    50.000     15.000      0.000      0.000      0.000      0.000
    55.000     15.000      0.000      0.000      0.000      0.000
    60.000     15.000      0.000      0.000      0.000      0.000
    65.000     15.000      0.000      0.000      0.000      0.000
    70.000     15.000      0.000      0.000      0.000      0.000
    75.000     15.000      0.000      0.000      0.000      0.000
    80.000     15.000      0.000      0.000      0.000      0.000
    85.000     15.000      0.000      0.000      0.000      0.000
    90.000     15.000      0.000      0.000      0.000      0.000
    95.000     15.000      0.000      0.000      0.000      0.000
   100.000     15.000      0.000      0.000      0.000      0.000
   105.000     15.000      0.000      0.000      0.000      0.000
   110.000     15.000      0.000      0.000      0.000      0.000
   115.000     15.000      0.000      0.000      0.000      0.000
   120.000     15.000      0.000      0.000      0.000      0.000
   125.000     15.000      0.000      0.000      0.000      0.000
   130.000     15.000      0.000      0.000      0.000      0.000
   135.000     15.000      0.000      0.000      0.000      0.000
   140.000     15.000      0.000      0.000      0.000      0.000
   145.000     15.000      0.000      0.000      0.000      0.000
   -25.000     20.000      0.000      0.000      0.000      0.000
   -20.000     20.000      0.000      0.000      0.000      0.000
   -15.000     20.000      0.000      0.000      0.000      0.000
   -10.000     20.000      0.000      0.000      0.000      0.000
    -5.000     20.000      0.000      0.000      0.000      0.000
     0.000     20.000      0.000      0.000      0.000      0.000
     5.000     20.000      0.000      0.000      0.000      0.000
    10.000     20.000      0.000      0.000      0.000      0.000
    15.000     20.000      0.000      0.000      0.000      0.000
    20.000     20.000      0.000      0.000      0.000      0.000
    25.000     20.000      0.000      0.000      0.000      0.000
    30.000     20.000      0.000      0.000      0.000      0.000
    35.000     20.000      0.000      0.000      0.000      0.000
    40.000     20.000      0.000      0.000      0.000      0.000
    45.000     20.000      0.000      0.000      0.000      0.000
    50.000     20.000      0.000      0.000      0.000      0.000
    55.000     20.000      0.000      0.000      0.000      0.000
    60.000     20.000      0.000      0.000      0.000      0.000
    65.000     20.000      0.000      0.000      0.000      0.000
    70.000     20.000      0.000      0.000      0.000      0.000
    75.000     20.000      0.000      0.000      0.000      0.000
    80.000     20.000      0.000      0.000      0.000      0.000
    85.000     20.000      0.000      0.000      0.000      0.000
    90.000     20.000      0.000      0.000      0.000      0.000
    95.000     20.000      0.000      0.000      0.000      0.000
   100.000     20.000      0.000      0.000      0.000      0.000
   105.000     20.000      0.000      0.000      0.000      0.000
   110.000     20.000      0.000      0.000      0.000      0.000
   115.000     20.000      0.000      0.000      0.000      0.000
   120.000     20.000      0.000      0.000      0.000      0.000
   125.000     20.000      0.000      0.000      0.000      0.000
   130.000     20.000      0.000      0.000      0.000      0.000
   135.000     20.000      0.000      0.000      0.000      0.000
   140.000     20.000      0.000      0.000      0.000      0.000
   145.000     20.000      0.000      0.000      0.000      0.000
   -25.000     25.000      0.000      0.000      0.000      0.000
   -20.000     25.000      0.000      0.000      0.000      0.000
   -15.000     25.000      0.000      0.000      0.000      0.000
   -10.000     25.000      0.000      0.000      0.000      0.000
    -5.000     25.000      0.000      0.000      0.000      0.000
     0.000     25.000      0.000      0.000      0.000      0.000
     5.000     25.000      0.000      0.000      0.000      0.000
    10.000     25.000      0.000      0.000      0.000      0.000
    15.000     25.000      0.000      0.000      0.000      0.000
    20.000     25.000      0.000      0.000      0.000      0.000
    25.000     25.000      0.000      0.000      0.000      0.000
    30.000     25.000      0.000      0.000      0.000      0.000
    35.000     25.000      0.000      0.000      0.000      0.000
    40.000     25.000      0.000      0.000      0.000      0.000
    45.000     25.000      0.000      0.000      0.000      0.000
    50.000     25.000      0.000      0.000      0.000      0.000
    55.000     25.000      0.000      0.000      0.000      0.000
    60.000     25.000      0.000      0.000      0.000      0.000
    65.000     25.000      0.000      0.000      0.000      0.000
    70.000     25.000      0.000      0.000      0.000      0.000
    75.000     25.000      0.000      0.000      0.000      0.000
    80.000     25.000      0.000      0.000      0.000      0.000
    85.000     25.000      0.000      0.000      0.000      0.000
    90.000     25.000      0.000      0.000      0.000      0.000
    95.000     25.000      0.000      0.000      0.000      0.000
   100.000     25.000      0.000      0.000      0.000      0.000
   105.000     25.000      0.000      0.000      0.000      0.000
   110.000     25.000      0.000      0.000      0.000      0.000
   115.000     25.000      0.000      0.000      0.000      0.000
   120.000     25.000      0.000      0.000      0.000      0.000
   125.000     25.000      0.000      0.000      0.000      0.000
   130.000     25.000      0.000      0.000      0.000      0.000
   135.000     25.000      0.000      0.000      0.000      0.000
   140.000     25.000      0.000      0.000      0.000      0.000
   145.000     25.000      0.000      0.000      0.000      0.000
