   -25.000    -65.000      0.000      0.000      0.000      0.000
   -20.000    -65.000      0.000      0.000      0.000      0.000
   -15.000    -65.000      0.000      0.000      0.000      0.000
   -10.000    -65.000      0.000      0.000      0.000      0.000
    -5.000    -65.000      0.000      0.000      0.000      0.000
     0.000    -65.000      0.000      0.000      0.000      0.000
     5.000    -65.000      0.000      0.000      0.000      0.000
    10.000    -65.000      0.000      0.000      0.000      0.000
    15.000    -65.000      0.000      0.000      0.000      0.000
    20.000    -65.000      0.000      0.000      0.000      0.000
    25.000    -65.000      0.000      0.000      0.000      0.000
    30.000    -65.000      0.000      0.000      0.000      0.000
    35.000    -65.000      0.000      0.000      0.000      0.000
    40.000    -65.000      0.000      0.000      0.000      0.000
    45.000    -65.000      0.000      0.000      0.000      0.000
    50.000    -65.000      0.000      0.000      0.000      0.000
    55.000    -65.000      0.000      0.000      0.000      0.000
    60.000    -65.000      0.000      0.000      0.000      0.000
    65.000    -65.000      0.000      0.000      0.000      0.000
    70.000    -65.000      0.000      0.000      0.000      0.000
    75.000    -65.000      0.000      0.000      0.000      0.000
    80.000    -65.000      0.000      0.000      0.000      0.000
    85.000    -65.000      0.000      0.000      0.000      0.000
    90.000    -65.000      0.000      0.000      0.000      0.000
    95.000    -65.000      0.000      0.000      0.000      0.000
   100.000    -65.000      0.000      0.000      0.000      0.000
   105.000    -65.000      0.000      0.000      0.000      0.000
   110.000    -65.000      0.000      0.000      0.000      0.000
   115.000    -65.000      0.000      0.000      0.000      0.000
   120.000    -65.000      0.000      0.000      0.000      0.000
   125.000    -65.000      0.000      0.000      0.000      0.000
   130.000    -65.000      0.000      0.000      0.000      0.000
   135.000    -65.000      0.000      0.000      0.000      0.000
   140.000    -65.000      0.000      0.000      0.000      0.000
   145.000    -65.000      0.000      0.000      0.000      0.000
   -25.000    -60.000      0.000      0.000      0.000      0.000
   -20.000    -60.000      0.000      0.000      0.000      0.000
   -15.000    -60.000      0.000      0.000      0.000      0.000
   -10.000    -60.000      0.000      0.000      0.000      0.000
    -5.000    -60.000      0.000      0.000      0.000      0.000
     0.000    -60.000      0.000      0.000      0.000      0.000
     5.000    -60.000      0.000      0.000      0.000      0.000
    10.000    -60.000      0.000      0.000      0.000      0.000
    15.000    -60.000      0.000      0.000      0.000      0.000
    20.000    -60.000      0.000      0.000      0.000      0.000
    25.000    -60.000      0.000      0.000      0.000      0.000
    30.000    -60.000      0.000      0.000      0.000      0.000
    35.000    -60.000      0.000      0.000      0.000      0.000
    40.000    -60.000      0.000      0.000      0.000      0.000
    45.000    -60.000      0.000      0.000      0.000      0.000
    50.000    -60.000      0.000      0.000      0.000      0.000
    55.000    -60.000      0.000      0.000      0.000      0.000
    60.000    -60.000      0.000      0.000      0.000      0.000
    65.000    -60.000      0.000      0.000      0.000      0.000
    70.000    -60.000      0.000      0.000      0.000      0.000
    75.000    -60.000      0.000      0.000      0.000      0.000
    80.000    -60.000      0.000      0.000      0.000      0.000
    85.000    -60.000      0.000      0.000      0.000      0.000
    90.000    -60.000      0.000      0.000      0.000      0.000
    95.000    -60.000      0.000      0.000      0.000      0.000
   100.000    -60.000      0.000      0.000      0.000      0.000
   105.000    -60.000      0.000      0.000      0.000      0.000
   110.000    -60.000      0.000      0.000      0.000      0.000
   115.000    -60.000      0.000      0.000      0.000      0.000
   120.000    -60.000      0.000      0.000      0.000      0.000
   125.000    -60.000      0.000      0.000      0.000      0.000
   130.000    -60.000      0.000      0.000      0.000      0.000
   135.000    -60.000      0.000      0.000      0.000      0.000
   140.000    -60.000      0.000      0.000      0.000      0.000
   145.000    -60.000      0.000      0.000      0.000      0.000
   -25.000    -55.000      0.000      0.000      0.000      0.000
   -20.000    -55.000      0.000      0.000      0.000      0.000
   -15.000    -55.000      0.000      0.000      0.000      0.000
   -10.000    -55.000      0.000      0.000      0.000      0.000
    -5.000    -55.000      0.000      0.000      0.000      0.000
     0.000    -55.000      0.000      0.000      0.000      0.000
     5.000    -55.000      0.000      0.000      0.000      0.000
    10.000    -55.000      0.000      0.000      0.000      0.000
    15.000    -55.000      0.000      0.000      0.000      0.000
    20.000    -55.000      0.000      0.000      0.000      0.000
    25.000    -55.000      0.000      0.000      0.000      0.000
    30.000    -55.000      0.000      0.000      0.000      0.000
    35.000    -55.000      0.000      0.000      0.000      0.000
    40.000    -55.000      0.000      0.000      0.000      0.000
    45.000    -55.000      0.000      0.000      0.000      0.000
    50.000    -55.000      0.000      0.000      0.000      0.000
    55.000    -55.000      0.000      0.000      0.000      0.000
    60.000    -55.000      0.000      0.000      0.000      0.000
    65.000    -55.000      0.000      0.000      0.000      0.000
    70.000    -55.000      0.000      0.000      0.000      0.000
    75.000    -55.000      0.000      0.000      0.000      0.000
    80.000    -55.000      0.000      0.000      0.000      0.000
    85.000    -55.000      0.000      0.000      0.000      0.000
    90.000    -55.000      0.000      0.000      0.000      0.000
    95.000    -55.000      0.000      0.000      0.000      0.000
   100.000    -55.000      0.000      0.000      0.000      0.000
   105.000    -55.000      0.000      0.000      0.000      0.000
   110.000    -55.000      0.000      0.000      0.000      0.000
   115.000    -55.000      0.000      0.000      0.000      0.000
   120.000    -55.000      0.000      0.000      0.000      0.000
   125.000    -55.000      0.000      0.000      0.000      0.000
   130.000    -55.000      0.000      0.000      0.000      0.000
   135.000    -55.000      0.000      0.000      0.000      0.000
   140.000    -55.000      0.000      0.000      0.000      0.000
   145.000    -55.000      0.000      0.000      0.000      0.000
   -25.000    -50.000      0.000      0.000      0.000      0.000
   -20.000    -50.000      0.000      0.000      0.000      0.000
   -15.000    -50.000      0.000      0.000      0.000      0.000
   -10.000    -50.000      0.064    166.435      0.374     78.554
    -5.000    -50.000      0.066    147.710      0.950     75.162
     0.000    -50.000      0.075     97.956      1.539     69.831
     5.000    -50.000      0.105     66.731      1.906     64.218
    10.000    -50.000      0.153     52.267      2.044     60.878
    15.000    -50.000      0.193     41.588      1.908     61.341
    20.000    -50.000      0.222     36.843      1.889     73.676
    25.000    -50.000      0.221     29.973      1.472     85.226
    30.000    -50.000      0.220     21.541      0.739    110.526
    35.000    -50.000      0.221     10.096      0.717    159.208
    40.000    -50.000      0.202     -3.934      0.948    174.804
    45.000    -50.000      0.171    -26.528      1.287    165.407
    50.000    -50.000      0.182    -50.388      1.540    168.460
    55.000    -50.000      0.202    -56.888      1.264    170.469
    60.000    -50.000      0.215    -62.008      1.131    161.522
    65.000    -50.000      0.214    -67.772      0.697    168.838
    70.000    -50.000      0.195    -73.331      0.616   -156.066
    75.000    -50.000      0.162    -79.191      0.386   -168.330
    80.000    -50.000      0.127    -84.759      0.536   -139.689
    85.000    -50.000      0.083    -94.396      0.273   -155.628
    90.000    -50.000      0.038   -137.639      0.077     99.260
    95.000    -50.000      0.050    140.220      0.249    -93.151
   100.000    -50.000      0.094    114.812      0.486   -121.908
   105.000    -50.000      0.124    115.757      0.227    173.626
   110.000    -50.000      0.135    122.613      0.199    154.156
   115.000    -50.000      0.092    119.468      0.101    120.310
   120.000    -50.000      0.000      0.000      0.000      0.000
   125.000    -50.000      0.000      0.000      0.000      0.000
   130.000    -50.000      0.000      0.000      0.000      0.000
   135.000    -50.000      0.000      0.000      0.000      0.000
   140.000    -50.000      0.000      0.000      0.000      0.000
   145.000    -50.000      0.000      0.000      0.000      0.000
   -25.000    -45.000      0.000      0.000      0.000      0.000
   -20.000    -45.000      0.000      0.000      0.000      0.000
   -15.000    -45.000      0.000      0.000      0.000      0.000
   -10.000    -45.000      0.055   -154.021      0.635     95.765
    -5.000    -45.000      0.039   -126.283      0.973     82.042
     0.000    -45.000      0.050    -19.327      1.335     65.940
     5.000    -45.000      0.114      4.252      1.567     58.460
    10.000    -45.000      0.195     19.996      1.456     55.175
    15.000    -45.000      0.271     23.200      1.324     61.035
    20.000    -45.000      0.330     22.893      1.724     74.815
    25.000    -45.000      0.348     19.911      1.051     94.504
    30.000    -45.000      0.333     14.821      0.870    162.419
    35.000    -45.000      0.305      6.301      1.496   -170.981
    40.000    -45.000      0.285     -4.787      1.790   -165.810
    45.000    -45.000      0.285    -17.696      2.289   -171.354
    50.000    -45.000      0.298    -29.764      2.812   -175.421
    55.000    -45.000      0.310    -40.053      2.737    174.552
    60.000    -45.000      0.332    -51.871      2.265    174.947
    65.000    -45.000      0.332    -59.017      1.653   -168.018
    70.000    -45.000      0.326    -64.606      1.112   -156.327
    75.000    -45.000      0.291    -70.405      0.725   -152.164
    80.000    -45.000      0.248    -78.255      0.976   -132.382
    85.000    -45.000      0.186    -89.378      0.732   -153.387
    90.000    -45.000      0.110   -117.866      0.390    166.112
    95.000    -45.000      0.096    174.773      0.144    118.480
   100.000    -45.000      0.175    139.125      0.320   -158.074
   105.000    -45.000      0.241    133.942      0.374    159.989
   110.000    -45.000      0.279    130.777      0.423    143.680
   115.000    -45.000      0.230    128.377      0.330    127.049
   120.000    -45.000      0.027   -152.877      0.027   -152.877
   125.000    -45.000      0.000      0.000      0.000      0.000
   130.000    -45.000      0.000      0.000      0.000      0.000
   135.000    -45.000      0.000      0.000      0.000      0.000
   140.000    -45.000      0.000      0.000      0.000      0.000
   145.000    -45.000      0.000      0.000      0.000      0.000
   -25.000    -40.000      0.000      0.000      0.000      0.000
   -20.000    -40.000      0.000      0.000      0.000      0.000
   -15.000    -40.000      0.000      0.000      0.000      0.000
   -10.000    -40.000      0.054   -106.216      0.311    163.251
    -5.000    -40.000      0.071    -77.431      0.235    131.551
     0.000    -40.000      0.099    -27.510      0.200     78.140
     5.000    -40.000      0.177      1.143      0.176    -12.287
    10.000    -40.000      0.260     12.848      0.409    -81.288
    15.000    -40.000      0.301     16.273      0.869   -109.657
    20.000    -40.000      0.322     15.940      0.900   -120.864
    25.000    -40.000      0.336      9.446      1.198   -130.186
    30.000    -40.000      0.346     -0.231      2.032   -134.647
    35.000    -40.000      0.358    -11.307      2.767   -144.187
    40.000    -40.000      0.365    -21.827      3.204   -148.985
    45.000    -40.000      0.369    -28.384      3.939   -147.542
    50.000    -40.000      0.373    -35.760      4.411   -156.172
    55.000    -40.000      0.377    -43.630      4.181   -163.977
    60.000    -40.000      0.384    -52.059      3.779   -161.731
    65.000    -40.000      0.393    -60.898      3.211   -151.009
    70.000    -40.000      0.383    -67.797      2.311   -142.421
    75.000    -40.000      0.353    -74.568      1.540   -138.818
    80.000    -40.000      0.305    -82.596      1.466   -129.410
    85.000    -40.000      0.236    -92.675      1.117   -146.644
    90.000    -40.000      0.182   -115.591      0.744   -171.059
    95.000    -40.000      0.149   -151.194      0.394    176.641
   100.000    -40.000      0.168    164.222      0.399    155.575
   105.000    -40.000      0.225    140.252      0.606    125.346
   110.000    -40.000      0.272    129.914      0.448    131.115
   115.000    -40.000      0.236    129.141      0.351    129.844
   120.000    -40.000      0.031    172.071      0.031    172.071
   125.000    -40.000      0.000      0.000      0.000      0.000
   130.000    -40.000      0.000      0.000      0.000      0.000
   135.000    -40.000      0.000      0.000      0.000      0.000
   140.000    -40.000      0.000      0.000      0.000      0.000
   145.000    -40.000      0.000      0.000      0.000      0.000
   -25.000    -35.000      0.000      0.000      0.000      0.000
   -20.000    -35.000      0.000      0.000      0.000      0.000
   -15.000    -35.000      0.000      0.000      0.000      0.000
   -10.000    -35.000      0.094    -72.492      0.898   -122.326
    -5.000    -35.000      0.144    -43.042      1.421   -111.263
     0.000    -35.000      0.177    -24.725      1.987   -103.719
     5.000    -35.000      0.206    -14.944      2.601   -100.250
    10.000    -35.000      0.238    -10.388      2.969    -99.872
    15.000    -35.000      0.279     -9.633      3.114   -104.023
    20.000    -35.000      0.301    -13.169      3.241   -106.393
    25.000    -35.000      0.312    -22.499      3.419   -113.118
    30.000    -35.000      0.326    -30.556      4.392   -116.577
    35.000    -35.000      0.357    -37.029      5.315   -124.170
    40.000    -35.000      0.387    -42.867      5.701   -129.986
    45.000    -35.000      0.414    -47.731      6.274   -134.138
    50.000    -35.000      0.436    -53.464      6.837   -139.634
    55.000    -35.000      0.441    -60.141      6.630   -145.446
    60.000    -35.000      0.449    -67.655      6.194   -144.256
    65.000    -35.000      0.462    -76.225      5.502   -137.485
    70.000    -35.000      0.444    -82.659      4.486   -131.637
    75.000    -35.000      0.418    -87.590      3.579   -126.460
    80.000    -35.000      0.379    -93.081      2.850   -123.234
    85.000    -35.000      0.318    -97.242      1.980   -134.945
    90.000    -35.000      0.234   -102.192      1.390   -145.571
    95.000    -35.000      0.117   -115.206      0.879   -143.716
   100.000    -35.000      0.053    162.892      0.475   -167.045
   105.000    -35.000      0.113    118.023      0.770    104.495
   110.000    -35.000      0.142    116.404      0.599     99.132
   115.000    -35.000      0.112    129.286      0.292    124.919
   120.000    -35.000      0.035   -171.700      0.040   -172.852
   125.000    -35.000      0.000      0.000      0.000      0.000
   130.000    -35.000      0.000      0.000      0.000      0.000
   135.000    -35.000      0.000      0.000      0.000      0.000
   140.000    -35.000      0.000      0.000      0.000      0.000
   145.000    -35.000      0.000      0.000      0.000      0.000
   -25.000    -30.000      0.000      0.000      0.000      0.000
   -20.000    -30.000      0.000      0.000      0.000      0.000
   -15.000    -30.000      0.000      0.000      0.000      0.000
   -10.000    -30.000      0.144    -59.441      2.108   -106.244
    -5.000    -30.000      0.209    -45.730      3.294   -104.070
     0.000    -30.000      0.236    -35.990      4.162   -102.462
     5.000    -30.000      0.243    -29.845      4.801   -100.401
    10.000    -30.000      0.240    -27.292      5.169    -97.620
    15.000    -30.000      0.242    -31.637      5.484    -95.906
    20.000    -30.000      0.248    -39.925      5.927    -98.879
    25.000    -30.000      0.285    -51.984      6.371   -103.621
    30.000    -30.000      0.337    -58.789      7.083   -108.176
    35.000    -30.000      0.377    -61.887      7.842   -114.842
    40.000    -30.000      0.410    -64.527      8.714   -119.068
    45.000    -30.000      0.447    -68.865      9.216   -121.573
    50.000    -30.000      0.498    -74.514      9.346   -127.811
    55.000    -30.000      0.544    -79.794      9.458   -132.029
    60.000    -30.000      0.582    -85.678      9.274   -132.392
    65.000    -30.000      0.613    -90.808      8.672   -129.562
    70.000    -30.000      0.613    -93.959      7.365   -125.408
    75.000    -30.000      0.586    -94.972      6.234   -119.393
    80.000    -30.000      0.528    -95.085      4.963   -118.549
    85.000    -30.000      0.437    -93.861      3.207   -125.504
    90.000    -30.000      0.307    -89.400      2.109   -131.313
    95.000    -30.000      0.173    -77.103      1.007   -135.614
   100.000    -30.000      0.072    -43.015      0.548   -152.450
   105.000    -30.000      0.048     37.882      0.453    107.621
   110.000    -30.000      0.044     66.508      0.695     84.323
   115.000    -30.000      0.008     23.287      0.213     85.238
   120.000    -30.000      0.063    -69.297      0.067    -69.209
   125.000    -30.000      0.038    -84.400      0.038    -84.400
   130.000    -30.000      0.000      0.000      0.000      0.000
   135.000    -30.000      0.000      0.000      0.000      0.000
   140.000    -30.000      0.000      0.000      0.000      0.000
   145.000    -30.000      0.000      0.000      0.000      0.000
   -25.000    -25.000      0.000      0.000      0.000      0.000
   -20.000    -25.000      0.000      0.000      0.000      0.000
   -15.000    -25.000      0.000      0.000      0.000      0.000
   -10.000    -25.000      0.127    -28.925      2.721   -105.267
    -5.000    -25.000      0.156    -33.890      4.570   -102.834
     0.000    -25.000      0.154    -24.990      5.729   -100.199
     5.000    -25.000      0.153    -12.071      6.324    -96.944
    10.000    -25.000      0.149    -18.524      6.624    -92.548
    15.000    -25.000      0.170    -42.533      7.047    -88.340
    20.000    -25.000      0.192    -54.663      7.602    -90.406
    25.000    -25.000      0.238    -61.776      8.741    -93.990
    30.000    -25.000      0.318    -69.096      9.725    -99.702
    35.000    -25.000      0.398    -77.658     10.849   -104.903
    40.000    -25.000      0.479    -84.060     11.744   -108.322
    45.000    -25.000      0.559    -89.392     12.331   -111.589
    50.000    -25.000      0.646    -93.609     12.439   -116.833
    55.000    -25.000      0.724    -95.653     12.119   -121.316
    60.000    -25.000      0.781    -96.692     11.993   -124.140
    65.000    -25.000      0.811    -97.579     11.674   -123.297
    70.000    -25.000      0.789    -97.981     10.578   -121.233
    75.000    -25.000      0.723    -97.148      8.715   -117.733
    80.000    -25.000      0.616    -94.012      7.223   -114.398
    85.000    -25.000      0.500    -90.777      4.941   -116.032
    90.000    -25.000      0.364    -88.165      2.937   -119.325
    95.000    -25.000      0.235    -83.026      1.496   -121.735
   100.000    -25.000      0.132    -68.484      0.521   -147.771
   105.000    -25.000      0.085    -35.701      0.311    149.190
   110.000    -25.000      0.081    -19.034      0.434     78.555
   115.000    -25.000      0.086    -28.680      0.188     37.985
   120.000    -25.000      0.078    -46.953      0.073    -20.019
   125.000    -25.000      0.023    -80.167      0.023    -80.167
   130.000    -25.000      0.000      0.000      0.000      0.000
   135.000    -25.000      0.000      0.000      0.000      0.000
   140.000    -25.000      0.000      0.000      0.000      0.000
   145.000    -25.000      0.000      0.000      0.000      0.000
   -25.000    -20.000      0.000      0.000      0.000      0.000
   -20.000    -20.000      0.000      0.000      0.000      0.000
   -15.000    -20.000      0.000      0.000      0.000      0.000
   -10.000    -20.000      0.091      6.637      2.659   -103.713
    -5.000    -20.000      0.093     -9.760      4.733   -101.733
     0.000    -20.000      0.106     11.835      5.964    -98.138
     5.000    -20.000      0.124     18.442      6.635    -93.596
    10.000    -20.000      0.116      5.332      7.172    -88.087
    15.000    -20.000      0.157    -49.743      7.865    -83.099
    20.000    -20.000      0.181    -58.780      8.753    -82.077
    25.000    -20.000      0.217    -71.130     10.063    -86.079
    30.000    -20.000      0.299    -84.250     11.740    -91.041
    35.000    -20.000      0.411    -92.627     13.113    -96.977
    40.000    -20.000      0.523    -97.052     14.016   -101.975
    45.000    -20.000      0.656   -100.070     14.488   -104.323
    50.000    -20.000      0.772   -102.584     14.819   -108.665
    55.000    -20.000      0.866   -103.760     14.406   -113.580
    60.000    -20.000      0.915   -103.710     13.824   -118.159
    65.000    -20.000      0.915   -102.291     13.518   -119.813
    70.000    -20.000      0.898   -101.163     12.705   -119.486
    75.000    -20.000      0.834   -100.475     11.065   -118.134
    80.000    -20.000      0.717    -99.018      8.796   -115.345
    85.000    -20.000      0.568    -95.667      6.467   -113.472
    90.000    -20.000      0.416    -89.905      4.037   -111.646
    95.000    -20.000      0.293    -82.367      1.727   -105.346
   100.000    -20.000      0.202    -71.471      0.200   -134.456
   105.000    -20.000      0.171    -54.677      0.178    120.359
   110.000    -20.000      0.188    -43.993      0.087    -33.048
   115.000    -20.000      0.214    -41.545      0.328    -29.222
   120.000    -20.000      0.216    -43.419      0.361    -42.908
   125.000    -20.000      0.026    -70.776      0.026    -70.776
   130.000    -20.000      0.000      0.000      0.000      0.000
   135.000    -20.000      0.000      0.000      0.000      0.000
   140.000    -20.000      0.000      0.000      0.000      0.000
   145.000    -20.000      0.000      0.000      0.000      0.000
   -25.000    -15.000      0.000      0.000      0.000      0.000
   -20.000    -15.000      0.000      0.000      0.000      0.000
   -15.000    -15.000      0.000      0.000      0.000      0.000
   -10.000    -15.000      0.073      7.130      2.537    -97.213
    -5.000    -15.000      0.037    -43.320      4.493    -97.417
     0.000    -15.000      0.025    -12.635      5.602    -93.632
     5.000    -15.000      0.013     32.588      6.340    -87.723
    10.000    -15.000      0.109     34.051      6.975    -81.521
    15.000    -15.000      0.148    -68.688      8.044    -77.444
    20.000    -15.000      0.155    -82.508      9.311    -75.559
    25.000    -15.000      0.215    -95.238     10.679    -78.732
    30.000    -15.000      0.294   -101.070     12.717    -83.721
    35.000    -15.000      0.400   -106.099     14.410    -90.642
    40.000    -15.000      0.528   -108.768     15.223    -96.928
    45.000    -15.000      0.670   -108.512     15.888    -99.780
    50.000    -15.000      0.779   -107.986     16.020   -103.642
    55.000    -15.000      0.876   -107.863     16.005   -108.115
    60.000    -15.000      0.955   -107.596     14.901   -112.982
    65.000    -15.000      0.976   -107.233     14.304   -116.786
    70.000    -15.000      0.941   -106.396     13.571   -117.084
    75.000    -15.000      0.852   -105.433     12.000   -117.919
    80.000    -15.000      0.722   -103.239      9.892   -116.654
    85.000    -15.000      0.568    -99.509      7.488   -114.066
    90.000    -15.000      0.415    -92.157      4.745   -108.397
    95.000    -15.000      0.294    -79.608      1.793    -93.831
   100.000    -15.000      0.228    -60.011      0.302     36.154
   105.000    -15.000      0.220    -42.943      0.646     80.832
   110.000    -15.000      0.237    -37.979      0.070     58.513
   115.000    -15.000      0.249    -41.423      0.277    -46.762
   120.000    -15.000      0.219    -41.902      0.309    -40.144
   125.000    -15.000      0.025     13.132      0.025     13.132
   130.000    -15.000      0.000      0.000      0.000      0.000
   135.000    -15.000      0.000      0.000      0.000      0.000
   140.000    -15.000      0.000      0.000      0.000      0.000
   145.000    -15.000      0.000      0.000      0.000      0.000
   -25.000    -10.000      0.000      0.000      0.000      0.000
   -20.000    -10.000      0.000      0.000      0.000      0.000
   -15.000    -10.000      0.000      0.000      0.000      0.000
   -10.000    -10.000      0.000      0.000      2.079    -95.359
    -5.000    -10.000      0.000      0.000      2.933    -86.138
     0.000    -10.000      0.000      0.000      4.098    -78.366
     5.000    -10.000      0.000      0.000      5.289    -71.910
    10.000    -10.000      0.000      0.000      6.530    -68.204
    15.000    -10.000      0.080   -100.850      7.469    -67.881
    20.000    -10.000      0.069    -86.414      9.038    -68.798
    25.000    -10.000      0.172   -100.933     10.691    -72.545
    30.000    -10.000      0.280   -110.017     12.359    -77.554
    35.000    -10.000      0.390   -114.558     14.445    -84.468
    40.000    -10.000      0.514   -115.780     15.700    -92.166
    45.000    -10.000      0.642   -115.117     16.403    -96.128
    50.000    -10.000      0.753   -114.512     16.452    -99.596
    55.000    -10.000      0.847   -113.746     16.095   -104.118
    60.000    -10.000      0.906   -112.526     15.139   -108.532
    65.000    -10.000      0.921   -111.168     13.901   -113.482
    70.000    -10.000      0.889   -109.088     13.244   -116.509
    75.000    -10.000      0.816   -106.912     11.985   -118.304
    80.000    -10.000      0.685   -103.365     10.329   -117.853
    85.000    -10.000      0.521    -98.195      7.845   -114.200
    90.000    -10.000      0.347    -87.831      4.897   -108.156
    95.000    -10.000      0.225    -68.624      2.071    -92.562
   100.000    -10.000      0.166    -42.259      0.612     -8.299
   105.000    -10.000      0.147    -23.038      0.998     55.439
   110.000    -10.000      0.138    -19.248      0.306     41.740
   115.000    -10.000      0.124    -24.301      0.319    -74.779
   120.000    -10.000      0.095    -27.514      0.151    -49.090
   125.000    -10.000      0.019     25.573      0.019     25.573
   130.000    -10.000      0.000      0.000      0.000      0.000
   135.000    -10.000      0.000      0.000      0.000      0.000
   140.000    -10.000      0.000      0.000      0.000      0.000
   145.000    -10.000      0.000      0.000      0.000      0.000
   -25.000     -5.000      0.000      0.000      0.000      0.000
   -20.000     -5.000      0.000      0.000      0.000      0.000
   -15.000     -5.000      0.000      0.000      0.000      0.000
   -10.000     -5.000      0.000      0.000      1.148    -69.329
    -5.000     -5.000      0.000      0.000      1.877    -57.714
     0.000     -5.000      0.000      0.000      2.902    -49.214
     5.000     -5.000      0.000      0.000      4.061    -46.702
    10.000     -5.000      0.000      0.000      5.645    -52.087
    15.000     -5.000      0.027    -76.345      7.226    -55.305
    20.000     -5.000      0.094    -85.875      8.549    -59.990
    25.000     -5.000      0.210   -102.244     10.273    -67.828
    30.000     -5.000      0.309   -108.310     11.869    -73.660
    35.000     -5.000      0.400   -114.324     13.301    -80.906
    40.000     -5.000      0.485   -119.729     14.502    -88.102
    45.000     -5.000      0.583   -121.590     15.458    -93.629
    50.000     -5.000      0.672   -121.400     15.604    -97.251
    55.000     -5.000      0.744   -119.671     14.923   -100.704
    60.000     -5.000      0.791   -117.529     14.003   -105.715
    65.000     -5.000      0.795   -115.163     12.900   -110.639
    70.000     -5.000      0.760   -111.154     12.109   -114.647
    75.000     -5.000      0.683   -106.529     10.988   -118.401
    80.000     -5.000      0.577   -101.065      9.503   -118.698
    85.000     -5.000      0.458    -95.385      7.653   -115.113
    90.000     -5.000      0.332    -86.592      5.115   -109.694
    95.000     -5.000      0.221    -70.960      2.582    -98.314
   100.000     -5.000      0.144    -43.627      0.757    -37.941
   105.000     -5.000      0.114    -17.810      0.952     28.801
   110.000     -5.000      0.088     -3.484      0.746     44.441
   115.000     -5.000      0.072     29.129      0.154     16.511
   120.000     -5.000      0.112     63.850      0.221     69.336
   125.000     -5.000      0.046     35.827      0.051     35.780
   130.000     -5.000      0.000      0.000      0.000      0.000
   135.000     -5.000      0.000      0.000      0.000      0.000
   140.000     -5.000      0.000      0.000      0.000      0.000
   145.000     -5.000      0.000      0.000      0.000      0.000
   -25.000      0.000      0.000      0.000      0.000      0.000
   -20.000      0.000      0.000      0.000      0.000      0.000
   -15.000      0.000      0.000      0.000      0.000      0.000
   -10.000      0.000      0.000      0.000      0.537    -15.928
    -5.000      0.000      0.000      0.000      1.410    -21.236
     0.000      0.000      0.000      0.000      2.601    -14.314
     5.000      0.000      0.000      0.000      3.754    -17.189
    10.000      0.000      0.000      0.000      4.502    -31.656
    15.000      0.000      0.001   -171.027      6.012    -44.273
    20.000      0.000      0.152   -107.834      7.324    -53.673
    25.000      0.000      0.219   -113.071      8.932    -66.348
    30.000      0.000      0.252   -120.058     10.360    -73.030
    35.000      0.000      0.285   -126.826     11.165    -78.306
    40.000      0.000      0.335   -131.047     12.228    -84.498
    45.000      0.000      0.407   -131.448     13.134    -91.196
    50.000      0.000      0.479   -129.839     13.389    -95.776
    55.000      0.000      0.537   -127.360     12.708    -99.345
    60.000      0.000      0.575   -124.078     11.747   -103.425
    65.000      0.000      0.576   -120.630     10.870   -108.710
    70.000      0.000      0.550   -116.485      9.981   -113.725
    75.000      0.000      0.509   -111.682      9.113   -118.281
    80.000      0.000      0.452   -105.905      8.244   -118.872
    85.000      0.000      0.381    -99.307      6.904   -116.647
    90.000      0.000      0.290    -89.425      4.731   -112.151
    95.000      0.000      0.199    -71.758      2.656   -104.758
   100.000      0.000      0.138    -46.092      1.060    -73.858
   105.000      0.000      0.118    -20.789      0.774    -21.734
   110.000      0.000      0.101     -8.735      0.682     10.669
   115.000      0.000      0.064      3.947      0.225    -19.714
   120.000      0.000      0.022     63.453      0.008    109.364
   125.000      0.000      0.073     97.775      0.084     98.424
   130.000      0.000      0.000      0.000      0.000      0.000
   135.000      0.000      0.000      0.000      0.000      0.000
   140.000      0.000      0.000      0.000      0.000      0.000
   145.000      0.000      0.000      0.000      0.000      0.000
   -25.000      5.000      0.000      0.000      0.000      0.000
   -20.000      5.000      0.000      0.000      0.000      0.000
   -15.000      5.000      0.000      0.000      0.000      0.000
   -10.000      5.000      0.000      0.000      0.333      8.175
    -5.000      5.000      0.000      0.000      1.585     13.038
     0.000      5.000      0.000      0.000      2.636     10.222
     5.000      5.000      0.000      0.000      3.309      3.648
    10.000      5.000      0.000      0.000      3.590    -12.270
    15.000      5.000      0.006   -106.490      4.699    -40.823
    20.000      5.000      0.086   -129.305      5.875    -52.140
    25.000      5.000      0.097   -130.236      6.793    -63.307
    30.000      5.000      0.114   -140.798      7.605    -72.102
    35.000      5.000      0.141   -146.850      8.175    -76.776
    40.000      5.000      0.180   -145.460      8.851    -82.372
    45.000      5.000      0.239   -140.545      9.632    -89.112
    50.000      5.000      0.299   -137.572      9.766    -94.692
    55.000      5.000      0.348   -134.335      9.395    -98.979
    60.000      5.000      0.374   -131.005      8.581   -101.752
    65.000      5.000      0.388   -127.610      7.949   -106.988
    70.000      5.000      0.392   -123.946      7.041   -113.382
    75.000      5.000      0.385   -119.474      6.632   -116.810
    80.000      5.000      0.337   -115.599      5.997   -118.136
    85.000      5.000      0.270   -108.478      5.163   -118.350
    90.000      5.000      0.208    -96.000      3.777   -114.291
    95.000      5.000      0.164    -76.021      2.113   -109.266
   100.000      5.000      0.132    -48.877      0.946    -89.198
   105.000      5.000      0.127    -19.947      0.542    -42.970
   110.000      5.000      0.128     -5.392      0.672      1.612
   115.000      5.000      0.117    -13.266      0.477     34.967
   120.000      5.000      0.100    -46.600      0.145    -48.531
   125.000      5.000      0.055    -44.966      0.062    -45.359
   130.000      5.000      0.000      0.000      0.000      0.000
   135.000      5.000      0.000      0.000      0.000      0.000
   140.000      5.000      0.000      0.000      0.000      0.000
   145.000      5.000      0.000      0.000      0.000      0.000
   -25.000     10.000      0.000      0.000      0.000      0.000
   -20.000     10.000      0.000      0.000      0.000      0.000
   -15.000     10.000      0.000      0.000      0.000      0.000
   -10.000     10.000      0.000      0.000      0.281    -38.493
    -5.000     10.000      0.000      0.000      0.960     15.312
     0.000     10.000      0.000      0.000      1.557     12.087
     5.000     10.000      0.000      0.000      1.892      7.196
    10.000     10.000      0.000      0.000      2.115      0.678
    15.000     10.000      0.035   -154.961      2.670    -39.559
    20.000     10.000      0.071   -118.070      3.346    -51.562
    25.000     10.000      0.050   -127.700      3.742    -60.850
    30.000     10.000      0.039   -142.048      4.308    -71.447
    35.000     10.000      0.045   -153.526      4.571    -75.284
    40.000     10.000      0.068   -158.033      4.890    -81.954
    45.000     10.000      0.096   -155.226      4.965    -87.656
    50.000     10.000      0.126   -149.372      4.948    -94.046
    55.000     10.000      0.148   -144.725      5.036    -99.028
    60.000     10.000      0.173   -139.906      4.735   -101.793
    65.000     10.000      0.207   -136.496      4.203   -107.214
    70.000     10.000      0.226   -133.896      3.675   -113.266
    75.000     10.000      0.215   -129.155      3.533   -115.636
    80.000     10.000      0.188   -122.193      3.061   -117.603
    85.000     10.000      0.168   -113.772      2.659   -117.717
    90.000     10.000      0.142   -103.848      2.456   -113.038
    95.000     10.000      0.103    -79.909      1.471   -102.385
   100.000     10.000      0.093    -38.116      0.819    -89.720
   105.000     10.000      0.115     -7.877      0.327    -47.344
   110.000     10.000      0.132      5.934      0.309      0.378
   115.000     10.000      0.121      6.871      0.501     45.067
   120.000     10.000      0.083     -6.546      0.153      0.682
   125.000     10.000      0.019     81.235      0.019     81.235
   130.000     10.000      0.000      0.000      0.000      0.000
   135.000     10.000      0.000      0.000      0.000      0.000
   140.000     10.000      0.000      0.000      0.000      0.000
   145.000     10.000      0.000      0.000      0.000      0.000
   -25.000     15.000      0.000      0.000      0.000      0.000
   -20.000     15.000      0.000      0.000      0.000      0.000
   -15.000     15.000      0.000      0.000      0.000      0.000
   -10.000     15.000      0.000      0.000      0.000      0.000
    -5.000     15.000      0.000      0.000      0.000      0.000
     0.000     15.000      0.000      0.000      0.000      0.000
     5.000     15.000      0.000      0.000      0.000      0.000
    10.000     15.000      0.000      0.000      0.000      0.000
    15.000     15.000      0.000      0.000      0.000      0.000
    20.000     15.000      0.000      0.000      0.000      0.000
    25.000     15.000      0.000      0.000      0.000      0.000
    30.000     15.000      0.000      0.000      0.000      0.000
    35.000     15.000      0.000      0.000      0.000      0.000
    40.000     15.000      0.000      0.000      0.000      0.000
    45.000     15.000      0.000      0.000      0.000      0.000
    50.000     15.000      0.000      0.000      0.000      0.000
    55.000     15.000      0.000      0.000      0.000      0.000
    60.000     15.000      0.000      0.000      0.000      0.000
    65.000     15.000      0.000      0.000      0.000      0.000
    70.000     15.000      0.000      0.000      0.000      0.000
    75.000     15.000      0.000      0.000      0.000      0.000
    80.000     15.000      0.000      0.000      0.000      0.000
    85.000     15.000      0.000      0.000      0.000      0.000
    90.000     15.000      0.000      0.000      0.000      0.000
    95.000     15.000      0.000      0.000      0.000      0.000
   100.000     15.000      0.000      0.000      0.000      0.000
   105.000     15.000      0.000      0.000      0.000      0.000
   110.000     15.000      0.000      0.000      0.000      0.000
   115.000     15.000      0.000      0.000      0.000      0.000
   120.000     15.000      0.000      0.000      0.000      0.000
   125.000     15.000      0.000      0.000      0.000      0.000
   130.000     15.000      0.000      0.000      0.000      0.000
   135.000     15.000      0.000      0.000      0.000      0.000
   140.000     15.000      0.000      0.000      0.000      0.000
   145.000     15.000      0.000      0.000      0.000      0.000
   -25.000     20.000      0.000      0.000      0.000      0.000
   -20.000     20.000      0.000      0.000      0.000      0.000
   -15.000     20.000      0.000      0.000      0.000      0.000
   -10.000     20.000      0.000      0.000      0.000      0.000
    -5.000     20.000      0.000      0.000      0.000      0.000
     0.000     20.000      0.000      0.000      0.000      0.000
     5.000     20.000      0.000      0.000      0.000      0.000
    10.000     20.000      0.000      0.000      0.000      0.000
    15.000     20.000      0.000      0.000      0.000      0.000
    20.000     20.000      0.000      0.000      0.000      0.000
    25.000     20.000      0.000      0.000      0.000      0.000
    30.000     20.000      0.000      0.000      0.000      0.000
    35.000     20.000      0.000      0.000      0.000      0.000
    40.000     20.000      0.000      0.000      0.000      0.000
    45.000     20.000      0.000      0.000      0.000      0.000
    50.000     20.000      0.000      0.000      0.000      0.000
    55.000     20.000      0.000      0.000      0.000      0.000
    60.000     20.000      0.000      0.000      0.000      0.000
    65.000     20.000      0.000      0.000      0.000      0.000
    70.000     20.000      0.000      0.000      0.000      0.000
    75.000     20.000      0.000      0.000      0.000      0.000
    80.000     20.000      0.000      0.000      0.000      0.000
    85.000     20.000      0.000      0.000      0.000      0.000
    90.000     20.000      0.000      0.000      0.000      0.000
    95.000     20.000      0.000      0.000      0.000      0.000
   100.000     20.000      0.000      0.000      0.000      0.000
   105.000     20.000      0.000      0.000      0.000      0.000
   110.000     20.000      0.000      0.000      0.000      0.000
   115.000     20.000      0.000      0.000      0.000      0.000
   120.000     20.000      0.000      0.000      0.000      0.000
   125.000     20.000      0.000      0.000      0.000      0.000
   130.000     20.000      0.000      0.000      0.000      0.000
   135.000     20.000      0.000      0.000      0.000      0.000
   140.000     20.000      0.000      0.000      0.000      0.000
   145.000     20.000      0.000      0.000      0.000      0.000
   -25.000     25.000      0.000      0.000      0.000      0.000
   -20.000     25.000      0.000      0.000      0.000      0.000
   -15.000     25.000      0.000      0.000      0.000      0.000
   -10.000     25.000      0.000      0.000      0.000      0.000
    -5.000     25.000      0.000      0.000      0.000      0.000
     0.000     25.000      0.000      0.000      0.000      0.000
     5.000     25.000      0.000      0.000      0.000      0.000
    10.000     25.000      0.000      0.000      0.000      0.000
    15.000     25.000      0.000      0.000      0.000      0.000
    20.000     25.000      0.000      0.000      0.000      0.000
    25.000     25.000      0.000      0.000      0.000      0.000
    30.000     25.000      0.000      0.000      0.000      0.000
    35.000     25.000      0.000      0.000      0.000      0.000
    40.000     25.000      0.000      0.000      0.000      0.000
    45.000     25.000      0.000      0.000      0.000      0.000
    50.000     25.000      0.000      0.000      0.000      0.000
    55.000     25.000      0.000      0.000      0.000      0.000
    60.000     25.000      0.000      0.000      0.000      0.000
    65.000     25.000      0.000      0.000      0.000      0.000
    70.000     25.000      0.000      0.000      0.000      0.000
    75.000     25.000      0.000      0.000      0.000      0.000
    80.000     25.000      0.000      0.000      0.000      0.000
    85.000     25.000      0.000      0.000      0.000      0.000
    90.000     25.000      0.000      0.000      0.000      0.000
    95.000     25.000      0.000      0.000      0.000      0.000
   100.000     25.000      0.000      0.000      0.000      0.000
   105.000     25.000      0.000      0.000      0.000      0.000
   110.000     25.000      0.000      0.000      0.000      0.000
   115.000     25.000      0.000      0.000      0.000      0.000
   120.000     25.000      0.000      0.000      0.000      0.000
   125.000     25.000      0.000      0.000      0.000      0.000
   130.000     25.000      0.000      0.000      0.000      0.000
   135.000     25.000      0.000      0.000      0.000      0.000
   140.000     25.000      0.000      0.000      0.000      0.000
   145.000     25.000      0.000      0.000      0.000      0.000
