   -25.000    -65.000      0.000      0.000      0.000      0.000
   -20.000    -65.000      0.000      0.000      0.000      0.000
   -15.000    -65.000      0.000      0.000      0.000      0.000
   -10.000    -65.000      0.000      0.000      0.000      0.000
    -5.000    -65.000      0.000      0.000      0.000      0.000
     0.000    -65.000      0.000      0.000      0.000      0.000
     5.000    -65.000      0.000      0.000      0.000      0.000
    10.000    -65.000      0.000      0.000      0.000      0.000
    15.000    -65.000      0.000      0.000      0.000      0.000
    20.000    -65.000      0.000      0.000      0.000      0.000
    25.000    -65.000      0.000      0.000      0.000      0.000
    30.000    -65.000      0.000      0.000      0.000      0.000
    35.000    -65.000      0.000      0.000      0.000      0.000
    40.000    -65.000      0.000      0.000      0.000      0.000
    45.000    -65.000      0.000      0.000      0.000      0.000
    50.000    -65.000      0.000      0.000      0.000      0.000
    55.000    -65.000      0.000      0.000      0.000      0.000
    60.000    -65.000      0.000      0.000      0.000      0.000
    65.000    -65.000      0.000      0.000      0.000      0.000
    70.000    -65.000      0.000      0.000      0.000      0.000
    75.000    -65.000      0.000      0.000      0.000      0.000
    80.000    -65.000      0.000      0.000      0.000      0.000
    85.000    -65.000      0.000      0.000      0.000      0.000
    90.000    -65.000      0.000      0.000      0.000      0.000
    95.000    -65.000      0.000      0.000      0.000      0.000
   100.000    -65.000      0.000      0.000      0.000      0.000
   105.000    -65.000      0.000      0.000      0.000      0.000
   110.000    -65.000      0.000      0.000      0.000      0.000
   115.000    -65.000      0.000      0.000      0.000      0.000
   120.000    -65.000      0.000      0.000      0.000      0.000
   125.000    -65.000      0.000      0.000      0.000      0.000
   130.000    -65.000      0.000      0.000      0.000      0.000
   135.000    -65.000      0.000      0.000      0.000      0.000
   140.000    -65.000      0.000      0.000      0.000      0.000
   145.000    -65.000      0.000      0.000      0.000      0.000
   -25.000    -60.000      0.000      0.000      0.000      0.000
   -20.000    -60.000      0.000      0.000      0.000      0.000
   -15.000    -60.000      0.000      0.000      0.000      0.000
   -10.000    -60.000      0.000      0.000      0.000      0.000
    -5.000    -60.000      0.000      0.000      0.000      0.000
     0.000    -60.000      0.000      0.000      0.000      0.000
     5.000    -60.000      0.000      0.000      0.000      0.000
    10.000    -60.000      0.000      0.000      0.000      0.000
    15.000    -60.000      0.000      0.000      0.000      0.000
    20.000    -60.000      0.000      0.000      0.000      0.000
    25.000    -60.000      0.000      0.000      0.000      0.000
    30.000    -60.000      0.000      0.000      0.000      0.000
    35.000    -60.000      0.000      0.000      0.000      0.000
    40.000    -60.000      0.000      0.000      0.000      0.000
    45.000    -60.000      0.000      0.000      0.000      0.000
    50.000    -60.000      0.000      0.000      0.000      0.000
    55.000    -60.000      0.000      0.000      0.000      0.000
    60.000    -60.000      0.000      0.000      0.000      0.000
    65.000    -60.000      0.000      0.000      0.000      0.000
    70.000    -60.000      0.000      0.000      0.000      0.000
    75.000    -60.000      0.000      0.000      0.000      0.000
    80.000    -60.000      0.000      0.000      0.000      0.000
    85.000    -60.000      0.000      0.000      0.000      0.000
    90.000    -60.000      0.000      0.000      0.000      0.000
    95.000    -60.000      0.000      0.000      0.000      0.000
   100.000    -60.000      0.000      0.000      0.000      0.000
   105.000    -60.000      0.000      0.000      0.000      0.000
   110.000    -60.000      0.000      0.000      0.000      0.000
   115.000    -60.000      0.000      0.000      0.000      0.000
   120.000    -60.000      0.000      0.000      0.000      0.000
   125.000    -60.000      0.000      0.000      0.000      0.000
   130.000    -60.000      0.000      0.000      0.000      0.000
   135.000    -60.000      0.000      0.000      0.000      0.000
   140.000    -60.000      0.000      0.000      0.000      0.000
   145.000    -60.000      0.000      0.000      0.000      0.000
   -25.000    -55.000      0.000      0.000      0.000      0.000
   -20.000    -55.000      0.000      0.000      0.000      0.000
   -15.000    -55.000      0.000      0.000      0.000      0.000
   -10.000    -55.000      0.000      0.000      0.000      0.000
    -5.000    -55.000      0.000      0.000      0.000      0.000
     0.000    -55.000      0.000      0.000      0.000      0.000
     5.000    -55.000      0.000      0.000      0.000      0.000
    10.000    -55.000      0.000      0.000      0.000      0.000
    15.000    -55.000      0.000      0.000      0.000      0.000
    20.000    -55.000      0.000      0.000      0.000      0.000
    25.000    -55.000      0.000      0.000      0.000      0.000
    30.000    -55.000      0.000      0.000      0.000      0.000
    35.000    -55.000      0.000      0.000      0.000      0.000
    40.000    -55.000      0.000      0.000      0.000      0.000
    45.000    -55.000      0.000      0.000      0.000      0.000
    50.000    -55.000      0.000      0.000      0.000      0.000
    55.000    -55.000      0.000      0.000      0.000      0.000
    60.000    -55.000      0.000      0.000      0.000      0.000
    65.000    -55.000      0.000      0.000      0.000      0.000
    70.000    -55.000      0.000      0.000      0.000      0.000
    75.000    -55.000      0.000      0.000      0.000      0.000
    80.000    -55.000      0.000      0.000      0.000      0.000
    85.000    -55.000      0.000      0.000      0.000      0.000
    90.000    -55.000      0.000      0.000      0.000      0.000
    95.000    -55.000      0.000      0.000      0.000      0.000
   100.000    -55.000      0.000      0.000      0.000      0.000
   105.000    -55.000      0.000      0.000      0.000      0.000
   110.000    -55.000      0.000      0.000      0.000      0.000
   115.000    -55.000      0.000      0.000      0.000      0.000
   120.000    -55.000      0.000      0.000      0.000      0.000
   125.000    -55.000      0.000      0.000      0.000      0.000
   130.000    -55.000      0.000      0.000      0.000      0.000
   135.000    -55.000      0.000      0.000      0.000      0.000
   140.000    -55.000      0.000      0.000      0.000      0.000
   145.000    -55.000      0.000      0.000      0.000      0.000
   -25.000    -50.000      0.000      0.000      0.000      0.000
   -20.000    -50.000      0.000      0.000      0.000      0.000
   -15.000    -50.000      0.000      0.000      0.000      0.000
   -10.000    -50.000      0.000      0.000      0.754     53.592
    -5.000    -50.000      0.000      0.000      1.340     56.450
     0.000    -50.000      0.000      0.000      1.577     68.903
     5.000    -50.000      0.000      0.000      1.897     91.055
    10.000    -50.000      0.000      0.000      2.360    105.828
    15.000    -50.000      0.000      0.000      2.613    113.721
    20.000    -50.000      0.000      0.000      3.007    111.789
    25.000    -50.000      0.000      0.000      3.042    120.492
    30.000    -50.000      0.000      0.000      2.418    134.568
    35.000    -50.000      0.000      0.000      1.721    155.764
    40.000    -50.000      0.000      0.000      1.571    173.662
    45.000    -50.000      0.000      0.000      1.680   -179.821
    50.000    -50.000      0.015   -111.359      1.597   -162.190
    55.000    -50.000      0.081    -21.830      0.916   -134.494
    60.000    -50.000      0.114    -14.950      0.713   -105.414
    65.000    -50.000      0.143     -5.376      1.311    -67.142
    70.000    -50.000      0.193     -7.154      1.875    -48.619
    75.000    -50.000      0.234     -7.102      2.329    -35.489
    80.000    -50.000      0.253      2.832      2.759    -31.868
    85.000    -50.000      0.277     13.079      2.537    -24.566
    90.000    -50.000      0.289     18.783      2.372    -26.877
    95.000    -50.000      0.273     19.817      2.644    -28.167
   100.000    -50.000      0.234     15.302      2.606    -30.188
   105.000    -50.000      0.195      2.197      2.433    -15.099
   110.000    -50.000      0.191    -11.228      2.325    -10.059
   115.000    -50.000      0.220    -16.294      2.178    -13.220
   120.000    -50.000      0.231    -27.001      2.124    -14.956
   125.000    -50.000      0.223    -43.461      1.735    -21.109
   130.000    -50.000      0.172    -56.780      1.058    -21.256
   135.000    -50.000      0.000      0.000      0.000      0.000
   140.000    -50.000      0.000      0.000      0.000      0.000
   145.000    -50.000      0.000      0.000      0.000      0.000
   -25.000    -45.000      0.000      0.000      0.000      0.000
   -20.000    -45.000      0.000      0.000      0.000      0.000
   -15.000    -45.000      0.000      0.000      0.000      0.000
   -10.000    -45.000      0.000      0.000      0.854    102.811
    -5.000    -45.000      0.000      0.000      1.295    113.881
     0.000    -45.000      0.000      0.000      1.566    121.308
     5.000    -45.000      0.000      0.000      1.890    121.760
    10.000    -45.000      0.000      0.000      2.338    124.764
    15.000    -45.000      0.000      0.000      2.913    129.374
    20.000    -45.000      0.000      0.000      3.745    124.976
    25.000    -45.000      0.000      0.000      4.008    133.055
    30.000    -45.000      0.000      0.000      3.901    147.619
    35.000    -45.000      0.000      0.000      3.673    163.361
    40.000    -45.000      0.000      0.000      3.469   -176.869
    45.000    -45.000      0.000      0.000      3.573   -168.577
    50.000    -45.000      0.000      0.000      3.559   -156.800
    55.000    -45.000      0.035    -29.310      2.434   -140.568
    60.000    -45.000      0.088    -14.601      2.092   -109.672
    65.000    -45.000      0.176      7.986      2.446    -75.378
    70.000    -45.000      0.301     11.563      3.521    -55.449
    75.000    -45.000      0.404      8.107      4.207    -41.086
    80.000    -45.000      0.454      4.752      4.687    -37.730
    85.000    -45.000      0.466     -0.401      4.591    -33.267
    90.000    -45.000      0.458     -4.468      4.356    -30.308
    95.000    -45.000      0.431     -9.140      4.556    -33.689
   100.000    -45.000      0.376    -11.193      4.326    -34.982
   105.000    -45.000      0.312     -9.227      3.761    -23.814
   110.000    -45.000      0.261     -1.844      3.655    -14.664
   115.000    -45.000      0.219      7.590      3.419    -11.198
   120.000    -45.000      0.178      7.807      3.272    -13.223
   125.000    -45.000      0.136     -0.605      2.760    -10.861
   130.000    -45.000      0.087    -21.678      1.703     -7.022
   135.000    -45.000      0.000      0.000      0.000      0.000
   140.000    -45.000      0.000      0.000      0.000      0.000
   145.000    -45.000      0.000      0.000      0.000      0.000
   -25.000    -40.000      0.000      0.000      0.000      0.000
   -20.000    -40.000      0.000      0.000      0.000      0.000
   -15.000    -40.000      0.000      0.000      0.000      0.000
   -10.000    -40.000      0.000      0.000      0.861    148.436
    -5.000    -40.000      0.000      0.000      1.618    141.197
     0.000    -40.000      0.000      0.000      2.244    145.529
     5.000    -40.000      0.000      0.000      2.665    151.048
    10.000    -40.000      0.000      0.000      3.045    155.390
    15.000    -40.000      0.000      0.000      3.571    160.504
    20.000    -40.000      0.000      0.000      3.958    160.378
    25.000    -40.000      0.000      0.000      4.021    162.222
    30.000    -40.000      0.000      0.000      4.457    171.733
    35.000    -40.000      0.000      0.000      5.026   -175.263
    40.000    -40.000      0.000      0.000      5.411   -160.917
    45.000    -40.000      0.000      0.000      5.639   -150.593
    50.000    -40.000      0.000      0.000      5.569   -145.392
    55.000    -40.000      0.000      0.000      4.599   -133.373
    60.000    -40.000      0.064     -1.659      4.387   -111.642
    65.000    -40.000      0.200     13.341      4.132    -87.972
    70.000    -40.000      0.340      2.614      4.853    -64.614
    75.000    -40.000      0.445     -6.315      5.499    -50.616
    80.000    -40.000      0.510    -13.958      5.898    -46.697
    85.000    -40.000      0.536    -20.940      5.689    -45.740
    90.000    -40.000      0.504    -22.719      5.388    -41.659
    95.000    -40.000      0.432    -19.078      5.352    -38.116
   100.000    -40.000      0.337     -9.856      4.990    -36.917
   105.000    -40.000      0.231      4.127      4.168    -27.381
   110.000    -40.000      0.193     30.192      3.679    -16.547
   115.000    -40.000      0.238     51.133      3.596     -8.992
   120.000    -40.000      0.291     49.969      3.556    -12.111
   125.000    -40.000      0.281     41.393      3.013    -10.919
   130.000    -40.000      0.187     27.278      1.837     -4.277
   135.000    -40.000      0.000      0.000      0.000      0.000
   140.000    -40.000      0.000      0.000      0.000      0.000
   145.000    -40.000      0.000      0.000      0.000      0.000
   -25.000    -35.000      0.000      0.000      0.000      0.000
   -20.000    -35.000      0.000      0.000      0.000      0.000
   -15.000    -35.000      0.000      0.000      0.000      0.000
   -10.000    -35.000      0.000      0.000      1.011   -163.806
    -5.000    -35.000      0.000      0.000      1.680   -163.463
     0.000    -35.000      0.000      0.000      2.308   -158.313
     5.000    -35.000      0.000      0.000      2.721   -155.724
    10.000    -35.000      0.000      0.000      2.993   -157.195
    15.000    -35.000      0.000      0.000      3.640   -164.959
    20.000    -35.000      0.000      0.000      4.310   -158.390
    25.000    -35.000      0.000      0.000      4.508   -151.861
    30.000    -35.000      0.000      0.000      5.208   -147.513
    35.000    -35.000      0.000      0.000      6.423   -147.100
    40.000    -35.000      0.000      0.000      7.269   -144.129
    45.000    -35.000      0.000      0.000      8.077   -137.061
    50.000    -35.000      0.000      0.000      7.864   -134.167
    55.000    -35.000      0.000      0.000      7.107   -127.605
    60.000    -35.000      0.017     23.768      6.847   -113.000
    65.000    -35.000      0.155     -4.449      6.787    -96.892
    70.000    -35.000      0.268    -16.672      6.638    -80.488
    75.000    -35.000      0.346    -26.327      6.360    -65.081
    80.000    -35.000      0.391    -30.834      6.379    -58.437
    85.000    -35.000      0.416    -31.962      5.987    -54.899
    90.000    -35.000      0.406    -24.769      5.639    -50.900
    95.000    -35.000      0.367    -12.164      5.459    -44.151
   100.000    -35.000      0.308      2.662      4.879    -39.779
   105.000    -35.000      0.261     18.826      3.937    -28.115
   110.000    -35.000      0.266     32.963      3.453    -19.756
   115.000    -35.000      0.311     42.675      3.053    -16.436
   120.000    -35.000      0.325     42.032      2.780    -17.841
   125.000    -35.000      0.269     39.739      2.286    -18.622
   130.000    -35.000      0.150     30.070      1.383    -19.752
   135.000    -35.000      0.000      0.000      0.000      0.000
   140.000    -35.000      0.000      0.000      0.000      0.000
   145.000    -35.000      0.000      0.000      0.000      0.000
   -25.000    -30.000      0.000      0.000      0.000      0.000
   -20.000    -30.000      0.000      0.000      0.000      0.000
   -15.000    -30.000      0.000      0.000      0.000      0.000
   -10.000    -30.000      0.000      0.000      1.354   -132.645
    -5.000    -30.000      0.000      0.000      2.433   -129.931
     0.000    -30.000      0.000      0.000      3.629   -124.172
     5.000    -30.000      0.000      0.000      4.682   -121.396
    10.000    -30.000      0.000      0.000      5.183   -121.243
    15.000    -30.000      0.000      0.000      5.657   -122.732
    20.000    -30.000      0.000      0.000      6.396   -119.352
    25.000    -30.000      0.000      0.000      7.166   -120.401
    30.000    -30.000      0.000      0.000      8.196   -120.280
    35.000    -30.000      0.000      0.000      9.529   -121.213
    40.000    -30.000      0.000      0.000      9.687   -124.611
    45.000    -30.000      0.000      0.000     10.283   -123.887
    50.000    -30.000      0.000      0.000     10.483   -123.103
    55.000    -30.000      0.000      0.000     10.056   -120.440
    60.000    -30.000      0.000      0.000      9.606   -114.092
    65.000    -30.000      0.105    -53.485      9.187   -103.353
    70.000    -30.000      0.177    -47.089      8.915    -92.157
    75.000    -30.000      0.218    -40.967      8.127    -81.469
    80.000    -30.000      0.244    -30.625      7.144    -72.861
    85.000    -30.000      0.267    -24.668      6.113    -65.815
    90.000    -30.000      0.288    -17.380      5.469    -59.388
    95.000    -30.000      0.312    -10.729      5.262    -53.805
   100.000    -30.000      0.316     -1.845      4.671    -49.011
   105.000    -30.000      0.285     18.662      3.494    -35.748
   110.000    -30.000      0.280     45.607      2.784    -30.275
   115.000    -30.000      0.303     64.731      2.163    -30.613
   120.000    -30.000      0.289     74.943      1.845    -39.897
   125.000    -30.000      0.259     84.936      1.215    -46.782
   130.000    -30.000      0.174     92.022      0.606    -58.523
   135.000    -30.000      0.000      0.000      0.000      0.000
   140.000    -30.000      0.000      0.000      0.000      0.000
   145.000    -30.000      0.000      0.000      0.000      0.000
   -25.000    -25.000      0.000      0.000      0.000      0.000
   -20.000    -25.000      0.000      0.000      0.000      0.000
   -15.000    -25.000      0.000      0.000      0.000      0.000
   -10.000    -25.000      0.000      0.000      2.112   -132.713
    -5.000    -25.000      0.000      0.000      3.882   -125.497
     0.000    -25.000      0.000      0.000      5.383   -117.112
     5.000    -25.000      0.000      0.000      6.519   -110.935
    10.000    -25.000      0.000      0.000      7.289   -108.082
    15.000    -25.000      0.000      0.000      8.170   -107.495
    20.000    -25.000      0.000      0.000      9.350   -103.970
    25.000    -25.000      0.000      0.000     10.535   -104.431
    30.000    -25.000      0.000      0.000     11.629   -104.883
    35.000    -25.000      0.000      0.000     12.651   -105.785
    40.000    -25.000      0.000      0.000     12.684   -109.189
    45.000    -25.000      0.000      0.000     13.199   -110.840
    50.000    -25.000      0.000      0.000     12.998   -113.738
    55.000    -25.000      0.000      0.000     12.781   -112.725
    60.000    -25.000      0.000      0.000     12.133   -111.272
    65.000    -25.000      0.030    -66.801     11.391   -107.276
    70.000    -25.000      0.064    -52.809     10.691    -98.545
    75.000    -25.000      0.101     18.798      9.677    -90.349
    80.000    -25.000      0.169     26.825      8.407    -84.412
    85.000    -25.000      0.201     19.319      6.331    -77.461
    90.000    -25.000      0.231     13.686      5.209    -71.218
    95.000    -25.000      0.237     11.044      4.548    -63.933
   100.000    -25.000      0.214      8.393      4.018    -62.110
   105.000    -25.000      0.158     19.292      3.033    -56.100
   110.000    -25.000      0.139     62.767      2.289    -51.779
   115.000    -25.000      0.207     97.223      1.993    -68.270
   120.000    -25.000      0.275    112.621      1.719    -82.587
   125.000    -25.000      0.301    115.014      1.181    -98.715
   130.000    -25.000      0.227    112.926      0.619   -132.182
   135.000    -25.000      0.000      0.000      0.000      0.000
   140.000    -25.000      0.000      0.000      0.000      0.000
   145.000    -25.000      0.000      0.000      0.000      0.000
   -25.000    -20.000      0.000      0.000      0.000      0.000
   -20.000    -20.000      0.000      0.000      0.000      0.000
   -15.000    -20.000      0.000      0.000      0.000      0.000
   -10.000    -20.000      0.000      0.000      2.110   -110.535
    -5.000    -20.000      0.000      0.000      4.010   -110.368
     0.000    -20.000      0.000      0.000      5.603   -106.028
     5.000    -20.000      0.000      0.000      6.947   -101.332
    10.000    -20.000      0.000      0.000      8.158    -98.403
    15.000    -20.000      0.000      0.000      9.471    -95.515
    20.000    -20.000      0.000      0.000     10.816    -92.112
    25.000    -20.000      0.000      0.000     12.894    -93.157
    30.000    -20.000      0.000      0.000     14.458    -95.035
    35.000    -20.000      0.000      0.000     15.439    -97.142
    40.000    -20.000      0.000      0.000     15.915    -99.314
    45.000    -20.000      0.000      0.000     16.512   -101.417
    50.000    -20.000      0.000      0.000     15.765   -105.337
    55.000    -20.000      0.000      0.000     15.062   -106.144
    60.000    -20.000      0.000      0.000     14.268   -106.524
    65.000    -20.000      0.028    105.859     13.208   -106.284
    70.000    -20.000      0.027   -144.914     12.226   -103.088
    75.000    -20.000      0.116     65.083     10.812    -98.113
    80.000    -20.000      0.189     65.689      9.315    -93.176
    85.000    -20.000      0.220     66.027      6.763    -88.012
    90.000    -20.000      0.210     61.808      5.081    -82.147
    95.000    -20.000      0.180     54.158      3.778    -75.657
   100.000    -20.000      0.144     49.032      3.184    -73.906
   105.000    -20.000      0.116     52.263      2.840    -79.316
   110.000    -20.000      0.098     51.312      2.533    -82.014
   115.000    -20.000      0.081     62.808      2.456    -89.398
   120.000    -20.000      0.110    114.350      2.265   -102.164
   125.000    -20.000      0.189    131.259      1.752   -118.553
   130.000    -20.000      0.166    134.346      0.996   -142.182
   135.000    -20.000      0.000      0.000      0.000      0.000
   140.000    -20.000      0.000      0.000      0.000      0.000
   145.000    -20.000      0.000      0.000      0.000      0.000
   -25.000    -15.000      0.000      0.000      0.000      0.000
   -20.000    -15.000      0.000      0.000      0.000      0.000
   -15.000    -15.000      0.000      0.000      0.000      0.000
   -10.000    -15.000      0.000      0.000      1.972    -91.100
    -5.000    -15.000      0.000      0.000      4.358    -91.662
     0.000    -15.000      0.000      0.000      6.039    -89.015
     5.000    -15.000      0.000      0.000      7.458    -86.157
    10.000    -15.000      0.000      0.000      8.642    -84.619
    15.000    -15.000      0.000      0.000     10.079    -83.576
    20.000    -15.000      0.000      0.000     11.592    -82.287
    25.000    -15.000      0.000      0.000     13.757    -84.980
    30.000    -15.000      0.000      0.000     15.694    -87.250
    35.000    -15.000      0.000      0.000     16.972    -91.013
    40.000    -15.000      0.000      0.000     17.742    -94.974
    45.000    -15.000      0.000      0.000     18.438    -97.036
    50.000    -15.000      0.000      0.000     18.102    -99.806
    55.000    -15.000      0.000      0.000     16.947   -101.656
    60.000    -15.000      0.000      0.000     15.821   -102.816
    65.000    -15.000      0.000      0.000     14.767   -103.110
    70.000    -15.000      0.080     52.202     13.292   -103.131
    75.000    -15.000      0.201     71.878     11.618   -101.971
    80.000    -15.000      0.287     77.729      9.743    -99.387
    85.000    -15.000      0.326     81.885      7.408    -96.012
    90.000    -15.000      0.299     83.844      5.216    -89.689
    95.000    -15.000      0.233     82.026      3.565    -85.404
   100.000    -15.000      0.159     79.208      2.477    -87.492
   105.000    -15.000      0.101     87.569      2.686    -97.880
   110.000    -15.000      0.049     82.732      3.018   -104.291
   115.000    -15.000      0.051      1.264      3.162   -105.297
   120.000    -15.000      0.056    -21.533      2.817   -110.942
   125.000    -15.000      0.017    -89.703      2.138   -123.948
   130.000    -15.000      0.051   -162.675      1.165   -139.154
   135.000    -15.000      0.000      0.000      0.000      0.000
   140.000    -15.000      0.000      0.000      0.000      0.000
   145.000    -15.000      0.000      0.000      0.000      0.000
   -25.000    -10.000      0.000      0.000      0.000      0.000
   -20.000    -10.000      0.000      0.000      0.000      0.000
   -15.000    -10.000      0.000      0.000      0.000      0.000
   -10.000    -10.000      0.000      0.000      1.637    -70.482
    -5.000    -10.000      0.000      0.000      3.436    -66.990
     0.000    -10.000      0.000      0.000      5.376    -63.063
     5.000    -10.000      0.000      0.000      7.293    -62.073
    10.000    -10.000      0.000      0.000      8.860    -64.421
    15.000    -10.000      0.000      0.000     10.102    -67.596
    20.000    -10.000      0.000      0.000     11.831    -70.026
    25.000    -10.000      0.000      0.000     14.018    -75.374
    30.000    -10.000      0.000      0.000     15.570    -78.993
    35.000    -10.000      0.000      0.000     16.779    -84.512
    40.000    -10.000      0.000      0.000     18.065    -90.322
    45.000    -10.000      0.000      0.000     18.991    -93.394
    50.000    -10.000      0.000      0.000     19.000    -96.005
    55.000    -10.000      0.000      0.000     18.176    -98.583
    60.000    -10.000      0.000      0.000     16.426   -100.176
    65.000    -10.000      0.000      0.000     14.961   -101.338
    70.000    -10.000      0.092     62.615     13.244   -102.240
    75.000    -10.000      0.163     69.959     11.582   -102.728
    80.000    -10.000      0.221     74.187      9.806   -102.372
    85.000    -10.000      0.265     80.628      7.768   -100.640
    90.000    -10.000      0.284     90.153      5.392    -95.935
    95.000    -10.000      0.274     98.333      3.390    -91.400
   100.000    -10.000      0.237     99.120      2.109    -93.983
   105.000    -10.000      0.198     97.096      2.024   -109.301
   110.000    -10.000      0.139     98.465      2.844   -120.711
   115.000    -10.000      0.067     98.820      3.099   -122.178
   120.000    -10.000      0.006   -122.514      2.772   -125.250
   125.000    -10.000      0.052    -76.305      2.171   -132.728
   130.000    -10.000      0.045    -72.065      1.202   -135.246
   135.000    -10.000      0.000      0.000      0.000      0.000
   140.000    -10.000      0.000      0.000      0.000      0.000
   145.000    -10.000      0.000      0.000      0.000      0.000
   -25.000     -5.000      0.000      0.000      0.000      0.000
   -20.000     -5.000      0.000      0.000      0.000      0.000
   -15.000     -5.000      0.000      0.000      0.000      0.000
   -10.000     -5.000      0.000      0.000      1.716    -28.545
    -5.000     -5.000      0.000      0.000      3.350    -28.156
     0.000     -5.000      0.000      0.000      5.219    -33.221
     5.000     -5.000      0.000      0.000      7.171    -38.754
    10.000     -5.000      0.000      0.000      8.773    -42.999
    15.000     -5.000      0.000      0.000     10.247    -48.557
    20.000     -5.000      0.000      0.000     11.626    -56.987
    25.000     -5.000      0.000      0.000     13.589    -66.194
    30.000     -5.000      0.000      0.000     14.782    -71.657
    35.000     -5.000      0.000      0.000     15.648    -78.555
    40.000     -5.000      0.000      0.000     16.886    -86.297
    45.000     -5.000      0.000      0.000     17.923    -90.589
    50.000     -5.000      0.000      0.000     17.929    -92.370
    55.000     -5.000      0.000      0.000     17.231    -94.708
    60.000     -5.000      0.000      0.000     15.968    -97.145
    65.000     -5.000      0.000      0.000     13.968    -98.382
    70.000     -5.000      0.084     74.410     12.038    -99.418
    75.000     -5.000      0.120     62.330     10.280   -100.659
    80.000     -5.000      0.143     60.058      8.821   -101.495
    85.000     -5.000      0.151     59.377      7.287   -100.152
    90.000     -5.000      0.165     68.737      5.534    -99.185
    95.000     -5.000      0.210     83.576      3.434    -97.215
   100.000     -5.000      0.264     92.548      2.010    -97.295
   105.000     -5.000      0.295     96.638      1.566   -119.818
   110.000     -5.000      0.276    100.138      2.132   -142.422
   115.000     -5.000      0.225    107.625      2.875   -143.815
   120.000     -5.000      0.170    117.784      2.576   -149.399
   125.000     -5.000      0.117    114.795      2.139   -148.904
   130.000     -5.000      0.066    101.244      1.226   -139.536
   135.000     -5.000      0.000      0.000      0.000      0.000
   140.000     -5.000      0.000      0.000      0.000      0.000
   145.000     -5.000      0.000      0.000      0.000      0.000
   -25.000      0.000      0.000      0.000      0.000      0.000
   -20.000      0.000      0.000      0.000      0.000      0.000
   -15.000      0.000      0.000      0.000      0.000      0.000
   -10.000      0.000      0.000      0.000      2.049     -1.679
    -5.000      0.000      0.000      0.000      4.040     -4.031
     0.000      0.000      0.000      0.000      5.655     -9.088
     5.000      0.000      0.000      0.000      7.089    -15.769
    10.000      0.000      0.000      0.000      8.330    -25.488
    15.000      0.000      0.000      0.000      9.965    -34.792
    20.000      0.000      0.000      0.000     11.012    -45.559
    25.000      0.000      0.000      0.000     12.225    -58.448
    30.000      0.000      0.000      0.000     12.951    -66.632
    35.000      0.000      0.000      0.000     13.212    -73.544
    40.000      0.000      0.000      0.000     14.044    -81.731
    45.000      0.000      0.000      0.000     15.435    -88.308
    50.000      0.000      0.000      0.000     15.702    -90.900
    55.000      0.000      0.000      0.000     14.984    -92.705
    60.000      0.000      0.000      0.000     13.845    -94.447
    65.000      0.000      0.000      0.000     11.937    -95.479
    70.000      0.000      0.080     18.320     10.097    -96.164
    75.000      0.000      0.132     23.516      8.492    -98.297
    80.000      0.000      0.154     24.551      7.573    -99.099
    85.000      0.000      0.144     25.451      6.461    -99.758
    90.000      0.000      0.124     31.345      5.055   -100.077
    95.000      0.000      0.104     47.738      3.329   -100.946
   100.000      0.000      0.108     83.195      2.227   -105.287
   105.000      0.000      0.158    114.002      2.019   -118.806
   110.000      0.000      0.209    125.655      1.979   -144.418
   115.000      0.000      0.234    126.340      2.649   -153.063
   120.000      0.000      0.245    120.163      2.633   -161.541
   125.000      0.000      0.228    110.737      2.048   -166.157
   130.000      0.000      0.155     99.434      1.158   -164.231
   135.000      0.000      0.000      0.000      0.000      0.000
   140.000      0.000      0.000      0.000      0.000      0.000
   145.000      0.000      0.000      0.000      0.000      0.000
   -25.000      5.000      0.000      0.000      0.000      0.000
   -20.000      5.000      0.000      0.000      0.000      0.000
   -15.000      5.000      0.000      0.000      0.000      0.000
   -10.000      5.000      0.000      0.000      1.989     15.293
    -5.000      5.000      0.000      0.000      3.896      9.183
     0.000      5.000      0.000      0.000      5.439      3.842
     5.000      5.000      0.000      0.000      6.474     -2.792
    10.000      5.000      0.000      0.000      7.089    -13.249
    15.000      5.000      0.000      0.000      8.280    -27.731
    20.000      5.000      0.000      0.000      9.209    -40.350
    25.000      5.000      0.000      0.000      9.695    -51.320
    30.000      5.000      0.000      0.000      9.792    -61.886
    35.000      5.000      0.000      0.000      9.991    -70.538
    40.000      5.000      0.000      0.000     10.383    -78.801
    45.000      5.000      0.000      0.000     11.205    -85.977
    50.000      5.000      0.000      0.000     11.704    -91.000
    55.000      5.000      0.000      0.000     11.460    -92.403
    60.000      5.000      0.000      0.000     10.213    -92.141
    65.000      5.000      0.000      0.000      8.895    -93.219
    70.000      5.000      0.084    -22.031      7.391    -93.892
    75.000      5.000      0.125     17.597      6.304    -95.475
    80.000      5.000      0.130     21.252      5.662    -96.265
    85.000      5.000      0.085     10.358      4.872    -99.569
    90.000      5.000      0.047    -31.239      3.957   -100.523
    95.000      5.000      0.056    -74.297      2.821   -102.744
   100.000      5.000      0.063    -98.062      1.983   -108.623
   105.000      5.000      0.067   -141.051      1.687   -120.697
   110.000      5.000      0.092    176.149      1.512   -137.891
   115.000      5.000      0.099    153.783      1.699   -160.662
   120.000      5.000      0.101    134.628      2.116   -158.006
   125.000      5.000      0.110    130.409      1.755   -167.274
   130.000      5.000      0.088    134.959      1.054    171.832
   135.000      5.000      0.000      0.000      0.000      0.000
   140.000      5.000      0.000      0.000      0.000      0.000
   145.000      5.000      0.000      0.000      0.000      0.000
   -25.000     10.000      0.000      0.000      0.000      0.000
   -20.000     10.000      0.000      0.000      0.000      0.000
   -15.000     10.000      0.000      0.000      0.000      0.000
   -10.000     10.000      0.000      0.000      1.132      4.502
    -5.000     10.000      0.000      0.000      2.424      8.330
     0.000     10.000      0.000      0.000      3.411      5.072
     5.000     10.000      0.000      0.000      3.980      0.796
    10.000     10.000      0.000      0.000      4.362     -3.386
    15.000     10.000      0.000      0.000      4.806    -23.990
    20.000     10.000      0.000      0.000      5.326    -36.264
    25.000     10.000      0.000      0.000      5.370    -46.563
    30.000     10.000      0.000      0.000      5.472    -58.751
    35.000     10.000      0.000      0.000      5.602    -67.425
    40.000     10.000      0.000      0.000      5.795    -76.641
    45.000     10.000      0.000      0.000      5.812    -82.965
    50.000     10.000      0.000      0.000      5.981    -88.746
    55.000     10.000      0.000      0.000      6.076    -92.121
    60.000     10.000      0.000      0.000      5.587    -91.884
    65.000     10.000      0.000      0.000      4.867    -92.966
    70.000     10.000      0.034     16.023      3.875    -92.934
    75.000     10.000      0.054     25.823      3.429    -93.362
    80.000     10.000      0.068     44.603      2.842    -93.674
    85.000     10.000      0.038     52.799      2.620    -97.318
    90.000     10.000      0.021   -119.340      2.480   -101.265
    95.000     10.000      0.059    -92.013      1.882    -97.867
   100.000     10.000      0.079    -66.409      1.370   -102.056
   105.000     10.000      0.077    -75.285      1.004   -113.193
   110.000     10.000      0.061   -110.316      0.994   -129.688
   115.000     10.000      0.033   -148.455      0.827   -155.990
   120.000     10.000      0.024    128.628      1.056   -153.257
   125.000     10.000      0.046    129.224      1.004   -175.228
   130.000     10.000      0.049    152.680      0.561    176.626
   135.000     10.000      0.000      0.000      0.000      0.000
   140.000     10.000      0.000      0.000      0.000      0.000
   145.000     10.000      0.000      0.000      0.000      0.000
   -25.000     15.000      0.000      0.000      0.000      0.000
   -20.000     15.000      0.000      0.000      0.000      0.000
   -15.000     15.000      0.000      0.000      0.000      0.000
   -10.000     15.000      0.000      0.000      0.000      0.000
    -5.000     15.000      0.000      0.000      0.000      0.000
     0.000     15.000      0.000      0.000      0.000      0.000
     5.000     15.000      0.000      0.000      0.000      0.000
    10.000     15.000      0.000      0.000      0.000      0.000
    15.000     15.000      0.000      0.000      0.000      0.000
    20.000     15.000      0.000      0.000      0.000      0.000
    25.000     15.000      0.000      0.000      0.000      0.000
    30.000     15.000      0.000      0.000      0.000      0.000
    35.000     15.000      0.000      0.000      0.000      0.000
    40.000     15.000      0.000      0.000      0.000      0.000
    45.000     15.000      0.000      0.000      0.000      0.000
    50.000     15.000      0.000      0.000      0.000      0.000
    55.000     15.000      0.000      0.000      0.000      0.000
    60.000     15.000      0.000      0.000      0.000      0.000
    65.000     15.000      0.000      0.000      0.000      0.000
    70.000     15.000      0.000      0.000      0.000      0.000
    75.000     15.000      0.000      0.000      0.000      0.000
    80.000     15.000      0.000      0.000      0.000      0.000
    85.000     15.000      0.000      0.000      0.000      0.000
    90.000     15.000      0.000      0.000      0.000      0.000
    95.000     15.000      0.000      0.000      0.000      0.000
   100.000     15.000      0.000      0.000      0.000      0.000
   105.000     15.000      0.000      0.000      0.000      0.000
   110.000     15.000      0.000      0.000      0.000      0.000
   115.000     15.000      0.000      0.000      0.000      0.000
   120.000     15.000      0.000      0.000      0.000      0.000
   125.000     15.000      0.000      0.000      0.000      0.000
   130.000     15.000      0.000      0.000      0.000      0.000
   135.000     15.000      0.000      0.000      0.000      0.000
   140.000     15.000      0.000      0.000      0.000      0.000
   145.000     15.000      0.000      0.000      0.000      0.000
   -25.000     20.000      0.000      0.000      0.000      0.000
   -20.000     20.000      0.000      0.000      0.000      0.000
   -15.000     20.000      0.000      0.000      0.000      0.000
   -10.000     20.000      0.000      0.000      0.000      0.000
    -5.000     20.000      0.000      0.000      0.000      0.000
     0.000     20.000      0.000      0.000      0.000      0.000
     5.000     20.000      0.000      0.000      0.000      0.000
    10.000     20.000      0.000      0.000      0.000      0.000
    15.000     20.000      0.000      0.000      0.000      0.000
    20.000     20.000      0.000      0.000      0.000      0.000
    25.000     20.000      0.000      0.000      0.000      0.000
    30.000     20.000      0.000      0.000      0.000      0.000
    35.000     20.000      0.000      0.000      0.000      0.000
    40.000     20.000      0.000      0.000      0.000      0.000
    45.000     20.000      0.000      0.000      0.000      0.000
    50.000     20.000      0.000      0.000      0.000      0.000
    55.000     20.000      0.000      0.000      0.000      0.000
    60.000     20.000      0.000      0.000      0.000      0.000
    65.000     20.000      0.000      0.000      0.000      0.000
    70.000     20.000      0.000      0.000      0.000      0.000
    75.000     20.000      0.000      0.000      0.000      0.000
    80.000     20.000      0.000      0.000      0.000      0.000
    85.000     20.000      0.000      0.000      0.000      0.000
    90.000     20.000      0.000      0.000      0.000      0.000
    95.000     20.000      0.000      0.000      0.000      0.000
   100.000     20.000      0.000      0.000      0.000      0.000
   105.000     20.000      0.000      0.000      0.000      0.000
   110.000     20.000      0.000      0.000      0.000      0.000
   115.000     20.000      0.000      0.000      0.000      0.000
   120.000     20.000      0.000      0.000      0.000      0.000
   125.000     20.000      0.000      0.000      0.000      0.000
   130.000     20.000      0.000      0.000      0.000      0.000
   135.000     20.000      0.000      0.000      0.000      0.000
   140.000     20.000      0.000      0.000      0.000      0.000
   145.000     20.000      0.000      0.000      0.000      0.000
   -25.000     25.000      0.000      0.000      0.000      0.000
   -20.000     25.000      0.000      0.000      0.000      0.000
   -15.000     25.000      0.000      0.000      0.000      0.000
   -10.000     25.000      0.000      0.000      0.000      0.000
    -5.000     25.000      0.000      0.000      0.000      0.000
     0.000     25.000      0.000      0.000      0.000      0.000
     5.000     25.000      0.000      0.000      0.000      0.000
    10.000     25.000      0.000      0.000      0.000      0.000
    15.000     25.000      0.000      0.000      0.000      0.000
    20.000     25.000      0.000      0.000      0.000      0.000
    25.000     25.000      0.000      0.000      0.000      0.000
    30.000     25.000      0.000      0.000      0.000      0.000
    35.000     25.000      0.000      0.000      0.000      0.000
    40.000     25.000      0.000      0.000      0.000      0.000
    45.000     25.000      0.000      0.000      0.000      0.000
    50.000     25.000      0.000      0.000      0.000      0.000
    55.000     25.000      0.000      0.000      0.000      0.000
    60.000     25.000      0.000      0.000      0.000      0.000
    65.000     25.000      0.000      0.000      0.000      0.000
    70.000     25.000      0.000      0.000      0.000      0.000
    75.000     25.000      0.000      0.000      0.000      0.000
    80.000     25.000      0.000      0.000      0.000      0.000
    85.000     25.000      0.000      0.000      0.000      0.000
    90.000     25.000      0.000      0.000      0.000      0.000
    95.000     25.000      0.000      0.000      0.000      0.000
   100.000     25.000      0.000      0.000      0.000      0.000
   105.000     25.000      0.000      0.000      0.000      0.000
   110.000     25.000      0.000      0.000      0.000      0.000
   115.000     25.000      0.000      0.000      0.000      0.000
   120.000     25.000      0.000      0.000      0.000      0.000
   125.000     25.000      0.000      0.000      0.000      0.000
   130.000     25.000      0.000      0.000      0.000      0.000
   135.000     25.000      0.000      0.000      0.000      0.000
   140.000     25.000      0.000      0.000      0.000      0.000
   145.000     25.000      0.000      0.000      0.000      0.000
