   -25.000    -65.000      0.000      0.000      0.000      0.000
   -20.000    -65.000      0.000      0.000      0.000      0.000
   -15.000    -65.000      0.000      0.000      0.000      0.000
   -10.000    -65.000      0.000      0.000      0.000      0.000
    -5.000    -65.000      0.000      0.000      0.000      0.000
     0.000    -65.000      0.000      0.000      0.000      0.000
     5.000    -65.000      0.000      0.000      0.000      0.000
    10.000    -65.000      0.000      0.000      0.000      0.000
    15.000    -65.000      0.000      0.000      0.000      0.000
    20.000    -65.000      0.000      0.000      0.000      0.000
    25.000    -65.000      0.000      0.000      0.000      0.000
    30.000    -65.000      0.000      0.000      0.000      0.000
    35.000    -65.000      0.000      0.000      0.000      0.000
    40.000    -65.000      0.000      0.000      0.000      0.000
    45.000    -65.000      0.000      0.000      0.000      0.000
    50.000    -65.000      0.000      0.000      0.000      0.000
    55.000    -65.000      0.000      0.000      0.000      0.000
    60.000    -65.000      0.000      0.000      0.000      0.000
    65.000    -65.000      0.000      0.000      0.000      0.000
    70.000    -65.000      0.000      0.000      0.000      0.000
    75.000    -65.000      0.000      0.000      0.000      0.000
    80.000    -65.000      0.000      0.000      0.000      0.000
    85.000    -65.000      0.000      0.000      0.000      0.000
    90.000    -65.000      0.000      0.000      0.000      0.000
    95.000    -65.000      0.000      0.000      0.000      0.000
   100.000    -65.000      0.000      0.000      0.000      0.000
   105.000    -65.000      0.000      0.000      0.000      0.000
   110.000    -65.000      0.000      0.000      0.000      0.000
   115.000    -65.000      0.000      0.000      0.000      0.000
   120.000    -65.000      0.000      0.000      0.000      0.000
   125.000    -65.000      0.000      0.000      0.000      0.000
   130.000    -65.000      0.000      0.000      0.000      0.000
   135.000    -65.000      0.000      0.000      0.000      0.000
   140.000    -65.000      0.000      0.000      0.000      0.000
   145.000    -65.000      0.000      0.000      0.000      0.000
   -25.000    -60.000      0.000      0.000      0.000      0.000
   -20.000    -60.000      0.000      0.000      0.000      0.000
   -15.000    -60.000      0.000      0.000      0.000      0.000
   -10.000    -60.000      0.000      0.000      0.000      0.000
    -5.000    -60.000      0.000      0.000      0.000      0.000
     0.000    -60.000      0.000      0.000      0.000      0.000
     5.000    -60.000      0.000      0.000      0.000      0.000
    10.000    -60.000      0.000      0.000      0.000      0.000
    15.000    -60.000      0.000      0.000      0.000      0.000
    20.000    -60.000      0.000      0.000      0.000      0.000
    25.000    -60.000      0.000      0.000      0.000      0.000
    30.000    -60.000      0.000      0.000      0.000      0.000
    35.000    -60.000      0.000      0.000      0.000      0.000
    40.000    -60.000      0.000      0.000      0.000      0.000
    45.000    -60.000      0.000      0.000      0.000      0.000
    50.000    -60.000      0.000      0.000      0.000      0.000
    55.000    -60.000      0.000      0.000      0.000      0.000
    60.000    -60.000      0.000      0.000      0.000      0.000
    65.000    -60.000      0.000      0.000      0.000      0.000
    70.000    -60.000      0.000      0.000      0.000      0.000
    75.000    -60.000      0.000      0.000      0.000      0.000
    80.000    -60.000      0.000      0.000      0.000      0.000
    85.000    -60.000      0.000      0.000      0.000      0.000
    90.000    -60.000      0.000      0.000      0.000      0.000
    95.000    -60.000      0.000      0.000      0.000      0.000
   100.000    -60.000      0.000      0.000      0.000      0.000
   105.000    -60.000      0.000      0.000      0.000      0.000
   110.000    -60.000      0.000      0.000      0.000      0.000
   115.000    -60.000      0.000      0.000      0.000      0.000
   120.000    -60.000      0.000      0.000      0.000      0.000
   125.000    -60.000      0.000      0.000      0.000      0.000
   130.000    -60.000      0.000      0.000      0.000      0.000
   135.000    -60.000      0.000      0.000      0.000      0.000
   140.000    -60.000      0.000      0.000      0.000      0.000
   145.000    -60.000      0.000      0.000      0.000      0.000
   -25.000    -55.000      0.000      0.000      0.000      0.000
   -20.000    -55.000      0.000      0.000      0.000      0.000
   -15.000    -55.000      0.000      0.000      0.000      0.000
   -10.000    -55.000      0.000      0.000      0.000      0.000
    -5.000    -55.000      0.000      0.000      0.000      0.000
     0.000    -55.000      0.000      0.000      0.000      0.000
     5.000    -55.000      0.000      0.000      0.000      0.000
    10.000    -55.000      0.000      0.000      0.000      0.000
    15.000    -55.000      0.000      0.000      0.000      0.000
    20.000    -55.000      0.000      0.000      0.000      0.000
    25.000    -55.000      0.000      0.000      0.000      0.000
    30.000    -55.000      0.000      0.000      0.000      0.000
    35.000    -55.000      0.000      0.000      0.000      0.000
    40.000    -55.000      0.000      0.000      0.000      0.000
    45.000    -55.000      0.000      0.000      0.000      0.000
    50.000    -55.000      0.000      0.000      0.000      0.000
    55.000    -55.000      0.000      0.000      0.000      0.000
    60.000    -55.000      0.000      0.000      0.000      0.000
    65.000    -55.000      0.000      0.000      0.000      0.000
    70.000    -55.000      0.000      0.000      0.000      0.000
    75.000    -55.000      0.000      0.000      0.000      0.000
    80.000    -55.000      0.000      0.000      0.000      0.000
    85.000    -55.000      0.000      0.000      0.000      0.000
    90.000    -55.000      0.000      0.000      0.000      0.000
    95.000    -55.000      0.000      0.000      0.000      0.000
   100.000    -55.000      0.000      0.000      0.000      0.000
   105.000    -55.000      0.000      0.000      0.000      0.000
   110.000    -55.000      0.000      0.000      0.000      0.000
   115.000    -55.000      0.000      0.000      0.000      0.000
   120.000    -55.000      0.000      0.000      0.000      0.000
   125.000    -55.000      0.000      0.000      0.000      0.000
   130.000    -55.000      0.000      0.000      0.000      0.000
   135.000    -55.000      0.000      0.000      0.000      0.000
   140.000    -55.000      0.000      0.000      0.000      0.000
   145.000    -55.000      0.000      0.000      0.000      0.000
   -25.000    -50.000      0.000      0.000      0.000      0.000
   -20.000    -50.000      0.000      0.000      0.000      0.000
   -15.000    -50.000      0.000      0.000      0.000      0.000
   -10.000    -50.000      0.000      0.000      0.754     53.592
    -5.000    -50.000      0.000      0.000      1.340     56.450
     0.000    -50.000      0.000      0.000      1.577     68.903
     5.000    -50.000      0.000      0.000      1.897     91.055
    10.000    -50.000      0.000      0.000      2.360    105.828
    15.000    -50.000      0.000      0.000      2.613    113.721
    20.000    -50.000      0.000      0.000      3.007    111.789
    25.000    -50.000      0.000      0.000      3.042    120.492
    30.000    -50.000      0.000      0.000      2.418    134.568
    35.000    -50.000      0.000      0.000      1.721    155.764
    40.000    -50.000      0.000      0.000      1.571    173.662
    45.000    -50.000      0.000      0.000      1.680   -179.821
    50.000    -50.000      0.000      0.000      1.597   -162.190
    55.000    -50.000      0.066    -24.853      0.896   -130.538
    60.000    -50.000      0.081     10.313      0.682    -99.271
    65.000    -50.000      0.090     18.561      1.320    -63.238
    70.000    -50.000      0.098    -22.750      1.964    -47.377
    75.000    -50.000      0.120    -41.051      2.449    -35.761
    80.000    -50.000      0.115    -22.741      2.873    -31.504
    85.000    -50.000      0.139      7.096      2.656    -22.991
    90.000    -50.000      0.173     18.589      2.496    -24.045
    95.000    -50.000      0.180     30.227      2.743    -24.957
   100.000    -50.000      0.118     40.622      2.647    -27.769
   105.000    -50.000      0.027      3.990      2.459    -14.894
   110.000    -50.000      0.059    -55.799      2.367    -11.081
   115.000    -50.000      0.106    -28.661      2.281    -13.931
   120.000    -50.000      0.139    -28.653      2.259    -15.790
   125.000    -50.000      0.158    -50.206      1.874    -23.452
   130.000    -50.000      0.147    -63.331      1.171    -26.070
   135.000    -50.000      0.000      0.000      0.000      0.000
   140.000    -50.000      0.000      0.000      0.000      0.000
   145.000    -50.000      0.000      0.000      0.000      0.000
   -25.000    -45.000      0.000      0.000      0.000      0.000
   -20.000    -45.000      0.000      0.000      0.000      0.000
   -15.000    -45.000      0.000      0.000      0.000      0.000
   -10.000    -45.000      0.000      0.000      0.854    102.811
    -5.000    -45.000      0.000      0.000      1.295    113.881
     0.000    -45.000      0.000      0.000      1.566    121.308
     5.000    -45.000      0.000      0.000      1.890    121.760
    10.000    -45.000      0.000      0.000      2.338    124.764
    15.000    -45.000      0.000      0.000      2.913    129.374
    20.000    -45.000      0.000      0.000      3.745    124.976
    25.000    -45.000      0.000      0.000      4.008    133.055
    30.000    -45.000      0.000      0.000      3.901    147.619
    35.000    -45.000      0.000      0.000      3.673    163.361
    40.000    -45.000      0.000      0.000      3.469   -176.869
    45.000    -45.000      0.000      0.000      3.573   -168.577
    50.000    -45.000      0.000      0.000      3.559   -156.800
    55.000    -45.000      0.000      0.000      2.434   -140.568
    60.000    -45.000      0.069   -110.958      2.160   -109.713
    65.000    -45.000      0.037    -50.609      2.480    -75.018
    70.000    -45.000      0.130     25.048      3.544    -53.383
    75.000    -45.000      0.213     19.075      4.317    -38.629
    80.000    -45.000      0.231     12.973      4.837    -35.607
    85.000    -45.000      0.219      9.083      4.756    -31.487
    90.000    -45.000      0.211      5.065      4.530    -28.765
    95.000    -45.000      0.214    -17.342      4.761    -32.966
   100.000    -45.000      0.218    -28.424      4.542    -34.668
   105.000    -45.000      0.194    -15.557      3.953    -23.410
   110.000    -45.000      0.172      3.215      3.819    -13.872
   115.000    -45.000      0.138     19.083      3.539    -10.067
   120.000    -45.000      0.076      3.917      3.344    -12.841
   125.000    -45.000      0.058    -40.981      2.810    -11.453
   130.000    -45.000      0.075    -65.436      1.743     -9.125
   135.000    -45.000      0.000      0.000      0.000      0.000
   140.000    -45.000      0.000      0.000      0.000      0.000
   145.000    -45.000      0.000      0.000      0.000      0.000
   -25.000    -40.000      0.000      0.000      0.000      0.000
   -20.000    -40.000      0.000      0.000      0.000      0.000
   -15.000    -40.000      0.000      0.000      0.000      0.000
   -10.000    -40.000      0.000      0.000      0.861    148.436
    -5.000    -40.000      0.000      0.000      1.618    141.197
     0.000    -40.000      0.000      0.000      2.244    145.529
     5.000    -40.000      0.000      0.000      2.665    151.048
    10.000    -40.000      0.000      0.000      3.045    155.390
    15.000    -40.000      0.000      0.000      3.571    160.504
    20.000    -40.000      0.000      0.000      3.958    160.378
    25.000    -40.000      0.000      0.000      4.021    162.222
    30.000    -40.000      0.000      0.000      4.457    171.733
    35.000    -40.000      0.000      0.000      5.026   -175.263
    40.000    -40.000      0.000      0.000      5.411   -160.917
    45.000    -40.000      0.000      0.000      5.639   -150.593
    50.000    -40.000      0.000      0.000      5.569   -145.392
    55.000    -40.000      0.000      0.000      4.599   -133.373
    60.000    -40.000      0.004     19.144      4.385   -111.603
    65.000    -40.000      0.094     27.445      4.093    -86.780
    70.000    -40.000      0.148     15.933      4.880    -62.900
    75.000    -40.000      0.188      8.797      5.597    -48.961
    80.000    -40.000      0.231     -3.881      6.069    -45.214
    85.000    -40.000      0.275    -24.758      5.947    -44.791
    90.000    -40.000      0.273    -31.305      5.657    -41.162
    95.000    -40.000      0.231    -25.387      5.577    -37.593
   100.000    -40.000      0.181     -9.400      5.151    -35.987
   105.000    -40.000      0.120     -1.554      4.276    -26.682
   110.000    -40.000      0.069     28.278      3.729    -15.800
   115.000    -40.000      0.096     71.433      3.613     -7.486
   120.000    -40.000      0.163     75.061      3.567     -9.497
   125.000    -40.000      0.185     73.884      3.035     -7.448
   130.000    -40.000      0.132     76.510      1.863     -0.273
   135.000    -40.000      0.000      0.000      0.000      0.000
   140.000    -40.000      0.000      0.000      0.000      0.000
   145.000    -40.000      0.000      0.000      0.000      0.000
   -25.000    -35.000      0.000      0.000      0.000      0.000
   -20.000    -35.000      0.000      0.000      0.000      0.000
   -15.000    -35.000      0.000      0.000      0.000      0.000
   -10.000    -35.000      0.000      0.000      1.011   -163.806
    -5.000    -35.000      0.000      0.000      1.680   -163.463
     0.000    -35.000      0.000      0.000      2.308   -158.313
     5.000    -35.000      0.000      0.000      2.721   -155.724
    10.000    -35.000      0.000      0.000      2.993   -157.195
    15.000    -35.000      0.000      0.000      3.640   -164.959
    20.000    -35.000      0.000      0.000      4.310   -158.390
    25.000    -35.000      0.000      0.000      4.508   -151.861
    30.000    -35.000      0.000      0.000      5.208   -147.513
    35.000    -35.000      0.000      0.000      6.423   -147.100
    40.000    -35.000      0.000      0.000      7.269   -144.129
    45.000    -35.000      0.000      0.000      8.077   -137.061
    50.000    -35.000      0.000      0.000      7.864   -134.167
    55.000    -35.000      0.000      0.000      7.107   -127.605
    60.000    -35.000      0.000      0.000      6.847   -113.000
    65.000    -35.000      0.079     61.661      6.713    -96.644
    70.000    -35.000      0.129      8.760      6.641    -79.371
    75.000    -35.000      0.165    -20.400      6.478    -64.054
    80.000    -35.000      0.174    -41.864      6.546    -58.002
    85.000    -35.000      0.183    -44.426      6.167    -54.589
    90.000    -35.000      0.182    -25.427      5.803    -50.129
    95.000    -35.000      0.191     -0.266      5.598    -42.798
   100.000    -35.000      0.157     13.026      4.976    -38.336
   105.000    -35.000      0.099     17.510      4.007    -27.101
   110.000    -35.000      0.103     14.232      3.539    -18.821
   115.000    -35.000      0.145     27.590      3.159    -14.614
   120.000    -35.000      0.154     29.805      2.886    -15.580
   125.000    -35.000      0.101     35.872      2.346    -16.610
   130.000    -35.000      0.036     30.989      1.406    -18.617
   135.000    -35.000      0.000      0.000      0.000      0.000
   140.000    -35.000      0.000      0.000      0.000      0.000
   145.000    -35.000      0.000      0.000      0.000      0.000
   -25.000    -30.000      0.000      0.000      0.000      0.000
   -20.000    -30.000      0.000      0.000      0.000      0.000
   -15.000    -30.000      0.000      0.000      0.000      0.000
   -10.000    -30.000      0.000      0.000      1.354   -132.645
    -5.000    -30.000      0.000      0.000      2.433   -129.931
     0.000    -30.000      0.000      0.000      3.629   -124.172
     5.000    -30.000      0.000      0.000      4.682   -121.396
    10.000    -30.000      0.000      0.000      5.183   -121.243
    15.000    -30.000      0.000      0.000      5.657   -122.732
    20.000    -30.000      0.000      0.000      6.396   -119.352
    25.000    -30.000      0.000      0.000      7.166   -120.401
    30.000    -30.000      0.000      0.000      8.196   -120.280
    35.000    -30.000      0.000      0.000      9.529   -121.213
    40.000    -30.000      0.000      0.000      9.687   -124.611
    45.000    -30.000      0.000      0.000     10.283   -123.887
    50.000    -30.000      0.000      0.000     10.483   -123.103
    55.000    -30.000      0.000      0.000     10.056   -120.440
    60.000    -30.000      0.000      0.000      9.606   -114.092
    65.000    -30.000      0.013    -63.207      9.197   -103.300
    70.000    -30.000      0.064    -86.607      8.979    -92.117
    75.000    -30.000      0.087    -79.097      8.214    -81.444
    80.000    -30.000      0.077    -37.924      7.207    -72.513
    85.000    -30.000      0.087     -4.918      6.156    -65.108
    90.000    -30.000      0.115      1.029      5.527    -58.348
    95.000    -30.000      0.142      1.945      5.343    -52.547
   100.000    -30.000      0.163     -2.422      4.785    -47.592
   105.000    -30.000      0.153     25.062      3.571    -33.606
   110.000    -30.000      0.120     45.424      2.816    -27.917
   115.000    -30.000      0.101     54.602      2.174    -27.965
   120.000    -30.000      0.087     19.950      1.890    -37.623
   125.000    -30.000      0.089     27.082      1.243    -42.833
   130.000    -30.000      0.058     70.349      0.571    -54.019
   135.000    -30.000      0.000      0.000      0.000      0.000
   140.000    -30.000      0.000      0.000      0.000      0.000
   145.000    -30.000      0.000      0.000      0.000      0.000
   -25.000    -25.000      0.000      0.000      0.000      0.000
   -20.000    -25.000      0.000      0.000      0.000      0.000
   -15.000    -25.000      0.000      0.000      0.000      0.000
   -10.000    -25.000      0.000      0.000      2.112   -132.713
    -5.000    -25.000      0.000      0.000      3.882   -125.497
     0.000    -25.000      0.000      0.000      5.383   -117.112
     5.000    -25.000      0.000      0.000      6.519   -110.935
    10.000    -25.000      0.000      0.000      7.289   -108.082
    15.000    -25.000      0.000      0.000      8.170   -107.495
    20.000    -25.000      0.000      0.000      9.350   -103.970
    25.000    -25.000      0.000      0.000     10.535   -104.431
    30.000    -25.000      0.000      0.000     11.629   -104.883
    35.000    -25.000      0.000      0.000     12.651   -105.785
    40.000    -25.000      0.000      0.000     12.684   -109.189
    45.000    -25.000      0.000      0.000     13.199   -110.840
    50.000    -25.000      0.000      0.000     12.998   -113.738
    55.000    -25.000      0.000      0.000     12.781   -112.725
    60.000    -25.000      0.000      0.000     12.133   -111.272
    65.000    -25.000      0.000      0.000     11.391   -107.276
    70.000    -25.000      0.084    -84.436     10.773    -98.436
    75.000    -25.000      0.058     40.974      9.639    -90.092
    80.000    -25.000      0.111     46.811      8.334    -83.839
    85.000    -25.000      0.096     28.616      6.305    -76.620
    90.000    -25.000      0.101     32.255      5.187    -70.134
    95.000    -25.000      0.103     30.818      4.540    -62.634
   100.000    -25.000      0.094      6.526      4.053    -60.872
   105.000    -25.000      0.085    -16.847      3.100    -55.103
   110.000    -25.000      0.050     37.321      2.291    -50.534
   115.000    -25.000      0.127    100.772      1.869    -67.531
   120.000    -25.000      0.195    117.320      1.537    -85.062
   125.000    -25.000      0.162    119.006      1.058   -104.108
   130.000    -25.000      0.073    107.880      0.586   -138.413
   135.000    -25.000      0.000      0.000      0.000      0.000
   140.000    -25.000      0.000      0.000      0.000      0.000
   145.000    -25.000      0.000      0.000      0.000      0.000
   -25.000    -20.000      0.000      0.000      0.000      0.000
   -20.000    -20.000      0.000      0.000      0.000      0.000
   -15.000    -20.000      0.000      0.000      0.000      0.000
   -10.000    -20.000      0.000      0.000      2.110   -110.535
    -5.000    -20.000      0.000      0.000      4.010   -110.368
     0.000    -20.000      0.000      0.000      5.603   -106.028
     5.000    -20.000      0.000      0.000      6.947   -101.332
    10.000    -20.000      0.000      0.000      8.158    -98.403
    15.000    -20.000      0.000      0.000      9.471    -95.515
    20.000    -20.000      0.000      0.000     10.816    -92.112
    25.000    -20.000      0.000      0.000     12.894    -93.157
    30.000    -20.000      0.000      0.000     14.458    -95.035
    35.000    -20.000      0.000      0.000     15.439    -97.142
    40.000    -20.000      0.000      0.000     15.915    -99.314
    45.000    -20.000      0.000      0.000     16.512   -101.417
    50.000    -20.000      0.000      0.000     15.765   -105.337
    55.000    -20.000      0.000      0.000     15.062   -106.144
    60.000    -20.000      0.000      0.000     14.268   -106.524
    65.000    -20.000      0.000      0.000     13.208   -106.284
    70.000    -20.000      0.009   -131.039     12.233   -103.107
    75.000    -20.000      0.097     64.335     10.719    -97.957
    80.000    -20.000      0.110     78.940      9.207    -93.083
    85.000    -20.000      0.103     77.943      6.663    -87.797
    90.000    -20.000      0.079     57.633      5.022    -81.568
    95.000    -20.000      0.059     50.360      3.743    -74.921
   100.000    -20.000      0.052     94.177      3.133    -73.710
   105.000    -20.000      0.070    111.074      2.771    -79.579
   110.000    -20.000      0.067     64.952      2.477    -81.168
   115.000    -20.000      0.056     25.091      2.433    -88.197
   120.000    -20.000      0.038    116.177      2.235   -102.771
   125.000    -20.000      0.121    131.304      1.714   -122.364
   130.000    -20.000      0.124    117.153      0.981   -149.294
   135.000    -20.000      0.000      0.000      0.000      0.000
   140.000    -20.000      0.000      0.000      0.000      0.000
   145.000    -20.000      0.000      0.000      0.000      0.000
   -25.000    -15.000      0.000      0.000      0.000      0.000
   -20.000    -15.000      0.000      0.000      0.000      0.000
   -15.000    -15.000      0.000      0.000      0.000      0.000
   -10.000    -15.000      0.000      0.000      1.972    -91.100
    -5.000    -15.000      0.000      0.000      4.358    -91.662
     0.000    -15.000      0.000      0.000      6.039    -89.015
     5.000    -15.000      0.000      0.000      7.458    -86.157
    10.000    -15.000      0.000      0.000      8.642    -84.619
    15.000    -15.000      0.000      0.000     10.079    -83.576
    20.000    -15.000      0.000      0.000     11.592    -82.287
    25.000    -15.000      0.000      0.000     13.757    -84.980
    30.000    -15.000      0.000      0.000     15.694    -87.250
    35.000    -15.000      0.000      0.000     16.972    -91.013
    40.000    -15.000      0.000      0.000     17.742    -94.974
    45.000    -15.000      0.000      0.000     18.438    -97.036
    50.000    -15.000      0.000      0.000     18.102    -99.806
    55.000    -15.000      0.000      0.000     16.947   -101.656
    60.000    -15.000      0.000      0.000     15.821   -102.816
    65.000    -15.000      0.000      0.000     14.767   -103.110
    70.000    -15.000      0.014     36.556     13.282   -103.093
    75.000    -15.000      0.108     53.567     11.519   -101.748
    80.000    -15.000      0.153     62.687      9.597    -99.105
    85.000    -15.000      0.191     85.666      7.217    -96.057
    90.000    -15.000      0.184     96.842      5.033    -89.927
    95.000    -15.000      0.125     90.812      3.440    -85.266
   100.000    -15.000      0.084     68.441      2.401    -86.674
   105.000    -15.000      0.057    110.724      2.636    -98.472
   110.000    -15.000      0.053    175.654      3.028   -105.276
   115.000    -15.000      0.040    -55.536      3.187   -104.752
   120.000    -15.000      0.078     -8.832      2.802   -109.379
   125.000    -15.000      0.047     38.862      2.093   -123.569
   130.000    -15.000      0.051    141.751      1.176   -141.608
   135.000    -15.000      0.000      0.000      0.000      0.000
   140.000    -15.000      0.000      0.000      0.000      0.000
   145.000    -15.000      0.000      0.000      0.000      0.000
   -25.000    -10.000      0.000      0.000      0.000      0.000
   -20.000    -10.000      0.000      0.000      0.000      0.000
   -15.000    -10.000      0.000      0.000      0.000      0.000
   -10.000    -10.000      0.000      0.000      1.637    -70.482
    -5.000    -10.000      0.000      0.000      3.436    -66.990
     0.000    -10.000      0.000      0.000      5.376    -63.063
     5.000    -10.000      0.000      0.000      7.293    -62.073
    10.000    -10.000      0.000      0.000      8.860    -64.421
    15.000    -10.000      0.000      0.000     10.102    -67.596
    20.000    -10.000      0.000      0.000     11.831    -70.026
    25.000    -10.000      0.000      0.000     14.018    -75.374
    30.000    -10.000      0.000      0.000     15.570    -78.993
    35.000    -10.000      0.000      0.000     16.779    -84.512
    40.000    -10.000      0.000      0.000     18.065    -90.322
    45.000    -10.000      0.000      0.000     18.991    -93.394
    50.000    -10.000      0.000      0.000     19.000    -96.005
    55.000    -10.000      0.000      0.000     18.176    -98.583
    60.000    -10.000      0.000      0.000     16.426   -100.176
    65.000    -10.000      0.000      0.000     14.961   -101.338
    70.000    -10.000      0.010     55.164     13.234   -102.223
    75.000    -10.000      0.044     99.096     11.542   -102.809
    80.000    -10.000      0.047     63.471      9.760   -102.304
    85.000    -10.000      0.073     54.024      7.702   -100.408
    90.000    -10.000      0.099     81.198      5.294    -95.882
    95.000    -10.000      0.129    105.890      3.267    -92.070
   100.000    -10.000      0.115    109.101      2.004    -95.266
   105.000    -10.000      0.099     96.920      1.935   -110.602
   110.000    -10.000      0.105     97.535      2.762   -122.066
   115.000    -10.000      0.113     99.209      3.016   -123.592
   120.000    -10.000      0.040    107.453      2.748   -125.906
   125.000    -10.000      0.083    -74.093      2.215   -130.902
   130.000    -10.000      0.102    -76.597      1.258   -131.280
   135.000    -10.000      0.000      0.000      0.000      0.000
   140.000    -10.000      0.000      0.000      0.000      0.000
   145.000    -10.000      0.000      0.000      0.000      0.000
   -25.000     -5.000      0.000      0.000      0.000      0.000
   -20.000     -5.000      0.000      0.000      0.000      0.000
   -15.000     -5.000      0.000      0.000      0.000      0.000
   -10.000     -5.000      0.000      0.000      1.716    -28.545
    -5.000     -5.000      0.000      0.000      3.350    -28.156
     0.000     -5.000      0.000      0.000      5.219    -33.221
     5.000     -5.000      0.000      0.000      7.171    -38.754
    10.000     -5.000      0.000      0.000      8.773    -42.999
    15.000     -5.000      0.000      0.000     10.247    -48.557
    20.000     -5.000      0.000      0.000     11.626    -56.987
    25.000     -5.000      0.000      0.000     13.589    -66.194
    30.000     -5.000      0.000      0.000     14.782    -71.657
    35.000     -5.000      0.000      0.000     15.648    -78.555
    40.000     -5.000      0.000      0.000     16.886    -86.297
    45.000     -5.000      0.000      0.000     17.923    -90.589
    50.000     -5.000      0.000      0.000     17.929    -92.370
    55.000     -5.000      0.000      0.000     17.231    -94.708
    60.000     -5.000      0.000      0.000     15.968    -97.145
    65.000     -5.000      0.000      0.000     13.968    -98.382
    70.000     -5.000      0.011     94.034     12.027    -99.430
    75.000     -5.000      0.043     84.576     10.237   -100.681
    80.000     -5.000      0.039     79.335      8.782   -101.498
    85.000     -5.000      0.040     47.927      7.253    -99.984
    90.000     -5.000      0.041     28.104      5.509    -98.850
    95.000     -5.000      0.038     68.069      3.398    -97.052
   100.000     -5.000      0.111     87.263      1.899    -97.561
   105.000     -5.000      0.177     85.177      1.408   -122.863
   110.000     -5.000      0.162     84.543      2.025   -145.771
   115.000     -5.000      0.090    106.160      2.845   -145.513
   120.000     -5.000      0.091    139.490      2.607   -151.299
   125.000     -5.000      0.092    121.363      2.141   -151.359
   130.000     -5.000      0.071     91.720      1.183   -142.225
   135.000     -5.000      0.000      0.000      0.000      0.000
   140.000     -5.000      0.000      0.000      0.000      0.000
   145.000     -5.000      0.000      0.000      0.000      0.000
   -25.000      0.000      0.000      0.000      0.000      0.000
   -20.000      0.000      0.000      0.000      0.000      0.000
   -15.000      0.000      0.000      0.000      0.000      0.000
   -10.000      0.000      0.000      0.000      2.049     -1.679
    -5.000      0.000      0.000      0.000      4.040     -4.031
     0.000      0.000      0.000      0.000      5.655     -9.088
     5.000      0.000      0.000      0.000      7.089    -15.769
    10.000      0.000      0.000      0.000      8.330    -25.488
    15.000      0.000      0.000      0.000      9.965    -34.792
    20.000      0.000      0.000      0.000     11.012    -45.559
    25.000      0.000      0.000      0.000     12.225    -58.448
    30.000      0.000      0.000      0.000     12.951    -66.632
    35.000      0.000      0.000      0.000     13.212    -73.544
    40.000      0.000      0.000      0.000     14.044    -81.731
    45.000      0.000      0.000      0.000     15.435    -88.308
    50.000      0.000      0.000      0.000     15.702    -90.900
    55.000      0.000      0.000      0.000     14.984    -92.705
    60.000      0.000      0.000      0.000     13.845    -94.447
    65.000      0.000      0.000      0.000     11.937    -95.479
    70.000      0.000      0.008     10.603     10.095    -96.120
    75.000      0.000      0.048      6.475      8.479    -97.982
    80.000      0.000      0.062     22.716      7.541    -98.696
    85.000      0.000      0.053     24.990      6.431    -99.373
    90.000      0.000      0.059     14.652      5.031    -99.461
    95.000      0.000      0.078     17.744      3.292    -99.748
   100.000      0.000      0.062     27.351      2.185   -104.091
   105.000      0.000      0.023     94.915      2.000   -119.168
   110.000      0.000      0.058    135.569      1.990   -146.065
   115.000      0.000      0.099    114.443      2.646   -155.209
   120.000      0.000      0.138    113.982      2.650   -164.513
   125.000      0.000      0.148    114.537      2.080   -170.167
   130.000      0.000      0.108    112.914      1.177   -169.436
   135.000      0.000      0.000      0.000      0.000      0.000
   140.000      0.000      0.000      0.000      0.000      0.000
   145.000      0.000      0.000      0.000      0.000      0.000
   -25.000      5.000      0.000      0.000      0.000      0.000
   -20.000      5.000      0.000      0.000      0.000      0.000
   -15.000      5.000      0.000      0.000      0.000      0.000
   -10.000      5.000      0.000      0.000      1.989     15.293
    -5.000      5.000      0.000      0.000      3.896      9.183
     0.000      5.000      0.000      0.000      5.439      3.842
     5.000      5.000      0.000      0.000      6.474     -2.792
    10.000      5.000      0.000      0.000      7.089    -13.249
    15.000      5.000      0.000      0.000      8.280    -27.731
    20.000      5.000      0.000      0.000      9.209    -40.350
    25.000      5.000      0.000      0.000      9.695    -51.320
    30.000      5.000      0.000      0.000      9.792    -61.886
    35.000      5.000      0.000      0.000      9.991    -70.538
    40.000      5.000      0.000      0.000     10.383    -78.801
    45.000      5.000      0.000      0.000     11.205    -85.977
    50.000      5.000      0.000      0.000     11.704    -91.000
    55.000      5.000      0.000      0.000     11.460    -92.403
    60.000      5.000      0.000      0.000     10.213    -92.141
    65.000      5.000      0.000      0.000      8.895    -93.219
    70.000      5.000      0.013    -28.866      7.396    -93.799
    75.000      5.000      0.081     41.751      6.245    -94.970
    80.000      5.000      0.077     25.646      5.622    -95.595
    85.000      5.000      0.043     17.089      4.853    -99.115
    90.000      5.000      0.010     54.914      3.948   -100.466
    95.000      5.000      0.011    -97.943      2.833   -102.725
   100.000      5.000      0.038    -88.294      2.018   -108.250
   105.000      5.000      0.037   -136.757      1.723   -121.041
   110.000      5.000      0.050   -175.218      1.552   -139.017
   115.000      5.000      0.030   -136.600      1.726   -160.258
   120.000      5.000      0.030    -83.071      2.123   -157.230
   125.000      5.000      0.030    168.731      1.783   -167.667
   130.000      5.000      0.063    148.645      1.112    170.553
   135.000      5.000      0.000      0.000      0.000      0.000
   140.000      5.000      0.000      0.000      0.000      0.000
   145.000      5.000      0.000      0.000      0.000      0.000
   -25.000     10.000      0.000      0.000      0.000      0.000
   -20.000     10.000      0.000      0.000      0.000      0.000
   -15.000     10.000      0.000      0.000      0.000      0.000
   -10.000     10.000      0.000      0.000      1.132      4.502
    -5.000     10.000      0.000      0.000      2.424      8.330
     0.000     10.000      0.000      0.000      3.411      5.072
     5.000     10.000      0.000      0.000      3.980      0.796
    10.000     10.000      0.000      0.000      4.362     -3.386
    15.000     10.000      0.000      0.000      4.806    -23.990
    20.000     10.000      0.000      0.000      5.326    -36.264
    25.000     10.000      0.000      0.000      5.370    -46.563
    30.000     10.000      0.000      0.000      5.472    -58.751
    35.000     10.000      0.000      0.000      5.602    -67.425
    40.000     10.000      0.000      0.000      5.795    -76.641
    45.000     10.000      0.000      0.000      5.812    -82.965
    50.000     10.000      0.000      0.000      5.981    -88.746
    55.000     10.000      0.000      0.000      6.076    -92.121
    60.000     10.000      0.000      0.000      5.587    -91.884
    65.000     10.000      0.000      0.000      4.867    -92.966
    70.000     10.000      0.006     15.922      3.873    -92.843
    75.000     10.000      0.033     24.092      3.414    -92.871
    80.000     10.000      0.077     52.823      2.778    -92.797
    85.000     10.000      0.051     74.037      2.570    -97.148
    90.000     10.000      0.046   -177.669      2.492   -102.289
    95.000     10.000      0.036   -142.599      1.908    -98.627
   100.000     10.000      0.041    -34.403      1.387   -100.472
   105.000     10.000      0.051    -70.178      1.041   -111.295
   110.000     10.000      0.071   -128.834      1.065   -129.632
   115.000     10.000      0.055   -147.932      0.881   -155.490
   120.000     10.000      0.018    -22.578      1.044   -152.504
   125.000     10.000      0.037    -14.704      0.969   -174.489
   130.000     10.000      0.023    -93.221      0.562    178.967
   135.000     10.000      0.000      0.000      0.000      0.000
   140.000     10.000      0.000      0.000      0.000      0.000
   145.000     10.000      0.000      0.000      0.000      0.000
   -25.000     15.000      0.000      0.000      0.000      0.000
   -20.000     15.000      0.000      0.000      0.000      0.000
   -15.000     15.000      0.000      0.000      0.000      0.000
   -10.000     15.000      0.000      0.000      0.000      0.000
    -5.000     15.000      0.000      0.000      0.000      0.000
     0.000     15.000      0.000      0.000      0.000      0.000
     5.000     15.000      0.000      0.000      0.000      0.000
    10.000     15.000      0.000      0.000      0.000      0.000
    15.000     15.000      0.000      0.000      0.000      0.000
    20.000     15.000      0.000      0.000      0.000      0.000
    25.000     15.000      0.000      0.000      0.000      0.000
    30.000     15.000      0.000      0.000      0.000      0.000
    35.000     15.000      0.000      0.000      0.000      0.000
    40.000     15.000      0.000      0.000      0.000      0.000
    45.000     15.000      0.000      0.000      0.000      0.000
    50.000     15.000      0.000      0.000      0.000      0.000
    55.000     15.000      0.000      0.000      0.000      0.000
    60.000     15.000      0.000      0.000      0.000      0.000
    65.000     15.000      0.000      0.000      0.000      0.000
    70.000     15.000      0.000      0.000      0.000      0.000
    75.000     15.000      0.000      0.000      0.000      0.000
    80.000     15.000      0.000      0.000      0.000      0.000
    85.000     15.000      0.000      0.000      0.000      0.000
    90.000     15.000      0.000      0.000      0.000      0.000
    95.000     15.000      0.000      0.000      0.000      0.000
   100.000     15.000      0.000      0.000      0.000      0.000
   105.000     15.000      0.000      0.000      0.000      0.000
   110.000     15.000      0.000      0.000      0.000      0.000
   115.000     15.000      0.000      0.000      0.000      0.000
   120.000     15.000      0.000      0.000      0.000      0.000
   125.000     15.000      0.000      0.000      0.000      0.000
   130.000     15.000      0.000      0.000      0.000      0.000
   135.000     15.000      0.000      0.000      0.000      0.000
   140.000     15.000      0.000      0.000      0.000      0.000
   145.000     15.000      0.000      0.000      0.000      0.000
   -25.000     20.000      0.000      0.000      0.000      0.000
   -20.000     20.000      0.000      0.000      0.000      0.000
   -15.000     20.000      0.000      0.000      0.000      0.000
   -10.000     20.000      0.000      0.000      0.000      0.000
    -5.000     20.000      0.000      0.000      0.000      0.000
     0.000     20.000      0.000      0.000      0.000      0.000
     5.000     20.000      0.000      0.000      0.000      0.000
    10.000     20.000      0.000      0.000      0.000      0.000
    15.000     20.000      0.000      0.000      0.000      0.000
    20.000     20.000      0.000      0.000      0.000      0.000
    25.000     20.000      0.000      0.000      0.000      0.000
    30.000     20.000      0.000      0.000      0.000      0.000
    35.000     20.000      0.000      0.000      0.000      0.000
    40.000     20.000      0.000      0.000      0.000      0.000
    45.000     20.000      0.000      0.000      0.000      0.000
    50.000     20.000      0.000      0.000      0.000      0.000
    55.000     20.000      0.000      0.000      0.000      0.000
    60.000     20.000      0.000      0.000      0.000      0.000
    65.000     20.000      0.000      0.000      0.000      0.000
    70.000     20.000      0.000      0.000      0.000      0.000
    75.000     20.000      0.000      0.000      0.000      0.000
    80.000     20.000      0.000      0.000      0.000      0.000
    85.000     20.000      0.000      0.000      0.000      0.000
    90.000     20.000      0.000      0.000      0.000      0.000
    95.000     20.000      0.000      0.000      0.000      0.000
   100.000     20.000      0.000      0.000      0.000      0.000
   105.000     20.000      0.000      0.000      0.000      0.000
   110.000     20.000      0.000      0.000      0.000      0.000
   115.000     20.000      0.000      0.000      0.000      0.000
   120.000     20.000      0.000      0.000      0.000      0.000
   125.000     20.000      0.000      0.000      0.000      0.000
   130.000     20.000      0.000      0.000      0.000      0.000
   135.000     20.000      0.000      0.000      0.000      0.000
   140.000     20.000      0.000      0.000      0.000      0.000
   145.000     20.000      0.000      0.000      0.000      0.000
   -25.000     25.000      0.000      0.000      0.000      0.000
   -20.000     25.000      0.000      0.000      0.000      0.000
   -15.000     25.000      0.000      0.000      0.000      0.000
   -10.000     25.000      0.000      0.000      0.000      0.000
    -5.000     25.000      0.000      0.000      0.000      0.000
     0.000     25.000      0.000      0.000      0.000      0.000
     5.000     25.000      0.000      0.000      0.000      0.000
    10.000     25.000      0.000      0.000      0.000      0.000
    15.000     25.000      0.000      0.000      0.000      0.000
    20.000     25.000      0.000      0.000      0.000      0.000
    25.000     25.000      0.000      0.000      0.000      0.000
    30.000     25.000      0.000      0.000      0.000      0.000
    35.000     25.000      0.000      0.000      0.000      0.000
    40.000     25.000      0.000      0.000      0.000      0.000
    45.000     25.000      0.000      0.000      0.000      0.000
    50.000     25.000      0.000      0.000      0.000      0.000
    55.000     25.000      0.000      0.000      0.000      0.000
    60.000     25.000      0.000      0.000      0.000      0.000
    65.000     25.000      0.000      0.000      0.000      0.000
    70.000     25.000      0.000      0.000      0.000      0.000
    75.000     25.000      0.000      0.000      0.000      0.000
    80.000     25.000      0.000      0.000      0.000      0.000
    85.000     25.000      0.000      0.000      0.000      0.000
    90.000     25.000      0.000      0.000      0.000      0.000
    95.000     25.000      0.000      0.000      0.000      0.000
   100.000     25.000      0.000      0.000      0.000      0.000
   105.000     25.000      0.000      0.000      0.000      0.000
   110.000     25.000      0.000      0.000      0.000      0.000
   115.000     25.000      0.000      0.000      0.000      0.000
   120.000     25.000      0.000      0.000      0.000      0.000
   125.000     25.000      0.000      0.000      0.000      0.000
   130.000     25.000      0.000      0.000      0.000      0.000
   135.000     25.000      0.000      0.000      0.000      0.000
   140.000     25.000      0.000      0.000      0.000      0.000
   145.000     25.000      0.000      0.000      0.000      0.000
