   -25.000    -65.000      0.000      0.000      0.000      0.000
   -20.000    -65.000      0.000      0.000      0.000      0.000
   -15.000    -65.000      0.000      0.000      0.000      0.000
   -10.000    -65.000      0.000      0.000      0.000      0.000
    -5.000    -65.000      0.000      0.000      0.000      0.000
     0.000    -65.000      0.000      0.000      0.000      0.000
     5.000    -65.000      0.000      0.000      0.000      0.000
    10.000    -65.000      0.000      0.000      0.000      0.000
    15.000    -65.000      0.000      0.000      0.000      0.000
    20.000    -65.000      0.000      0.000      0.000      0.000
    25.000    -65.000      0.000      0.000      0.000      0.000
    30.000    -65.000      0.000      0.000      0.000      0.000
    35.000    -65.000      0.000      0.000      0.000      0.000
    40.000    -65.000      0.000      0.000      0.000      0.000
    45.000    -65.000      0.000      0.000      0.000      0.000
    50.000    -65.000      0.000      0.000      0.000      0.000
    55.000    -65.000      0.000      0.000      0.000      0.000
    60.000    -65.000      0.000      0.000      0.000      0.000
    65.000    -65.000      0.000      0.000      0.000      0.000
    70.000    -65.000      0.000      0.000      0.000      0.000
    75.000    -65.000      0.000      0.000      0.000      0.000
    80.000    -65.000      0.000      0.000      0.000      0.000
    85.000    -65.000      0.000      0.000      0.000      0.000
    90.000    -65.000      0.000      0.000      0.000      0.000
    95.000    -65.000      0.000      0.000      0.000      0.000
   100.000    -65.000      0.000      0.000      0.000      0.000
   105.000    -65.000      0.000      0.000      0.000      0.000
   110.000    -65.000      0.000      0.000      0.000      0.000
   115.000    -65.000      0.000      0.000      0.000      0.000
   120.000    -65.000      0.000      0.000      0.000      0.000
   125.000    -65.000      0.000      0.000      0.000      0.000
   130.000    -65.000      0.000      0.000      0.000      0.000
   135.000    -65.000      0.000      0.000      0.000      0.000
   140.000    -65.000      0.000      0.000      0.000      0.000
   145.000    -65.000      0.000      0.000      0.000      0.000
   -25.000    -60.000      0.000      0.000      0.000      0.000
   -20.000    -60.000      0.000      0.000      0.000      0.000
   -15.000    -60.000      0.000      0.000      0.000      0.000
   -10.000    -60.000      0.000      0.000      0.000      0.000
    -5.000    -60.000      0.000      0.000      0.000      0.000
     0.000    -60.000      0.000      0.000      0.000      0.000
     5.000    -60.000      0.000      0.000      0.000      0.000
    10.000    -60.000      0.000      0.000      0.000      0.000
    15.000    -60.000      0.000      0.000      0.000      0.000
    20.000    -60.000      0.000      0.000      0.000      0.000
    25.000    -60.000      0.000      0.000      0.000      0.000
    30.000    -60.000      0.000      0.000      0.000      0.000
    35.000    -60.000      0.000      0.000      0.000      0.000
    40.000    -60.000      0.000      0.000      0.000      0.000
    45.000    -60.000      0.000      0.000      0.000      0.000
    50.000    -60.000      0.000      0.000      0.000      0.000
    55.000    -60.000      0.000      0.000      0.000      0.000
    60.000    -60.000      0.000      0.000      0.000      0.000
    65.000    -60.000      0.000      0.000      0.000      0.000
    70.000    -60.000      0.000      0.000      0.000      0.000
    75.000    -60.000      0.000      0.000      0.000      0.000
    80.000    -60.000      0.000      0.000      0.000      0.000
    85.000    -60.000      0.000      0.000      0.000      0.000
    90.000    -60.000      0.000      0.000      0.000      0.000
    95.000    -60.000      0.000      0.000      0.000      0.000
   100.000    -60.000      0.000      0.000      0.000      0.000
   105.000    -60.000      0.000      0.000      0.000      0.000
   110.000    -60.000      0.000      0.000      0.000      0.000
   115.000    -60.000      0.000      0.000      0.000      0.000
   120.000    -60.000      0.000      0.000      0.000      0.000
   125.000    -60.000      0.000      0.000      0.000      0.000
   130.000    -60.000      0.000      0.000      0.000      0.000
   135.000    -60.000      0.000      0.000      0.000      0.000
   140.000    -60.000      0.000      0.000      0.000      0.000
   145.000    -60.000      0.000      0.000      0.000      0.000
   -25.000    -55.000      0.000      0.000      0.000      0.000
   -20.000    -55.000      0.000      0.000      0.000      0.000
   -15.000    -55.000      0.000      0.000      0.000      0.000
   -10.000    -55.000      0.000      0.000      0.000      0.000
    -5.000    -55.000      0.000      0.000      0.000      0.000
     0.000    -55.000      0.000      0.000      0.000      0.000
     5.000    -55.000      0.000      0.000      0.000      0.000
    10.000    -55.000      0.000      0.000      0.000      0.000
    15.000    -55.000      0.000      0.000      0.000      0.000
    20.000    -55.000      0.000      0.000      0.000      0.000
    25.000    -55.000      0.000      0.000      0.000      0.000
    30.000    -55.000      0.000      0.000      0.000      0.000
    35.000    -55.000      0.000      0.000      0.000      0.000
    40.000    -55.000      0.000      0.000      0.000      0.000
    45.000    -55.000      0.000      0.000      0.000      0.000
    50.000    -55.000      0.000      0.000      0.000      0.000
    55.000    -55.000      0.000      0.000      0.000      0.000
    60.000    -55.000      0.000      0.000      0.000      0.000
    65.000    -55.000      0.000      0.000      0.000      0.000
    70.000    -55.000      0.000      0.000      0.000      0.000
    75.000    -55.000      0.000      0.000      0.000      0.000
    80.000    -55.000      0.000      0.000      0.000      0.000
    85.000    -55.000      0.000      0.000      0.000      0.000
    90.000    -55.000      0.000      0.000      0.000      0.000
    95.000    -55.000      0.000      0.000      0.000      0.000
   100.000    -55.000      0.000      0.000      0.000      0.000
   105.000    -55.000      0.000      0.000      0.000      0.000
   110.000    -55.000      0.000      0.000      0.000      0.000
   115.000    -55.000      0.000      0.000      0.000      0.000
   120.000    -55.000      0.000      0.000      0.000      0.000
   125.000    -55.000      0.000      0.000      0.000      0.000
   130.000    -55.000      0.000      0.000      0.000      0.000
   135.000    -55.000      0.000      0.000      0.000      0.000
   140.000    -55.000      0.000      0.000      0.000      0.000
   145.000    -55.000      0.000      0.000      0.000      0.000
   -25.000    -50.000      0.000      0.000      0.000      0.000
   -20.000    -50.000      0.000      0.000      0.000      0.000
   -15.000    -50.000      0.000      0.000      0.000      0.000
   -10.000    -50.000      0.055    -39.318      0.062     -3.038
    -5.000    -50.000      0.055     -4.489      0.145      8.064
     0.000    -50.000      0.044     62.390      0.110     55.956
     5.000    -50.000      0.109    143.147      0.331    145.500
    10.000    -50.000      0.208    147.777      0.586    158.479
    15.000    -50.000      0.292    133.741      0.640    151.632
    20.000    -50.000      0.415    115.984      0.777    112.005
    25.000    -50.000      0.388    118.773      0.720    111.189
    30.000    -50.000      0.214    141.772      0.262    142.565
    35.000    -50.000      0.036     53.996      0.036     53.996
    40.000    -50.000      0.000      0.000      0.000      0.000
    45.000    -50.000      0.000      0.000      0.000      0.000
    50.000    -50.000      0.000      0.000      0.000      0.000
    55.000    -50.000      0.000      0.000      0.000      0.000
    60.000    -50.000      0.000      0.000      0.000      0.000
    65.000    -50.000      0.000      0.000      0.000      0.000
    70.000    -50.000      0.000      0.000      0.000      0.000
    75.000    -50.000      0.000      0.000      0.000      0.000
    80.000    -50.000      0.000      0.000      0.000      0.000
    85.000    -50.000      0.000      0.000      0.000      0.000
    90.000    -50.000      0.000      0.000      0.000      0.000
    95.000    -50.000      0.000      0.000      0.000      0.000
   100.000    -50.000      0.000      0.000      0.000      0.000
   105.000    -50.000      0.000      0.000      0.000      0.000
   110.000    -50.000      0.000      0.000      0.000      0.000
   115.000    -50.000      0.000      0.000      0.000      0.000
   120.000    -50.000      0.000      0.000      0.000      0.000
   125.000    -50.000      0.000      0.000      0.000      0.000
   130.000    -50.000      0.000      0.000      0.000      0.000
   135.000    -50.000      0.000      0.000      0.000      0.000
   140.000    -50.000      0.000      0.000      0.000      0.000
   145.000    -50.000      0.000      0.000      0.000      0.000
   -25.000    -45.000      0.000      0.000      0.000      0.000
   -20.000    -45.000      0.000      0.000      0.000      0.000
   -15.000    -45.000      0.000      0.000      0.000      0.000
   -10.000    -45.000      0.039   -113.894      0.516   -157.859
    -5.000    -45.000      0.097   -155.220      0.937   -149.121
     0.000    -45.000      0.178   -161.931      1.088   -144.764
     5.000    -45.000      0.271   -167.972      1.174   -145.639
    10.000    -45.000      0.335   -175.557      1.275   -148.682
    15.000    -45.000      0.344    171.308      1.060   -164.654
    20.000    -45.000      0.352    144.897      0.882    132.869
    25.000    -45.000      0.358    129.764      0.893    114.543
    30.000    -45.000      0.266    133.398      0.515    121.943
    35.000    -45.000      0.129    136.390      0.181    151.775
    40.000    -45.000      0.042   -101.429      0.042   -101.429
    45.000    -45.000      0.000      0.000      0.000      0.000
    50.000    -45.000      0.000      0.000      0.000      0.000
    55.000    -45.000      0.000      0.000      0.000      0.000
    60.000    -45.000      0.000      0.000      0.000      0.000
    65.000    -45.000      0.000      0.000      0.000      0.000
    70.000    -45.000      0.000      0.000      0.000      0.000
    75.000    -45.000      0.000      0.000      0.000      0.000
    80.000    -45.000      0.000      0.000      0.000      0.000
    85.000    -45.000      0.000      0.000      0.000      0.000
    90.000    -45.000      0.000      0.000      0.000      0.000
    95.000    -45.000      0.000      0.000      0.000      0.000
   100.000    -45.000      0.000      0.000      0.000      0.000
   105.000    -45.000      0.000      0.000      0.000      0.000
   110.000    -45.000      0.000      0.000      0.000      0.000
   115.000    -45.000      0.000      0.000      0.000      0.000
   120.000    -45.000      0.000      0.000      0.000      0.000
   125.000    -45.000      0.000      0.000      0.000      0.000
   130.000    -45.000      0.000      0.000      0.000      0.000
   135.000    -45.000      0.000      0.000      0.000      0.000
   140.000    -45.000      0.000      0.000      0.000      0.000
   145.000    -45.000      0.000      0.000      0.000      0.000
   -25.000    -40.000      0.000      0.000      0.000      0.000
   -20.000    -40.000      0.000      0.000      0.000      0.000
   -15.000    -40.000      0.000      0.000      0.000      0.000
   -10.000    -40.000      0.136   -165.385      1.059   -146.296
    -5.000    -40.000      0.279   -166.739      1.651   -153.727
     0.000    -40.000      0.371   -168.072      2.197   -154.493
     5.000    -40.000      0.428   -166.628      2.677   -151.096
    10.000    -40.000      0.445   -168.012      2.867   -149.506
    15.000    -40.000      0.397   -172.704      2.482   -157.073
    20.000    -40.000      0.328    174.939      1.862   -169.878
    25.000    -40.000      0.286    167.832      1.097    164.697
    30.000    -40.000      0.240    171.273      0.784    156.477
    35.000    -40.000      0.190    169.651      0.513    171.902
    40.000    -40.000      0.103    159.583      0.204    152.738
    45.000    -40.000      0.040    -65.018      0.040    -65.018
    50.000    -40.000      0.000      0.000      0.000      0.000
    55.000    -40.000      0.000      0.000      0.000      0.000
    60.000    -40.000      0.000      0.000      0.000      0.000
    65.000    -40.000      0.000      0.000      0.000      0.000
    70.000    -40.000      0.000      0.000      0.000      0.000
    75.000    -40.000      0.000      0.000      0.000      0.000
    80.000    -40.000      0.000      0.000      0.000      0.000
    85.000    -40.000      0.000      0.000      0.000      0.000
    90.000    -40.000      0.000      0.000      0.000      0.000
    95.000    -40.000      0.000      0.000      0.000      0.000
   100.000    -40.000      0.000      0.000      0.000      0.000
   105.000    -40.000      0.000      0.000      0.000      0.000
   110.000    -40.000      0.000      0.000      0.000      0.000
   115.000    -40.000      0.000      0.000      0.000      0.000
   120.000    -40.000      0.000      0.000      0.000      0.000
   125.000    -40.000      0.000      0.000      0.000      0.000
   130.000    -40.000      0.000      0.000      0.000      0.000
   135.000    -40.000      0.000      0.000      0.000      0.000
   140.000    -40.000      0.000      0.000      0.000      0.000
   145.000    -40.000      0.000      0.000      0.000      0.000
   -25.000    -35.000      0.000      0.000      0.000      0.000
   -20.000    -35.000      0.000      0.000      0.000      0.000
   -15.000    -35.000      0.000      0.000      0.000      0.000
   -10.000    -35.000      0.159   -178.405      1.461   -154.697
    -5.000    -35.000      0.302   -170.959      2.464   -151.901
     0.000    -35.000      0.408   -167.117      3.252   -145.609
     5.000    -35.000      0.482   -165.699      3.806   -140.174
    10.000    -35.000      0.520   -165.746      3.789   -140.913
    15.000    -35.000      0.509   -165.723      3.296   -149.749
    20.000    -35.000      0.448   -167.947      2.771   -153.598
    25.000    -35.000      0.389   -168.522      1.740   -160.332
    30.000    -35.000      0.339   -165.034      1.163   -164.123
    35.000    -35.000      0.294   -165.693      0.962   -174.623
    40.000    -35.000      0.233   -163.537      0.616    172.514
    45.000    -35.000      0.169   -134.582      0.344   -124.658
    50.000    -35.000      0.059   -102.697      0.059   -102.697
    55.000    -35.000      0.000      0.000      0.000      0.000
    60.000    -35.000      0.000      0.000      0.000      0.000
    65.000    -35.000      0.000      0.000      0.000      0.000
    70.000    -35.000      0.000      0.000      0.000      0.000
    75.000    -35.000      0.000      0.000      0.000      0.000
    80.000    -35.000      0.000      0.000      0.000      0.000
    85.000    -35.000      0.000      0.000      0.000      0.000
    90.000    -35.000      0.000      0.000      0.000      0.000
    95.000    -35.000      0.000      0.000      0.000      0.000
   100.000    -35.000      0.000      0.000      0.000      0.000
   105.000    -35.000      0.000      0.000      0.000      0.000
   110.000    -35.000      0.000      0.000      0.000      0.000
   115.000    -35.000      0.000      0.000      0.000      0.000
   120.000    -35.000      0.000      0.000      0.000      0.000
   125.000    -35.000      0.000      0.000      0.000      0.000
   130.000    -35.000      0.000      0.000      0.000      0.000
   135.000    -35.000      0.000      0.000      0.000      0.000
   140.000    -35.000      0.000      0.000      0.000      0.000
   145.000    -35.000      0.000      0.000      0.000      0.000
   -25.000    -30.000      0.000      0.000      0.000      0.000
   -20.000    -30.000      0.000      0.000      0.000      0.000
   -15.000    -30.000      0.000      0.000      0.000      0.000
   -10.000    -30.000      0.165   -175.751      1.610   -158.503
    -5.000    -30.000      0.336   -160.387      2.771   -151.478
     0.000    -30.000      0.476   -155.802      3.738   -140.919
     5.000    -30.000      0.564   -154.756      4.394   -134.243
    10.000    -30.000      0.604   -155.273      4.385   -133.337
    15.000    -30.000      0.592   -157.744      3.792   -136.817
    20.000    -30.000      0.536   -160.556      2.933   -138.963
    25.000    -30.000      0.467   -161.027      2.132   -145.879
    30.000    -30.000      0.392   -158.712      1.566   -151.198
    35.000    -30.000      0.304   -155.416      1.292   -138.846
    40.000    -30.000      0.215   -143.678      0.537   -159.581
    45.000    -30.000      0.190   -113.116      0.207   -116.771
    50.000    -30.000      0.176   -109.668      0.213   -107.668
    55.000    -30.000      0.000      0.000      0.000      0.000
    60.000    -30.000      0.000      0.000      0.000      0.000
    65.000    -30.000      0.000      0.000      0.000      0.000
    70.000    -30.000      0.000      0.000      0.000      0.000
    75.000    -30.000      0.000      0.000      0.000      0.000
    80.000    -30.000      0.000      0.000      0.000      0.000
    85.000    -30.000      0.000      0.000      0.000      0.000
    90.000    -30.000      0.000      0.000      0.000      0.000
    95.000    -30.000      0.000      0.000      0.000      0.000
   100.000    -30.000      0.000      0.000      0.000      0.000
   105.000    -30.000      0.000      0.000      0.000      0.000
   110.000    -30.000      0.000      0.000      0.000      0.000
   115.000    -30.000      0.000      0.000      0.000      0.000
   120.000    -30.000      0.000      0.000      0.000      0.000
   125.000    -30.000      0.000      0.000      0.000      0.000
   130.000    -30.000      0.000      0.000      0.000      0.000
   135.000    -30.000      0.000      0.000      0.000      0.000
   140.000    -30.000      0.000      0.000      0.000      0.000
   145.000    -30.000      0.000      0.000      0.000      0.000
   -25.000    -25.000      0.000      0.000      0.000      0.000
   -20.000    -25.000      0.000      0.000      0.000      0.000
   -15.000    -25.000      0.000      0.000      0.000      0.000
   -10.000    -25.000      0.202   -175.305      1.937   -155.699
    -5.000    -25.000      0.329   -171.260      3.277   -148.467
     0.000    -25.000      0.422   -166.622      4.055   -138.275
     5.000    -25.000      0.490   -162.132      4.283   -129.464
    10.000    -25.000      0.516   -155.976      3.977   -125.382
    15.000    -25.000      0.521   -148.809      3.420   -126.909
    20.000    -25.000      0.500   -142.687      2.551   -122.815
    25.000    -25.000      0.468   -133.714      2.043   -124.135
    30.000    -25.000      0.412   -124.374      1.636   -121.492
    35.000    -25.000      0.368   -111.608      1.311   -110.621
    40.000    -25.000      0.299    -97.713      0.726   -106.536
    45.000    -25.000      0.234    -82.306      0.516    -76.973
    50.000    -25.000      0.128    -79.919      0.131    -81.572
    55.000    -25.000      0.019   -129.204      0.019   -129.204
    60.000    -25.000      0.000      0.000      0.000      0.000
    65.000    -25.000      0.000      0.000      0.000      0.000
    70.000    -25.000      0.000      0.000      0.000      0.000
    75.000    -25.000      0.000      0.000      0.000      0.000
    80.000    -25.000      0.000      0.000      0.000      0.000
    85.000    -25.000      0.000      0.000      0.000      0.000
    90.000    -25.000      0.000      0.000      0.000      0.000
    95.000    -25.000      0.000      0.000      0.000      0.000
   100.000    -25.000      0.000      0.000      0.000      0.000
   105.000    -25.000      0.000      0.000      0.000      0.000
   110.000    -25.000      0.000      0.000      0.000      0.000
   115.000    -25.000      0.000      0.000      0.000      0.000
   120.000    -25.000      0.000      0.000      0.000      0.000
   125.000    -25.000      0.000      0.000      0.000      0.000
   130.000    -25.000      0.000      0.000      0.000      0.000
   135.000    -25.000      0.000      0.000      0.000      0.000
   140.000    -25.000      0.000      0.000      0.000      0.000
   145.000    -25.000      0.000      0.000      0.000      0.000
   -25.000    -20.000      0.000      0.000      0.000      0.000
   -20.000    -20.000      0.000      0.000      0.000      0.000
   -15.000    -20.000      0.000      0.000      0.000      0.000
   -10.000    -20.000      0.191   -168.268      1.535   -133.867
    -5.000    -20.000      0.313   -172.232      2.679   -135.360
     0.000    -20.000      0.368   -171.846      3.310   -131.628
     5.000    -20.000      0.374   -164.990      3.323   -123.184
    10.000    -20.000      0.362   -152.076      2.844   -114.877
    15.000    -20.000      0.363   -133.451      2.072   -107.904
    20.000    -20.000      0.370   -116.192      1.576    -81.042
    25.000    -20.000      0.404   -102.875      1.601    -74.250
    30.000    -20.000      0.444    -92.483      1.820    -77.523
    35.000    -20.000      0.481    -84.457      1.575    -76.626
    40.000    -20.000      0.481    -78.575      1.240    -70.075
    45.000    -20.000      0.405    -75.684      1.193    -62.069
    50.000    -20.000      0.217    -72.020      0.328    -72.325
    55.000    -20.000      0.080      1.543      0.100      8.504
    60.000    -20.000      0.000      0.000      0.000      0.000
    65.000    -20.000      0.000      0.000      0.000      0.000
    70.000    -20.000      0.000      0.000      0.000      0.000
    75.000    -20.000      0.000      0.000      0.000      0.000
    80.000    -20.000      0.000      0.000      0.000      0.000
    85.000    -20.000      0.000      0.000      0.000      0.000
    90.000    -20.000      0.000      0.000      0.000      0.000
    95.000    -20.000      0.000      0.000      0.000      0.000
   100.000    -20.000      0.000      0.000      0.000      0.000
   105.000    -20.000      0.000      0.000      0.000      0.000
   110.000    -20.000      0.000      0.000      0.000      0.000
   115.000    -20.000      0.000      0.000      0.000      0.000
   120.000    -20.000      0.000      0.000      0.000      0.000
   125.000    -20.000      0.000      0.000      0.000      0.000
   130.000    -20.000      0.000      0.000      0.000      0.000
   135.000    -20.000      0.000      0.000      0.000      0.000
   140.000    -20.000      0.000      0.000      0.000      0.000
   145.000    -20.000      0.000      0.000      0.000      0.000
   -25.000    -15.000      0.000      0.000      0.000      0.000
   -20.000    -15.000      0.000      0.000      0.000      0.000
   -15.000    -15.000      0.000      0.000      0.000      0.000
   -10.000    -15.000      0.145   -157.554      1.047   -105.807
    -5.000    -15.000      0.204   -164.195      1.878    -99.549
     0.000    -15.000      0.219   -160.316      2.177    -91.290
     5.000    -15.000      0.215   -149.534      2.200    -79.637
    10.000    -15.000      0.207   -133.859      1.929    -64.460
    15.000    -15.000      0.208   -111.369      1.769    -41.164
    20.000    -15.000      0.270    -89.638      2.058    -23.922
    25.000    -15.000      0.364    -77.019      2.136    -24.598
    30.000    -15.000      0.453    -72.093      2.260    -36.474
    35.000    -15.000      0.542    -71.915      2.136    -50.327
    40.000    -15.000      0.589    -71.060      1.501    -60.838
    45.000    -15.000      0.558    -70.380      1.302    -56.793
    50.000    -15.000      0.377    -67.941      0.819    -65.554
    55.000    -15.000      0.112    -32.759      0.133    -28.067
    60.000    -15.000      0.000      0.000      0.000      0.000
    65.000    -15.000      0.000      0.000      0.000      0.000
    70.000    -15.000      0.000      0.000      0.000      0.000
    75.000    -15.000      0.000      0.000      0.000      0.000
    80.000    -15.000      0.000      0.000      0.000      0.000
    85.000    -15.000      0.000      0.000      0.000      0.000
    90.000    -15.000      0.000      0.000      0.000      0.000
    95.000    -15.000      0.000      0.000      0.000      0.000
   100.000    -15.000      0.000      0.000      0.000      0.000
   105.000    -15.000      0.000      0.000      0.000      0.000
   110.000    -15.000      0.000      0.000      0.000      0.000
   115.000    -15.000      0.000      0.000      0.000      0.000
   120.000    -15.000      0.000      0.000      0.000      0.000
   125.000    -15.000      0.000      0.000      0.000      0.000
   130.000    -15.000      0.000      0.000      0.000      0.000
   135.000    -15.000      0.000      0.000      0.000      0.000
   140.000    -15.000      0.000      0.000      0.000      0.000
   145.000    -15.000      0.000      0.000      0.000      0.000
   -25.000    -10.000      0.000      0.000      0.000      0.000
   -20.000    -10.000      0.000      0.000      0.000      0.000
   -15.000    -10.000      0.000      0.000      0.000      0.000
   -10.000    -10.000      0.042   -132.703      0.681    -28.731
    -5.000    -10.000      0.064   -123.344      1.696    -28.803
     0.000    -10.000      0.107   -101.063      2.588    -21.948
     5.000    -10.000      0.171    -85.828      3.344    -18.640
    10.000    -10.000      0.240    -75.504      3.549    -15.657
    15.000    -10.000      0.327    -68.101      3.554     -7.591
    20.000    -10.000      0.426    -64.966      3.778     -5.097
    25.000    -10.000      0.524    -64.416      3.631    -10.053
    30.000    -10.000      0.593    -64.481      3.321    -12.744
    35.000    -10.000      0.657    -64.728      2.649    -24.441
    40.000    -10.000      0.709    -65.346      1.808    -47.158
    45.000    -10.000      0.681    -67.603      1.482    -61.486
    50.000    -10.000      0.546    -74.106      0.861    -66.027
    55.000    -10.000      0.362    -91.572      0.446    -92.819
    60.000    -10.000      0.034    -89.831      0.034    -89.831
    65.000    -10.000      0.000      0.000      0.000      0.000
    70.000    -10.000      0.000      0.000      0.000      0.000
    75.000    -10.000      0.000      0.000      0.000      0.000
    80.000    -10.000      0.000      0.000      0.000      0.000
    85.000    -10.000      0.000      0.000      0.000      0.000
    90.000    -10.000      0.000      0.000      0.000      0.000
    95.000    -10.000      0.000      0.000      0.000      0.000
   100.000    -10.000      0.000      0.000      0.000      0.000
   105.000    -10.000      0.000      0.000      0.000      0.000
   110.000    -10.000      0.000      0.000      0.000      0.000
   115.000    -10.000      0.000      0.000      0.000      0.000
   120.000    -10.000      0.000      0.000      0.000      0.000
   125.000    -10.000      0.000      0.000      0.000      0.000
   130.000    -10.000      0.000      0.000      0.000      0.000
   135.000    -10.000      0.000      0.000      0.000      0.000
   140.000    -10.000      0.000      0.000      0.000      0.000
   145.000    -10.000      0.000      0.000      0.000      0.000
   -25.000     -5.000      0.000      0.000      0.000      0.000
   -20.000     -5.000      0.000      0.000      0.000      0.000
   -15.000     -5.000      0.000      0.000      0.000      0.000
   -10.000     -5.000      0.088    -41.528      1.640     15.376
    -5.000     -5.000      0.150    -52.575      3.011     11.382
     0.000     -5.000      0.230    -58.727      4.187      7.927
     5.000     -5.000      0.319    -59.585      5.115      4.143
    10.000     -5.000      0.411    -57.426      5.560      3.252
    15.000     -5.000      0.495    -56.278      5.705      4.081
    20.000     -5.000      0.564    -55.089      5.203     -0.192
    25.000     -5.000      0.635    -54.866      4.670     -7.036
    30.000     -5.000      0.676    -56.950      4.099     -6.535
    35.000     -5.000      0.710    -61.357      3.096    -13.017
    40.000     -5.000      0.690    -64.109      1.828    -29.395
    45.000     -5.000      0.585    -64.524      1.373    -61.209
    50.000     -5.000      0.415    -63.873      0.689    -52.969
    55.000     -5.000      0.208    -61.167      0.240    -36.680
    60.000     -5.000      0.058    -86.514      0.058    -86.514
    65.000     -5.000      0.000      0.000      0.000      0.000
    70.000     -5.000      0.000      0.000      0.000      0.000
    75.000     -5.000      0.000      0.000      0.000      0.000
    80.000     -5.000      0.000      0.000      0.000      0.000
    85.000     -5.000      0.000      0.000      0.000      0.000
    90.000     -5.000      0.000      0.000      0.000      0.000
    95.000     -5.000      0.000      0.000      0.000      0.000
   100.000     -5.000      0.000      0.000      0.000      0.000
   105.000     -5.000      0.000      0.000      0.000      0.000
   110.000     -5.000      0.000      0.000      0.000      0.000
   115.000     -5.000      0.000      0.000      0.000      0.000
   120.000     -5.000      0.000      0.000      0.000      0.000
   125.000     -5.000      0.000      0.000      0.000      0.000
   130.000     -5.000      0.000      0.000      0.000      0.000
   135.000     -5.000      0.000      0.000      0.000      0.000
   140.000     -5.000      0.000      0.000      0.000      0.000
   145.000     -5.000      0.000      0.000      0.000      0.000
   -25.000      0.000      0.000      0.000      0.000      0.000
   -20.000      0.000      0.000      0.000      0.000      0.000
   -15.000      0.000      0.000      0.000      0.000      0.000
   -10.000      0.000      0.078    -35.199      2.091     27.930
    -5.000      0.000      0.181    -47.838      4.027     24.348
     0.000      0.000      0.298    -51.611      5.432     22.464
     5.000      0.000      0.404    -51.258      6.391     20.346
    10.000      0.000      0.488    -49.401      6.574     15.152
    15.000      0.000      0.544    -46.566      6.698     10.439
    20.000      0.000      0.569    -43.714      6.020      5.995
    25.000      0.000      0.585    -43.609      4.873     -2.863
    30.000      0.000      0.591    -45.120      4.001     -6.300
    35.000      0.000      0.582    -48.632      3.046     -5.604
    40.000      0.000      0.551    -53.193      1.907    -15.725
    45.000      0.000      0.478    -57.799      1.191    -54.198
    50.000      0.000      0.366    -61.336      0.719    -70.590
    55.000      0.000      0.204    -59.371      0.258    -61.834
    60.000      0.000      0.095    -78.141      0.095    -78.141
    65.000      0.000      0.000      0.000      0.000      0.000
    70.000      0.000      0.000      0.000      0.000      0.000
    75.000      0.000      0.000      0.000      0.000      0.000
    80.000      0.000      0.000      0.000      0.000      0.000
    85.000      0.000      0.000      0.000      0.000      0.000
    90.000      0.000      0.000      0.000      0.000      0.000
    95.000      0.000      0.000      0.000      0.000      0.000
   100.000      0.000      0.000      0.000      0.000      0.000
   105.000      0.000      0.000      0.000      0.000      0.000
   110.000      0.000      0.000      0.000      0.000      0.000
   115.000      0.000      0.000      0.000      0.000      0.000
   120.000      0.000      0.000      0.000      0.000      0.000
   125.000      0.000      0.000      0.000      0.000      0.000
   130.000      0.000      0.000      0.000      0.000      0.000
   135.000      0.000      0.000      0.000      0.000      0.000
   140.000      0.000      0.000      0.000      0.000      0.000
   145.000      0.000      0.000      0.000      0.000      0.000
   -25.000      5.000      0.000      0.000      0.000      0.000
   -20.000      5.000      0.000      0.000      0.000      0.000
   -15.000      5.000      0.000      0.000      0.000      0.000
   -10.000      5.000      0.069    -79.980      2.104     39.944
    -5.000      5.000      0.140    -57.964      4.259     33.658
     0.000      5.000      0.222    -49.989      5.734     30.021
     5.000      5.000      0.306    -41.698      6.434     26.973
    10.000      5.000      0.395    -35.771      6.309     23.240
    15.000      5.000      0.469    -31.929      5.860     13.274
    20.000      5.000      0.515    -30.102      5.309      5.145
    25.000      5.000      0.529    -28.761      4.354     -0.793
    30.000      5.000      0.509    -28.569      3.337     -5.324
    35.000      5.000      0.465    -31.243      2.517     -6.386
    40.000      5.000      0.393    -37.812      1.635    -11.739
    45.000      5.000      0.323    -52.367      0.871    -36.358
    50.000      5.000      0.281    -74.455      0.651    -88.676
    55.000      5.000      0.237    -92.912      0.467   -103.269
    60.000      5.000      0.039    -50.465      0.039    -50.465
    65.000      5.000      0.000      0.000      0.000      0.000
    70.000      5.000      0.000      0.000      0.000      0.000
    75.000      5.000      0.000      0.000      0.000      0.000
    80.000      5.000      0.000      0.000      0.000      0.000
    85.000      5.000      0.000      0.000      0.000      0.000
    90.000      5.000      0.000      0.000      0.000      0.000
    95.000      5.000      0.000      0.000      0.000      0.000
   100.000      5.000      0.000      0.000      0.000      0.000
   105.000      5.000      0.000      0.000      0.000      0.000
   110.000      5.000      0.000      0.000      0.000      0.000
   115.000      5.000      0.000      0.000      0.000      0.000
   120.000      5.000      0.000      0.000      0.000      0.000
   125.000      5.000      0.000      0.000      0.000      0.000
   130.000      5.000      0.000      0.000      0.000      0.000
   135.000      5.000      0.000      0.000      0.000      0.000
   140.000      5.000      0.000      0.000      0.000      0.000
   145.000      5.000      0.000      0.000      0.000      0.000
   -25.000     10.000      0.000      0.000      0.000      0.000
   -20.000     10.000      0.000      0.000      0.000      0.000
   -15.000     10.000      0.000      0.000      0.000      0.000
   -10.000     10.000      0.062    -93.737      1.203     38.077
    -5.000     10.000      0.086    -63.453      2.726     37.133
     0.000     10.000      0.134    -42.900      3.735     33.050
     5.000     10.000      0.179    -34.468      4.116     29.972
    10.000     10.000      0.219    -30.655      4.053     28.772
    15.000     10.000      0.258    -24.461      3.504     15.443
    20.000     10.000      0.291    -22.474      3.090      7.206
    25.000     10.000      0.305    -19.302      2.602      1.925
    30.000     10.000      0.305    -18.803      1.989     -6.316
    35.000     10.000      0.284    -20.359      1.603    -12.775
    40.000     10.000      0.231    -28.735      1.070    -27.824
    45.000     10.000      0.173    -48.898      0.563    -23.236
    50.000     10.000      0.157    -87.998      0.179    -38.985
    55.000     10.000      0.199   -119.409      0.245   -120.292
    60.000     10.000      0.028   -100.278      0.028   -100.278
    65.000     10.000      0.000      0.000      0.000      0.000
    70.000     10.000      0.000      0.000      0.000      0.000
    75.000     10.000      0.000      0.000      0.000      0.000
    80.000     10.000      0.000      0.000      0.000      0.000
    85.000     10.000      0.000      0.000      0.000      0.000
    90.000     10.000      0.000      0.000      0.000      0.000
    95.000     10.000      0.000      0.000      0.000      0.000
   100.000     10.000      0.000      0.000      0.000      0.000
   105.000     10.000      0.000      0.000      0.000      0.000
   110.000     10.000      0.000      0.000      0.000      0.000
   115.000     10.000      0.000      0.000      0.000      0.000
   120.000     10.000      0.000      0.000      0.000      0.000
   125.000     10.000      0.000      0.000      0.000      0.000
   130.000     10.000      0.000      0.000      0.000      0.000
   135.000     10.000      0.000      0.000      0.000      0.000
   140.000     10.000      0.000      0.000      0.000      0.000
   145.000     10.000      0.000      0.000      0.000      0.000
   -25.000     15.000      0.000      0.000      0.000      0.000
   -20.000     15.000      0.000      0.000      0.000      0.000
   -15.000     15.000      0.000      0.000      0.000      0.000
   -10.000     15.000      0.000      0.000      0.000      0.000
    -5.000     15.000      0.000      0.000      0.000      0.000
     0.000     15.000      0.000      0.000      0.000      0.000
     5.000     15.000      0.000      0.000      0.000      0.000
    10.000     15.000      0.000      0.000      0.000      0.000
    15.000     15.000      0.000      0.000      0.000      0.000
    20.000     15.000      0.000      0.000      0.000      0.000
    25.000     15.000      0.000      0.000      0.000      0.000
    30.000     15.000      0.000      0.000      0.000      0.000
    35.000     15.000      0.000      0.000      0.000      0.000
    40.000     15.000      0.000      0.000      0.000      0.000
    45.000     15.000      0.000      0.000      0.000      0.000
    50.000     15.000      0.000      0.000      0.000      0.000
    55.000     15.000      0.000      0.000      0.000      0.000
    60.000     15.000      0.000      0.000      0.000      0.000
    65.000     15.000      0.000      0.000      0.000      0.000
    70.000     15.000      0.000      0.000      0.000      0.000
    75.000     15.000      0.000      0.000      0.000      0.000
    80.000     15.000      0.000      0.000      0.000      0.000
    85.000     15.000      0.000      0.000      0.000      0.000
    90.000     15.000      0.000      0.000      0.000      0.000
    95.000     15.000      0.000      0.000      0.000      0.000
   100.000     15.000      0.000      0.000      0.000      0.000
   105.000     15.000      0.000      0.000      0.000      0.000
   110.000     15.000      0.000      0.000      0.000      0.000
   115.000     15.000      0.000      0.000      0.000      0.000
   120.000     15.000      0.000      0.000      0.000      0.000
   125.000     15.000      0.000      0.000      0.000      0.000
   130.000     15.000      0.000      0.000      0.000      0.000
   135.000     15.000      0.000      0.000      0.000      0.000
   140.000     15.000      0.000      0.000      0.000      0.000
   145.000     15.000      0.000      0.000      0.000      0.000
   -25.000     20.000      0.000      0.000      0.000      0.000
   -20.000     20.000      0.000      0.000      0.000      0.000
   -15.000     20.000      0.000      0.000      0.000      0.000
   -10.000     20.000      0.000      0.000      0.000      0.000
    -5.000     20.000      0.000      0.000      0.000      0.000
     0.000     20.000      0.000      0.000      0.000      0.000
     5.000     20.000      0.000      0.000      0.000      0.000
    10.000     20.000      0.000      0.000      0.000      0.000
    15.000     20.000      0.000      0.000      0.000      0.000
    20.000     20.000      0.000      0.000      0.000      0.000
    25.000     20.000      0.000      0.000      0.000      0.000
    30.000     20.000      0.000      0.000      0.000      0.000
    35.000     20.000      0.000      0.000      0.000      0.000
    40.000     20.000      0.000      0.000      0.000      0.000
    45.000     20.000      0.000      0.000      0.000      0.000
    50.000     20.000      0.000      0.000      0.000      0.000
    55.000     20.000      0.000      0.000      0.000      0.000
    60.000     20.000      0.000      0.000      0.000      0.000
    65.000     20.000      0.000      0.000      0.000      0.000
    70.000     20.000      0.000      0.000      0.000      0.000
    75.000     20.000      0.000      0.000      0.000      0.000
    80.000     20.000      0.000      0.000      0.000      0.000
    85.000     20.000      0.000      0.000      0.000      0.000
    90.000     20.000      0.000      0.000      0.000      0.000
    95.000     20.000      0.000      0.000      0.000      0.000
   100.000     20.000      0.000      0.000      0.000      0.000
   105.000     20.000      0.000      0.000      0.000      0.000
   110.000     20.000      0.000      0.000      0.000      0.000
   115.000     20.000      0.000      0.000      0.000      0.000
   120.000     20.000      0.000      0.000      0.000      0.000
   125.000     20.000      0.000      0.000      0.000      0.000
   130.000     20.000      0.000      0.000      0.000      0.000
   135.000     20.000      0.000      0.000      0.000      0.000
   140.000     20.000      0.000      0.000      0.000      0.000
   145.000     20.000      0.000      0.000      0.000      0.000
   -25.000     25.000      0.000      0.000      0.000      0.000
   -20.000     25.000      0.000      0.000      0.000      0.000
   -15.000     25.000      0.000      0.000      0.000      0.000
   -10.000     25.000      0.000      0.000      0.000      0.000
    -5.000     25.000      0.000      0.000      0.000      0.000
     0.000     25.000      0.000      0.000      0.000      0.000
     5.000     25.000      0.000      0.000      0.000      0.000
    10.000     25.000      0.000      0.000      0.000      0.000
    15.000     25.000      0.000      0.000      0.000      0.000
    20.000     25.000      0.000      0.000      0.000      0.000
    25.000     25.000      0.000      0.000      0.000      0.000
    30.000     25.000      0.000      0.000      0.000      0.000
    35.000     25.000      0.000      0.000      0.000      0.000
    40.000     25.000      0.000      0.000      0.000      0.000
    45.000     25.000      0.000      0.000      0.000      0.000
    50.000     25.000      0.000      0.000      0.000      0.000
    55.000     25.000      0.000      0.000      0.000      0.000
    60.000     25.000      0.000      0.000      0.000      0.000
    65.000     25.000      0.000      0.000      0.000      0.000
    70.000     25.000      0.000      0.000      0.000      0.000
    75.000     25.000      0.000      0.000      0.000      0.000
    80.000     25.000      0.000      0.000      0.000      0.000
    85.000     25.000      0.000      0.000      0.000      0.000
    90.000     25.000      0.000      0.000      0.000      0.000
    95.000     25.000      0.000      0.000      0.000      0.000
   100.000     25.000      0.000      0.000      0.000      0.000
   105.000     25.000      0.000      0.000      0.000      0.000
   110.000     25.000      0.000      0.000      0.000      0.000
   115.000     25.000      0.000      0.000      0.000      0.000
   120.000     25.000      0.000      0.000      0.000      0.000
   125.000     25.000      0.000      0.000      0.000      0.000
   130.000     25.000      0.000      0.000      0.000      0.000
   135.000     25.000      0.000      0.000      0.000      0.000
   140.000     25.000      0.000      0.000      0.000      0.000
   145.000     25.000      0.000      0.000      0.000      0.000
