   -25.000    -65.000      0.000      0.000      0.000      0.000
   -20.000    -65.000      0.000      0.000      0.000      0.000
   -15.000    -65.000      0.000      0.000      0.000      0.000
   -10.000    -65.000      0.000      0.000      0.000      0.000
    -5.000    -65.000      0.000      0.000      0.000      0.000
     0.000    -65.000      0.000      0.000      0.000      0.000
     5.000    -65.000      0.000      0.000      0.000      0.000
    10.000    -65.000      0.000      0.000      0.000      0.000
    15.000    -65.000      0.000      0.000      0.000      0.000
    20.000    -65.000      0.000      0.000      0.000      0.000
    25.000    -65.000      0.000      0.000      0.000      0.000
    30.000    -65.000      0.000      0.000      0.000      0.000
    35.000    -65.000      0.000      0.000      0.000      0.000
    40.000    -65.000      0.000      0.000      0.000      0.000
    45.000    -65.000      0.000      0.000      0.000      0.000
    50.000    -65.000      0.000      0.000      0.000      0.000
    55.000    -65.000      0.000      0.000      0.000      0.000
    60.000    -65.000      0.000      0.000      0.000      0.000
    65.000    -65.000      0.000      0.000      0.000      0.000
    70.000    -65.000      0.000      0.000      0.000      0.000
    75.000    -65.000      0.000      0.000      0.000      0.000
    80.000    -65.000      0.000      0.000      0.000      0.000
    85.000    -65.000      0.000      0.000      0.000      0.000
    90.000    -65.000      0.000      0.000      0.000      0.000
    95.000    -65.000      0.000      0.000      0.000      0.000
   100.000    -65.000      0.000      0.000      0.000      0.000
   105.000    -65.000      0.000      0.000      0.000      0.000
   110.000    -65.000      0.000      0.000      0.000      0.000
   115.000    -65.000      0.000      0.000      0.000      0.000
   120.000    -65.000      0.000      0.000      0.000      0.000
   125.000    -65.000      0.000      0.000      0.000      0.000
   130.000    -65.000      0.000      0.000      0.000      0.000
   135.000    -65.000      0.000      0.000      0.000      0.000
   140.000    -65.000      0.000      0.000      0.000      0.000
   145.000    -65.000      0.000      0.000      0.000      0.000
   -25.000    -60.000      0.000      0.000      0.000      0.000
   -20.000    -60.000      0.000      0.000      0.000      0.000
   -15.000    -60.000      0.000      0.000      0.000      0.000
   -10.000    -60.000      0.000      0.000      0.000      0.000
    -5.000    -60.000      0.000      0.000      0.000      0.000
     0.000    -60.000      0.000      0.000      0.000      0.000
     5.000    -60.000      0.000      0.000      0.000      0.000
    10.000    -60.000      0.000      0.000      0.000      0.000
    15.000    -60.000      0.000      0.000      0.000      0.000
    20.000    -60.000      0.000      0.000      0.000      0.000
    25.000    -60.000      0.000      0.000      0.000      0.000
    30.000    -60.000      0.000      0.000      0.000      0.000
    35.000    -60.000      0.000      0.000      0.000      0.000
    40.000    -60.000      0.000      0.000      0.000      0.000
    45.000    -60.000      0.000      0.000      0.000      0.000
    50.000    -60.000      0.000      0.000      0.000      0.000
    55.000    -60.000      0.000      0.000      0.000      0.000
    60.000    -60.000      0.000      0.000      0.000      0.000
    65.000    -60.000      0.000      0.000      0.000      0.000
    70.000    -60.000      0.000      0.000      0.000      0.000
    75.000    -60.000      0.000      0.000      0.000      0.000
    80.000    -60.000      0.000      0.000      0.000      0.000
    85.000    -60.000      0.000      0.000      0.000      0.000
    90.000    -60.000      0.000      0.000      0.000      0.000
    95.000    -60.000      0.000      0.000      0.000      0.000
   100.000    -60.000      0.000      0.000      0.000      0.000
   105.000    -60.000      0.000      0.000      0.000      0.000
   110.000    -60.000      0.000      0.000      0.000      0.000
   115.000    -60.000      0.000      0.000      0.000      0.000
   120.000    -60.000      0.000      0.000      0.000      0.000
   125.000    -60.000      0.000      0.000      0.000      0.000
   130.000    -60.000      0.000      0.000      0.000      0.000
   135.000    -60.000      0.000      0.000      0.000      0.000
   140.000    -60.000      0.000      0.000      0.000      0.000
   145.000    -60.000      0.000      0.000      0.000      0.000
   -25.000    -55.000      0.000      0.000      0.000      0.000
   -20.000    -55.000      0.000      0.000      0.000      0.000
   -15.000    -55.000      0.000      0.000      0.000      0.000
   -10.000    -55.000      0.000      0.000      0.000      0.000
    -5.000    -55.000      0.000      0.000      0.000      0.000
     0.000    -55.000      0.000      0.000      0.000      0.000
     5.000    -55.000      0.000      0.000      0.000      0.000
    10.000    -55.000      0.000      0.000      0.000      0.000
    15.000    -55.000      0.000      0.000      0.000      0.000
    20.000    -55.000      0.000      0.000      0.000      0.000
    25.000    -55.000      0.000      0.000      0.000      0.000
    30.000    -55.000      0.000      0.000      0.000      0.000
    35.000    -55.000      0.000      0.000      0.000      0.000
    40.000    -55.000      0.000      0.000      0.000      0.000
    45.000    -55.000      0.000      0.000      0.000      0.000
    50.000    -55.000      0.000      0.000      0.000      0.000
    55.000    -55.000      0.000      0.000      0.000      0.000
    60.000    -55.000      0.000      0.000      0.000      0.000
    65.000    -55.000      0.000      0.000      0.000      0.000
    70.000    -55.000      0.000      0.000      0.000      0.000
    75.000    -55.000      0.000      0.000      0.000      0.000
    80.000    -55.000      0.000      0.000      0.000      0.000
    85.000    -55.000      0.000      0.000      0.000      0.000
    90.000    -55.000      0.000      0.000      0.000      0.000
    95.000    -55.000      0.000      0.000      0.000      0.000
   100.000    -55.000      0.000      0.000      0.000      0.000
   105.000    -55.000      0.000      0.000      0.000      0.000
   110.000    -55.000      0.000      0.000      0.000      0.000
   115.000    -55.000      0.000      0.000      0.000      0.000
   120.000    -55.000      0.000      0.000      0.000      0.000
   125.000    -55.000      0.000      0.000      0.000      0.000
   130.000    -55.000      0.000      0.000      0.000      0.000
   135.000    -55.000      0.000      0.000      0.000      0.000
   140.000    -55.000      0.000      0.000      0.000      0.000
   145.000    -55.000      0.000      0.000      0.000      0.000
   -25.000    -50.000      0.000      0.000      0.000      0.000
   -20.000    -50.000      0.000      0.000      0.000      0.000
   -15.000    -50.000      0.000      0.000      0.000      0.000
   -10.000    -50.000      0.056   -141.072      0.134    114.956
    -5.000    -50.000      0.083    173.147      0.252    102.861
     0.000    -50.000      0.130    147.590      0.459    116.397
     5.000    -50.000      0.179    132.570      0.841    133.792
    10.000    -50.000      0.215    123.481      1.170    139.836
    15.000    -50.000      0.232    115.760      1.338    134.271
    20.000    -50.000      0.232    107.452      1.596    114.850
    25.000    -50.000      0.215     99.490      1.498    114.390
    30.000    -50.000      0.191     96.487      0.855    125.265
    35.000    -50.000      0.174     97.251      0.382    108.005
    40.000    -50.000      0.163     99.496      0.206    152.796
    45.000    -50.000      0.139    111.913      0.211    132.952
    50.000    -50.000      0.111    136.848      0.239    169.198
    55.000    -50.000      0.005     72.536      0.005     72.536
    60.000    -50.000      0.000      0.000      0.000      0.000
    65.000    -50.000      0.000      0.000      0.000      0.000
    70.000    -50.000      0.000      0.000      0.000      0.000
    75.000    -50.000      0.000      0.000      0.000      0.000
    80.000    -50.000      0.000      0.000      0.000      0.000
    85.000    -50.000      0.000      0.000      0.000      0.000
    90.000    -50.000      0.000      0.000      0.000      0.000
    95.000    -50.000      0.000      0.000      0.000      0.000
   100.000    -50.000      0.000      0.000      0.000      0.000
   105.000    -50.000      0.000      0.000      0.000      0.000
   110.000    -50.000      0.000      0.000      0.000      0.000
   115.000    -50.000      0.000      0.000      0.000      0.000
   120.000    -50.000      0.000      0.000      0.000      0.000
   125.000    -50.000      0.000      0.000      0.000      0.000
   130.000    -50.000      0.000      0.000      0.000      0.000
   135.000    -50.000      0.000      0.000      0.000      0.000
   140.000    -50.000      0.000      0.000      0.000      0.000
   145.000    -50.000      0.000      0.000      0.000      0.000
   -25.000    -45.000      0.000      0.000      0.000      0.000
   -20.000    -45.000      0.000      0.000      0.000      0.000
   -15.000    -45.000      0.000      0.000      0.000      0.000
   -10.000    -45.000      0.098    130.359      0.662   -174.658
    -5.000    -45.000      0.156    139.172      1.146   -168.642
     0.000    -45.000      0.177    135.981      1.349   -169.713
     5.000    -45.000      0.194    130.208      1.525   -174.728
    10.000    -45.000      0.203    126.845      1.725    179.482
    15.000    -45.000      0.221    121.703      1.791    162.034
    20.000    -45.000      0.233    121.062      2.034    130.260
    25.000    -45.000      0.248    117.432      1.976    123.822
    30.000    -45.000      0.238    117.879      1.395    132.959
    35.000    -45.000      0.209    125.642      0.811    154.691
    40.000    -45.000      0.215    139.900      0.573   -171.162
    45.000    -45.000      0.247    155.395      0.580    169.978
    50.000    -45.000      0.270    157.781      0.679    175.163
    55.000    -45.000      0.217    138.030      0.431    122.367
    60.000    -45.000      0.090    130.316      0.090    130.316
    65.000    -45.000      0.000      0.000      0.000      0.000
    70.000    -45.000      0.000      0.000      0.000      0.000
    75.000    -45.000      0.000      0.000      0.000      0.000
    80.000    -45.000      0.000      0.000      0.000      0.000
    85.000    -45.000      0.000      0.000      0.000      0.000
    90.000    -45.000      0.000      0.000      0.000      0.000
    95.000    -45.000      0.000      0.000      0.000      0.000
   100.000    -45.000      0.000      0.000      0.000      0.000
   105.000    -45.000      0.000      0.000      0.000      0.000
   110.000    -45.000      0.000      0.000      0.000      0.000
   115.000    -45.000      0.000      0.000      0.000      0.000
   120.000    -45.000      0.000      0.000      0.000      0.000
   125.000    -45.000      0.000      0.000      0.000      0.000
   130.000    -45.000      0.000      0.000      0.000      0.000
   135.000    -45.000      0.000      0.000      0.000      0.000
   140.000    -45.000      0.000      0.000      0.000      0.000
   145.000    -45.000      0.000      0.000      0.000      0.000
   -25.000    -40.000      0.000      0.000      0.000      0.000
   -20.000    -40.000      0.000      0.000      0.000      0.000
   -15.000    -40.000      0.000      0.000      0.000      0.000
   -10.000    -40.000      0.068    140.609      1.228   -155.359
    -5.000    -40.000      0.110    132.525      1.995   -164.141
     0.000    -40.000      0.136    127.770      2.691   -165.780
     5.000    -40.000      0.151    127.333      3.256   -163.800
    10.000    -40.000      0.169    127.455      3.489   -164.006
    15.000    -40.000      0.180    130.341      3.237   -173.067
    20.000    -40.000      0.184    132.935      2.779    174.582
    25.000    -40.000      0.193    138.181      2.117    158.201
    30.000    -40.000      0.190    157.422      1.683    159.504
    35.000    -40.000      0.224   -175.380      1.272    178.255
    40.000    -40.000      0.285   -166.822      0.898   -164.900
    45.000    -40.000      0.337   -172.490      0.730   -146.233
    50.000    -40.000      0.349    175.822      0.727   -165.149
    55.000    -40.000      0.303    157.831      0.599    135.201
    60.000    -40.000      0.190    163.194      0.217    164.441
    65.000    -40.000      0.067    125.379      0.067    125.379
    70.000    -40.000      0.000      0.000      0.000      0.000
    75.000    -40.000      0.000      0.000      0.000      0.000
    80.000    -40.000      0.000      0.000      0.000      0.000
    85.000    -40.000      0.000      0.000      0.000      0.000
    90.000    -40.000      0.000      0.000      0.000      0.000
    95.000    -40.000      0.000      0.000      0.000      0.000
   100.000    -40.000      0.000      0.000      0.000      0.000
   105.000    -40.000      0.000      0.000      0.000      0.000
   110.000    -40.000      0.000      0.000      0.000      0.000
   115.000    -40.000      0.000      0.000      0.000      0.000
   120.000    -40.000      0.000      0.000      0.000      0.000
   125.000    -40.000      0.000      0.000      0.000      0.000
   130.000    -40.000      0.000      0.000      0.000      0.000
   135.000    -40.000      0.000      0.000      0.000      0.000
   140.000    -40.000      0.000      0.000      0.000      0.000
   145.000    -40.000      0.000      0.000      0.000      0.000
   -25.000    -35.000      0.000      0.000      0.000      0.000
   -20.000    -35.000      0.000      0.000      0.000      0.000
   -15.000    -35.000      0.000      0.000      0.000      0.000
   -10.000    -35.000      0.040   -147.420      1.750   -160.495
    -5.000    -35.000      0.061    162.797      2.985   -159.449
     0.000    -35.000      0.088    145.877      3.906   -154.584
     5.000    -35.000      0.107    135.469      4.520   -149.841
    10.000    -35.000      0.118    135.510      4.576   -150.547
    15.000    -35.000      0.119    150.457      4.188   -157.631
    20.000    -35.000      0.132    175.906      3.698   -159.676
    25.000    -35.000      0.177   -157.822      2.698   -162.587
    30.000    -35.000      0.243   -142.273      2.133   -159.784
    35.000    -35.000      0.333   -132.173      1.904   -157.351
    40.000    -35.000      0.387   -132.102      1.538   -150.753
    45.000    -35.000      0.371   -141.301      1.422   -128.038
    50.000    -35.000      0.336   -158.901      0.906   -137.556
    55.000    -35.000      0.279    174.509      0.521    162.166
    60.000    -35.000      0.214    158.146      0.283    144.528
    65.000    -35.000      0.046   -153.267      0.046   -153.267
    70.000    -35.000      0.000      0.000      0.000      0.000
    75.000    -35.000      0.000      0.000      0.000      0.000
    80.000    -35.000      0.000      0.000      0.000      0.000
    85.000    -35.000      0.000      0.000      0.000      0.000
    90.000    -35.000      0.000      0.000      0.000      0.000
    95.000    -35.000      0.000      0.000      0.000      0.000
   100.000    -35.000      0.000      0.000      0.000      0.000
   105.000    -35.000      0.000      0.000      0.000      0.000
   110.000    -35.000      0.000      0.000      0.000      0.000
   115.000    -35.000      0.000      0.000      0.000      0.000
   120.000    -35.000      0.000      0.000      0.000      0.000
   125.000    -35.000      0.000      0.000      0.000      0.000
   130.000    -35.000      0.000      0.000      0.000      0.000
   135.000    -35.000      0.000      0.000      0.000      0.000
   140.000    -35.000      0.000      0.000      0.000      0.000
   145.000    -35.000      0.000      0.000      0.000      0.000
   -25.000    -30.000      0.000      0.000      0.000      0.000
   -20.000    -30.000      0.000      0.000      0.000      0.000
   -15.000    -30.000      0.000      0.000      0.000      0.000
   -10.000    -30.000      0.024    103.535      1.939   -163.768
    -5.000    -30.000      0.082    149.092      3.367   -158.158
     0.000    -30.000      0.138    172.459      4.509   -148.429
     5.000    -30.000      0.156   -173.380      5.299   -141.559
    10.000    -30.000      0.165   -153.986      5.443   -139.487
    15.000    -30.000      0.197   -133.511      4.994   -140.265
    20.000    -30.000      0.281   -118.264      4.234   -138.977
    25.000    -30.000      0.367   -110.927      3.500   -139.200
    30.000    -30.000      0.450   -106.386      2.976   -136.678
    35.000    -30.000      0.495   -105.169      2.830   -126.769
    40.000    -30.000      0.497   -107.674      2.042   -126.076
    45.000    -30.000      0.444   -116.002      1.717   -118.525
    50.000    -30.000      0.356   -132.082      1.391   -126.752
    55.000    -30.000      0.282   -164.104      0.798   -164.707
    60.000    -30.000      0.286    159.229      0.639    162.467
    65.000    -30.000      0.259    131.195      0.309    129.933
    70.000    -30.000      0.078    119.119      0.078    119.119
    75.000    -30.000      0.000      0.000      0.000      0.000
    80.000    -30.000      0.000      0.000      0.000      0.000
    85.000    -30.000      0.000      0.000      0.000      0.000
    90.000    -30.000      0.000      0.000      0.000      0.000
    95.000    -30.000      0.000      0.000      0.000      0.000
   100.000    -30.000      0.000      0.000      0.000      0.000
   105.000    -30.000      0.000      0.000      0.000      0.000
   110.000    -30.000      0.000      0.000      0.000      0.000
   115.000    -30.000      0.000      0.000      0.000      0.000
   120.000    -30.000      0.000      0.000      0.000      0.000
   125.000    -30.000      0.000      0.000      0.000      0.000
   130.000    -30.000      0.000      0.000      0.000      0.000
   135.000    -30.000      0.000      0.000      0.000      0.000
   140.000    -30.000      0.000      0.000      0.000      0.000
   145.000    -30.000      0.000      0.000      0.000      0.000
   -25.000    -25.000      0.000      0.000      0.000      0.000
   -20.000    -25.000      0.000      0.000      0.000      0.000
   -15.000    -25.000      0.000      0.000      0.000      0.000
   -10.000    -25.000      0.122    124.161      2.245   -158.780
    -5.000    -25.000      0.146    149.198      3.910   -151.875
     0.000    -25.000      0.173    174.817      4.968   -142.479
     5.000    -25.000      0.207   -161.946      5.442   -134.091
    10.000    -25.000      0.257   -138.782      5.387   -129.368
    15.000    -25.000      0.336   -120.626      5.067   -127.989
    20.000    -25.000      0.448   -107.348      4.402   -122.075
    25.000    -25.000      0.539    -99.077      4.061   -118.936
    30.000    -25.000      0.603    -94.152      3.788   -113.707
    35.000    -25.000      0.634    -93.796      3.544   -106.611
    40.000    -25.000      0.610    -97.080      2.901   -103.860
    45.000    -25.000      0.539   -105.469      2.386    -99.353
    50.000    -25.000      0.414   -122.098      1.538   -111.419
    55.000    -25.000      0.348   -152.682      0.910   -142.434
    60.000    -25.000      0.368    174.231      0.758    171.528
    65.000    -25.000      0.341    152.806      0.623    152.631
    70.000    -25.000      0.112    106.185      0.112    106.185
    75.000    -25.000      0.000      0.000      0.000      0.000
    80.000    -25.000      0.000      0.000      0.000      0.000
    85.000    -25.000      0.000      0.000      0.000      0.000
    90.000    -25.000      0.000      0.000      0.000      0.000
    95.000    -25.000      0.000      0.000      0.000      0.000
   100.000    -25.000      0.000      0.000      0.000      0.000
   105.000    -25.000      0.000      0.000      0.000      0.000
   110.000    -25.000      0.000      0.000      0.000      0.000
   115.000    -25.000      0.000      0.000      0.000      0.000
   120.000    -25.000      0.000      0.000      0.000      0.000
   125.000    -25.000      0.000      0.000      0.000      0.000
   130.000    -25.000      0.000      0.000      0.000      0.000
   135.000    -25.000      0.000      0.000      0.000      0.000
   140.000    -25.000      0.000      0.000      0.000      0.000
   145.000    -25.000      0.000      0.000      0.000      0.000
   -25.000    -20.000      0.000      0.000      0.000      0.000
   -20.000    -20.000      0.000      0.000      0.000      0.000
   -15.000    -20.000      0.000      0.000      0.000      0.000
   -10.000    -20.000      0.094   -176.823      1.824   -137.185
    -5.000    -20.000      0.151   -167.751      3.314   -138.293
     0.000    -20.000      0.195   -150.071      4.323   -134.149
     5.000    -20.000      0.258   -132.528      4.699   -126.210
    10.000    -20.000      0.340   -118.162      4.555   -118.659
    15.000    -20.000      0.429   -108.469      4.091   -112.370
    20.000    -20.000      0.544   -100.718      3.810    -98.273
    25.000    -20.000      0.658    -96.461      4.091    -92.595
    30.000    -20.000      0.754    -94.043      4.558    -90.385
    35.000    -20.000      0.791    -93.569      4.399    -88.465
    40.000    -20.000      0.771    -94.429      3.937    -85.536
    45.000    -20.000      0.681    -97.660      3.475    -81.699
    50.000    -20.000      0.532   -105.115      2.053    -89.246
    55.000    -20.000      0.354   -122.267      0.846    -93.815
    60.000    -20.000      0.242   -164.063      0.280   -169.156
    65.000    -20.000      0.241    158.292      0.357    153.965
    70.000    -20.000      0.145    140.582      0.171    138.069
    75.000    -20.000      0.000      0.000      0.000      0.000
    80.000    -20.000      0.000      0.000      0.000      0.000
    85.000    -20.000      0.000      0.000      0.000      0.000
    90.000    -20.000      0.000      0.000      0.000      0.000
    95.000    -20.000      0.000      0.000      0.000      0.000
   100.000    -20.000      0.000      0.000      0.000      0.000
   105.000    -20.000      0.000      0.000      0.000      0.000
   110.000    -20.000      0.000      0.000      0.000      0.000
   115.000    -20.000      0.000      0.000      0.000      0.000
   120.000    -20.000      0.000      0.000      0.000      0.000
   125.000    -20.000      0.000      0.000      0.000      0.000
   130.000    -20.000      0.000      0.000      0.000      0.000
   135.000    -20.000      0.000      0.000      0.000      0.000
   140.000    -20.000      0.000      0.000      0.000      0.000
   145.000    -20.000      0.000      0.000      0.000      0.000
   -25.000    -15.000      0.000      0.000      0.000      0.000
   -20.000    -15.000      0.000      0.000      0.000      0.000
   -15.000    -15.000      0.000      0.000      0.000      0.000
   -10.000    -15.000      0.076   -122.683      1.320   -114.533
    -5.000    -15.000      0.169   -121.511      2.477   -110.280
     0.000    -15.000      0.285   -119.177      3.119   -105.096
     5.000    -15.000      0.381   -115.465      3.457    -97.498
    10.000    -15.000      0.466   -110.312      3.464    -89.403
    15.000    -15.000      0.547   -105.855      3.416    -78.478
    20.000    -15.000      0.638   -101.853      3.729    -67.337
    25.000    -15.000      0.718    -98.336      4.212    -65.807
    30.000    -15.000      0.776    -94.385      4.895    -67.993
    35.000    -15.000      0.813    -91.236      5.177    -72.036
    40.000    -15.000      0.806    -88.954      4.616    -76.043
    45.000    -15.000      0.729    -87.509      4.030    -73.613
    50.000    -15.000      0.597    -87.519      2.928    -76.173
    55.000    -15.000      0.434    -88.426      1.331    -75.838
    60.000    -15.000      0.252    -94.424      0.473    -90.908
    65.000    -15.000      0.108   -115.150      0.155    -98.144
    70.000    -15.000      0.059   -128.747      0.065   -129.292
    75.000    -15.000      0.000      0.000      0.000      0.000
    80.000    -15.000      0.000      0.000      0.000      0.000
    85.000    -15.000      0.000      0.000      0.000      0.000
    90.000    -15.000      0.000      0.000      0.000      0.000
    95.000    -15.000      0.000      0.000      0.000      0.000
   100.000    -15.000      0.000      0.000      0.000      0.000
   105.000    -15.000      0.000      0.000      0.000      0.000
   110.000    -15.000      0.000      0.000      0.000      0.000
   115.000    -15.000      0.000      0.000      0.000      0.000
   120.000    -15.000      0.000      0.000      0.000      0.000
   125.000    -15.000      0.000      0.000      0.000      0.000
   130.000    -15.000      0.000      0.000      0.000      0.000
   135.000    -15.000      0.000      0.000      0.000      0.000
   140.000    -15.000      0.000      0.000      0.000      0.000
   145.000    -15.000      0.000      0.000      0.000      0.000
   -25.000    -10.000      0.000      0.000      0.000      0.000
   -20.000    -10.000      0.000      0.000      0.000      0.000
   -15.000    -10.000      0.000      0.000      0.000      0.000
   -10.000    -10.000      0.052   -118.133      0.642    -65.393
    -5.000    -10.000      0.161   -123.686      1.653    -56.355
     0.000    -10.000      0.283   -119.945      2.541    -47.450
     5.000    -10.000      0.393   -114.244      3.457    -43.270
    10.000    -10.000      0.503   -107.975      3.976    -42.789
    15.000    -10.000      0.611   -102.582      4.201    -39.194
    20.000    -10.000      0.715    -97.910      4.788    -38.130
    25.000    -10.000      0.800    -93.579      5.291    -43.252
    30.000    -10.000      0.847    -89.864      5.501    -46.757
    35.000    -10.000      0.870    -86.119      5.502    -55.160
    40.000    -10.000      0.856    -82.550      5.119    -66.135
    45.000    -10.000      0.811    -80.273      4.615    -70.531
    50.000    -10.000      0.697    -79.518      3.431    -72.435
    55.000    -10.000      0.534    -78.313      2.209    -79.009
    60.000    -10.000      0.362    -79.749      0.936    -77.826
    65.000    -10.000      0.207    -86.374      0.397    -88.853
    70.000    -10.000      0.094   -112.689      0.107   -113.452
    75.000    -10.000      0.000      0.000      0.000      0.000
    80.000    -10.000      0.000      0.000      0.000      0.000
    85.000    -10.000      0.000      0.000      0.000      0.000
    90.000    -10.000      0.000      0.000      0.000      0.000
    95.000    -10.000      0.000      0.000      0.000      0.000
   100.000    -10.000      0.000      0.000      0.000      0.000
   105.000    -10.000      0.000      0.000      0.000      0.000
   110.000    -10.000      0.000      0.000      0.000      0.000
   115.000    -10.000      0.000      0.000      0.000      0.000
   120.000    -10.000      0.000      0.000      0.000      0.000
   125.000    -10.000      0.000      0.000      0.000      0.000
   130.000    -10.000      0.000      0.000      0.000      0.000
   135.000    -10.000      0.000      0.000      0.000      0.000
   140.000    -10.000      0.000      0.000      0.000      0.000
   145.000    -10.000      0.000      0.000      0.000      0.000
   -25.000     -5.000      0.000      0.000      0.000      0.000
   -20.000     -5.000      0.000      0.000      0.000      0.000
   -15.000     -5.000      0.000      0.000      0.000      0.000
   -10.000     -5.000      0.088   -132.910      1.269      4.146
    -5.000     -5.000      0.175   -134.047      2.473     -1.170
     0.000     -5.000      0.254   -125.481      3.680     -5.670
     5.000     -5.000      0.338   -114.609      4.828    -10.856
    10.000     -5.000      0.433   -104.902      5.568    -13.862
    15.000     -5.000      0.547    -97.382      6.042    -15.567
    20.000     -5.000      0.665    -91.082      6.125    -23.402
    25.000     -5.000      0.778    -85.965      6.285    -32.208
    30.000     -5.000      0.848    -82.460      6.116    -35.514
    35.000     -5.000      0.896    -80.424      5.702    -44.279
    40.000     -5.000      0.912    -79.279      5.023    -57.171
    45.000     -5.000      0.878    -78.997      4.694    -68.374
    50.000     -5.000      0.804    -79.506      3.573    -68.806
    55.000     -5.000      0.670    -79.274      2.450    -71.095
    60.000     -5.000      0.511    -79.379      1.498    -76.947
    65.000     -5.000      0.325    -78.601      0.509    -69.165
    70.000     -5.000      0.115    -72.672      0.135    -70.834
    75.000     -5.000      0.000      0.000      0.000      0.000
    80.000     -5.000      0.000      0.000      0.000      0.000
    85.000     -5.000      0.000      0.000      0.000      0.000
    90.000     -5.000      0.000      0.000      0.000      0.000
    95.000     -5.000      0.000      0.000      0.000      0.000
   100.000     -5.000      0.000      0.000      0.000      0.000
   105.000     -5.000      0.000      0.000      0.000      0.000
   110.000     -5.000      0.000      0.000      0.000      0.000
   115.000     -5.000      0.000      0.000      0.000      0.000
   120.000     -5.000      0.000      0.000      0.000      0.000
   125.000     -5.000      0.000      0.000      0.000      0.000
   130.000     -5.000      0.000      0.000      0.000      0.000
   135.000     -5.000      0.000      0.000      0.000      0.000
   140.000     -5.000      0.000      0.000      0.000      0.000
   145.000     -5.000      0.000      0.000      0.000      0.000
   -25.000      0.000      0.000      0.000      0.000      0.000
   -20.000      0.000      0.000      0.000      0.000      0.000
   -15.000      0.000      0.000      0.000      0.000      0.000
   -10.000      0.000      0.097   -145.605      1.782     19.838
    -5.000      0.000      0.188   -130.766      3.554     15.845
     0.000      0.000      0.267   -119.762      4.945     12.981
     5.000      0.000      0.329   -110.722      6.023      9.407
    10.000      0.000      0.399   -101.359      6.511      1.697
    15.000      0.000      0.489    -92.577      7.026     -4.909
    20.000      0.000      0.583    -85.541      6.815    -12.587
    25.000      0.000      0.682    -81.512      6.325    -24.743
    30.000      0.000      0.775    -79.314      5.888    -31.816
    35.000      0.000      0.852    -78.294      5.215    -37.424
    40.000      0.000      0.881    -77.997      4.570    -49.777
    45.000      0.000      0.869    -78.303      4.259    -66.062
    50.000      0.000      0.821    -78.898      3.570    -72.191
    55.000      0.000      0.730    -79.117      2.678    -73.729
    60.000      0.000      0.592    -77.840      1.926    -76.952
    65.000      0.000      0.419    -74.632      0.816    -77.178
    70.000      0.000      0.216    -69.212      0.260    -69.428
    75.000      0.000      0.000      0.000      0.000      0.000
    80.000      0.000      0.000      0.000      0.000      0.000
    85.000      0.000      0.000      0.000      0.000      0.000
    90.000      0.000      0.000      0.000      0.000      0.000
    95.000      0.000      0.000      0.000      0.000      0.000
   100.000      0.000      0.000      0.000      0.000      0.000
   105.000      0.000      0.000      0.000      0.000      0.000
   110.000      0.000      0.000      0.000      0.000      0.000
   115.000      0.000      0.000      0.000      0.000      0.000
   120.000      0.000      0.000      0.000      0.000      0.000
   125.000      0.000      0.000      0.000      0.000      0.000
   130.000      0.000      0.000      0.000      0.000      0.000
   135.000      0.000      0.000      0.000      0.000      0.000
   140.000      0.000      0.000      0.000      0.000      0.000
   145.000      0.000      0.000      0.000      0.000      0.000
   -25.000      5.000      0.000      0.000      0.000      0.000
   -20.000      5.000      0.000      0.000      0.000      0.000
   -15.000      5.000      0.000      0.000      0.000      0.000
   -10.000      5.000      0.094   -154.377      1.861     33.496
    -5.000      5.000      0.157   -133.848      3.892     26.729
     0.000      5.000      0.221   -116.734      5.372     22.023
     5.000      5.000      0.291   -103.850      6.174     17.296
    10.000      5.000      0.364    -94.277      6.248     11.060
    15.000      5.000      0.448    -88.106      6.219     -1.363
    20.000      5.000      0.536    -84.871      6.088    -11.469
    25.000      5.000      0.609    -82.719      5.509    -20.552
    30.000      5.000      0.677    -80.678      4.823    -29.317
    35.000      5.000      0.727    -78.640      4.217    -36.035
    40.000      5.000      0.766    -77.539      3.627    -46.987
    45.000      5.000      0.770    -76.906      3.223    -62.699
    50.000      5.000      0.728    -77.360      2.973    -77.657
    55.000      5.000      0.635    -79.461      2.467    -82.161
    60.000      5.000      0.511    -81.383      1.584    -77.321
    65.000      5.000      0.349    -81.897      0.846    -81.004
    70.000      5.000      0.122    -75.361      0.140    -73.731
    75.000      5.000      0.000      0.000      0.000      0.000
    80.000      5.000      0.000      0.000      0.000      0.000
    85.000      5.000      0.000      0.000      0.000      0.000
    90.000      5.000      0.000      0.000      0.000      0.000
    95.000      5.000      0.000      0.000      0.000      0.000
   100.000      5.000      0.000      0.000      0.000      0.000
   105.000      5.000      0.000      0.000      0.000      0.000
   110.000      5.000      0.000      0.000      0.000      0.000
   115.000      5.000      0.000      0.000      0.000      0.000
   120.000      5.000      0.000      0.000      0.000      0.000
   125.000      5.000      0.000      0.000      0.000      0.000
   130.000      5.000      0.000      0.000      0.000      0.000
   135.000      5.000      0.000      0.000      0.000      0.000
   140.000      5.000      0.000      0.000      0.000      0.000
   145.000      5.000      0.000      0.000      0.000      0.000
   -25.000     10.000      0.000      0.000      0.000      0.000
   -20.000     10.000      0.000      0.000      0.000      0.000
   -15.000     10.000      0.000      0.000      0.000      0.000
   -10.000     10.000      0.066   -111.893      1.096     30.499
    -5.000     10.000      0.105   -112.449      2.542     30.547
     0.000     10.000      0.143   -107.500      3.560     25.675
     5.000     10.000      0.183   -101.276      4.003     20.995
    10.000     10.000      0.218    -94.373      4.023     17.672
    15.000     10.000      0.278    -90.166      3.764      1.478
    20.000     10.000      0.330    -86.575      3.582     -8.811
    25.000     10.000      0.376    -82.436      3.277    -16.721
    30.000     10.000      0.411    -80.043      2.864    -27.740
    35.000     10.000      0.429    -79.329      2.600    -36.332
    40.000     10.000      0.421    -79.181      2.250    -50.970
    45.000     10.000      0.396    -78.270      1.759    -59.568
    50.000     10.000      0.361    -76.447      1.459    -74.466
    55.000     10.000      0.317    -74.476      1.406    -89.269
    60.000     10.000      0.263    -76.826      0.971    -84.384
    65.000     10.000      0.172    -85.054      0.632    -93.332
    70.000     10.000      0.023   -144.573      0.027   -150.368
    75.000     10.000      0.000      0.000      0.000      0.000
    80.000     10.000      0.000      0.000      0.000      0.000
    85.000     10.000      0.000      0.000      0.000      0.000
    90.000     10.000      0.000      0.000      0.000      0.000
    95.000     10.000      0.000      0.000      0.000      0.000
   100.000     10.000      0.000      0.000      0.000      0.000
   105.000     10.000      0.000      0.000      0.000      0.000
   110.000     10.000      0.000      0.000      0.000      0.000
   115.000     10.000      0.000      0.000      0.000      0.000
   120.000     10.000      0.000      0.000      0.000      0.000
   125.000     10.000      0.000      0.000      0.000      0.000
   130.000     10.000      0.000      0.000      0.000      0.000
   135.000     10.000      0.000      0.000      0.000      0.000
   140.000     10.000      0.000      0.000      0.000      0.000
   145.000     10.000      0.000      0.000      0.000      0.000
   -25.000     15.000      0.000      0.000      0.000      0.000
   -20.000     15.000      0.000      0.000      0.000      0.000
   -15.000     15.000      0.000      0.000      0.000      0.000
   -10.000     15.000      0.000      0.000      0.000      0.000
    -5.000     15.000      0.000      0.000      0.000      0.000
     0.000     15.000      0.000      0.000      0.000      0.000
     5.000     15.000      0.000      0.000      0.000      0.000
    10.000     15.000      0.000      0.000      0.000      0.000
    15.000     15.000      0.000      0.000      0.000      0.000
    20.000     15.000      0.000      0.000      0.000      0.000
    25.000     15.000      0.000      0.000      0.000      0.000
    30.000     15.000      0.000      0.000      0.000      0.000
    35.000     15.000      0.000      0.000      0.000      0.000
    40.000     15.000      0.000      0.000      0.000      0.000
    45.000     15.000      0.000      0.000      0.000      0.000
    50.000     15.000      0.000      0.000      0.000      0.000
    55.000     15.000      0.000      0.000      0.000      0.000
    60.000     15.000      0.000      0.000      0.000      0.000
    65.000     15.000      0.000      0.000      0.000      0.000
    70.000     15.000      0.000      0.000      0.000      0.000
    75.000     15.000      0.000      0.000      0.000      0.000
    80.000     15.000      0.000      0.000      0.000      0.000
    85.000     15.000      0.000      0.000      0.000      0.000
    90.000     15.000      0.000      0.000      0.000      0.000
    95.000     15.000      0.000      0.000      0.000      0.000
   100.000     15.000      0.000      0.000      0.000      0.000
   105.000     15.000      0.000      0.000      0.000      0.000
   110.000     15.000      0.000      0.000      0.000      0.000
   115.000     15.000      0.000      0.000      0.000      0.000
   120.000     15.000      0.000      0.000      0.000      0.000
   125.000     15.000      0.000      0.000      0.000      0.000
   130.000     15.000      0.000      0.000      0.000      0.000
   135.000     15.000      0.000      0.000      0.000      0.000
   140.000     15.000      0.000      0.000      0.000      0.000
   145.000     15.000      0.000      0.000      0.000      0.000
   -25.000     20.000      0.000      0.000      0.000      0.000
   -20.000     20.000      0.000      0.000      0.000      0.000
   -15.000     20.000      0.000      0.000      0.000      0.000
   -10.000     20.000      0.000      0.000      0.000      0.000
    -5.000     20.000      0.000      0.000      0.000      0.000
     0.000     20.000      0.000      0.000      0.000      0.000
     5.000     20.000      0.000      0.000      0.000      0.000
    10.000     20.000      0.000      0.000      0.000      0.000
    15.000     20.000      0.000      0.000      0.000      0.000
    20.000     20.000      0.000      0.000      0.000      0.000
    25.000     20.000      0.000      0.000      0.000      0.000
    30.000     20.000      0.000      0.000      0.000      0.000
    35.000     20.000      0.000      0.000      0.000      0.000
    40.000     20.000      0.000      0.000      0.000      0.000
    45.000     20.000      0.000      0.000      0.000      0.000
    50.000     20.000      0.000      0.000      0.000      0.000
    55.000     20.000      0.000      0.000      0.000      0.000
    60.000     20.000      0.000      0.000      0.000      0.000
    65.000     20.000      0.000      0.000      0.000      0.000
    70.000     20.000      0.000      0.000      0.000      0.000
    75.000     20.000      0.000      0.000      0.000      0.000
    80.000     20.000      0.000      0.000      0.000      0.000
    85.000     20.000      0.000      0.000      0.000      0.000
    90.000     20.000      0.000      0.000      0.000      0.000
    95.000     20.000      0.000      0.000      0.000      0.000
   100.000     20.000      0.000      0.000      0.000      0.000
   105.000     20.000      0.000      0.000      0.000      0.000
   110.000     20.000      0.000      0.000      0.000      0.000
   115.000     20.000      0.000      0.000      0.000      0.000
   120.000     20.000      0.000      0.000      0.000      0.000
   125.000     20.000      0.000      0.000      0.000      0.000
   130.000     20.000      0.000      0.000      0.000      0.000
   135.000     20.000      0.000      0.000      0.000      0.000
   140.000     20.000      0.000      0.000      0.000      0.000
   145.000     20.000      0.000      0.000      0.000      0.000
   -25.000     25.000      0.000      0.000      0.000      0.000
   -20.000     25.000      0.000      0.000      0.000      0.000
   -15.000     25.000      0.000      0.000      0.000      0.000
   -10.000     25.000      0.000      0.000      0.000      0.000
    -5.000     25.000      0.000      0.000      0.000      0.000
     0.000     25.000      0.000      0.000      0.000      0.000
     5.000     25.000      0.000      0.000      0.000      0.000
    10.000     25.000      0.000      0.000      0.000      0.000
    15.000     25.000      0.000      0.000      0.000      0.000
    20.000     25.000      0.000      0.000      0.000      0.000
    25.000     25.000      0.000      0.000      0.000      0.000
    30.000     25.000      0.000      0.000      0.000      0.000
    35.000     25.000      0.000      0.000      0.000      0.000
    40.000     25.000      0.000      0.000      0.000      0.000
    45.000     25.000      0.000      0.000      0.000      0.000
    50.000     25.000      0.000      0.000      0.000      0.000
    55.000     25.000      0.000      0.000      0.000      0.000
    60.000     25.000      0.000      0.000      0.000      0.000
    65.000     25.000      0.000      0.000      0.000      0.000
    70.000     25.000      0.000      0.000      0.000      0.000
    75.000     25.000      0.000      0.000      0.000      0.000
    80.000     25.000      0.000      0.000      0.000      0.000
    85.000     25.000      0.000      0.000      0.000      0.000
    90.000     25.000      0.000      0.000      0.000      0.000
    95.000     25.000      0.000      0.000      0.000      0.000
   100.000     25.000      0.000      0.000      0.000      0.000
   105.000     25.000      0.000      0.000      0.000      0.000
   110.000     25.000      0.000      0.000      0.000      0.000
   115.000     25.000      0.000      0.000      0.000      0.000
   120.000     25.000      0.000      0.000      0.000      0.000
   125.000     25.000      0.000      0.000      0.000      0.000
   130.000     25.000      0.000      0.000      0.000      0.000
   135.000     25.000      0.000      0.000      0.000      0.000
   140.000     25.000      0.000      0.000      0.000      0.000
   145.000     25.000      0.000      0.000      0.000      0.000
