   -25.000    -45.000      0.000      0.000      0.000      0.000
   -20.000    -45.000      0.000      0.000      0.000      0.000
   -15.000    -45.000      0.000      0.000      0.000      0.000
   -10.000    -45.000      0.000      0.000      0.000      0.000
    -5.000    -45.000      0.000      0.000      0.000      0.000
     0.000    -45.000      0.000      0.000      0.000      0.000
     5.000    -45.000      0.000      0.000      0.000      0.000
    10.000    -45.000      0.000      0.000      0.000      0.000
    15.000    -45.000      0.000      0.000      0.000      0.000
    20.000    -45.000      0.000      0.000      0.000      0.000
    25.000    -45.000      0.000      0.000      0.000      0.000
    30.000    -45.000      0.000      0.000      0.000      0.000
    35.000    -45.000      0.000      0.000      0.000      0.000
    40.000    -45.000      0.000      0.000      0.000      0.000
    45.000    -45.000      0.000      0.000      0.000      0.000
    50.000    -45.000      0.000      0.000      0.000      0.000
    55.000    -45.000      0.000      0.000      0.000      0.000
    60.000    -45.000      0.000      0.000      0.000      0.000
    65.000    -45.000      0.000      0.000      0.000      0.000
    70.000    -45.000      0.000      0.000      0.000      0.000
    75.000    -45.000      0.000      0.000      0.000      0.000
    80.000    -45.000      0.000      0.000      0.000      0.000
    85.000    -45.000      0.000      0.000      0.000      0.000
    90.000    -45.000      0.000      0.000      0.000      0.000
    95.000    -45.000      0.000      0.000      0.000      0.000
   100.000    -45.000      0.000      0.000      0.000      0.000
   105.000    -45.000      0.000      0.000      0.000      0.000
   110.000    -45.000      0.000      0.000      0.000      0.000
   115.000    -45.000      0.000      0.000      0.000      0.000
   120.000    -45.000      0.000      0.000      0.000      0.000
   125.000    -45.000      0.000      0.000      0.000      0.000
   130.000    -45.000      0.000      0.000      0.000      0.000
   135.000    -45.000      0.000      0.000      0.000      0.000
   140.000    -45.000      0.000      0.000      0.000      0.000
   145.000    -45.000      0.000      0.000      0.000      0.000
   -25.000    -40.000      0.000      0.000      0.000      0.000
   -20.000    -40.000      0.000      0.000      0.000      0.000
   -15.000    -40.000      0.000      0.000      0.000      0.000
   -10.000    -40.000      0.000      0.000      0.000      0.000
    -5.000    -40.000      0.000      0.000      0.000      0.000
     0.000    -40.000      0.000      0.000      0.000      0.000
     5.000    -40.000      0.000      0.000      0.000      0.000
    10.000    -40.000      0.000      0.000      0.000      0.000
    15.000    -40.000      0.000      0.000      0.000      0.000
    20.000    -40.000      0.000      0.000      0.000      0.000
    25.000    -40.000      0.000      0.000      0.000      0.000
    30.000    -40.000      0.000      0.000      0.000      0.000
    35.000    -40.000      0.000      0.000      0.000      0.000
    40.000    -40.000      0.000      0.000      0.000      0.000
    45.000    -40.000      0.000      0.000      0.000      0.000
    50.000    -40.000      0.000      0.000      0.000      0.000
    55.000    -40.000      0.000      0.000      0.000      0.000
    60.000    -40.000      0.000      0.000      0.000      0.000
    65.000    -40.000      0.000      0.000      0.000      0.000
    70.000    -40.000      0.000      0.000      0.000      0.000
    75.000    -40.000      0.000      0.000      0.000      0.000
    80.000    -40.000      0.000      0.000      0.000      0.000
    85.000    -40.000      0.000      0.000      0.000      0.000
    90.000    -40.000      0.000      0.000      0.000      0.000
    95.000    -40.000      0.000      0.000      0.000      0.000
   100.000    -40.000      0.000      0.000      0.000      0.000
   105.000    -40.000      0.000      0.000      0.000      0.000
   110.000    -40.000      0.000      0.000      0.000      0.000
   115.000    -40.000      0.000      0.000      0.000      0.000
   120.000    -40.000      0.000      0.000      0.000      0.000
   125.000    -40.000      0.000      0.000      0.000      0.000
   130.000    -40.000      0.000      0.000      0.000      0.000
   135.000    -40.000      0.000      0.000      0.000      0.000
   140.000    -40.000      0.000      0.000      0.000      0.000
   145.000    -40.000      0.000      0.000      0.000      0.000
   -25.000    -35.000      0.000      0.000      0.000      0.000
   -20.000    -35.000      0.000      0.000      0.000      0.000
   -15.000    -35.000      0.000      0.000      0.000      0.000
   -10.000    -35.000      0.000      0.000      0.000      0.000
    -5.000    -35.000      0.000      0.000      0.000      0.000
     0.000    -35.000      0.000      0.000      0.000      0.000
     5.000    -35.000      0.000      0.000      0.000      0.000
    10.000    -35.000      0.000      0.000      0.000      0.000
    15.000    -35.000      0.000      0.000      0.000      0.000
    20.000    -35.000      0.000      0.000      0.000      0.000
    25.000    -35.000      0.000      0.000      0.000      0.000
    30.000    -35.000      0.000      0.000      0.000      0.000
    35.000    -35.000      0.000      0.000      0.000      0.000
    40.000    -35.000      0.000      0.000      0.000      0.000
    45.000    -35.000      0.000      0.000      0.000      0.000
    50.000    -35.000      0.000      0.000      0.000      0.000
    55.000    -35.000      0.000      0.000      0.000      0.000
    60.000    -35.000      0.000      0.000      0.000      0.000
    65.000    -35.000      0.000      0.000      0.000      0.000
    70.000    -35.000      0.000      0.000      0.000      0.000
    75.000    -35.000      0.000      0.000      0.000      0.000
    80.000    -35.000      0.000      0.000      0.000      0.000
    85.000    -35.000      0.000      0.000      0.000      0.000
    90.000    -35.000      0.000      0.000      0.000      0.000
    95.000    -35.000      0.000      0.000      0.000      0.000
   100.000    -35.000      0.000      0.000      0.000      0.000
   105.000    -35.000      0.000      0.000      0.000      0.000
   110.000    -35.000      0.000      0.000      0.000      0.000
   115.000    -35.000      0.000      0.000      0.000      0.000
   120.000    -35.000      0.000      0.000      0.000      0.000
   125.000    -35.000      0.000      0.000      0.000      0.000
   130.000    -35.000      0.000      0.000      0.000      0.000
   135.000    -35.000      0.000      0.000      0.000      0.000
   140.000    -35.000      0.000      0.000      0.000      0.000
   145.000    -35.000      0.000      0.000      0.000      0.000
   -25.000    -30.000      0.000      0.000      0.000      0.000
   -20.000    -30.000      0.000      0.000      0.000      0.000
   -15.000    -30.000      0.000      0.000      0.000      0.000
   -10.000    -30.000      0.000      0.000      0.000      0.000
    -5.000    -30.000      0.000      0.000      0.000      0.000
     0.000    -30.000      0.000      0.000      0.000      0.000
     5.000    -30.000      0.000      0.000      0.000      0.000
    10.000    -30.000      0.000      0.000      0.000      0.000
    15.000    -30.000      0.000      0.000      0.000      0.000
    20.000    -30.000      0.000      0.000      0.000      0.000
    25.000    -30.000      0.000      0.000      0.000      0.000
    30.000    -30.000      0.000      0.000      0.000      0.000
    35.000    -30.000      0.000      0.000      0.000      0.000
    40.000    -30.000      0.000      0.000      0.000      0.000
    45.000    -30.000      0.000      0.000      0.000      0.000
    50.000    -30.000      0.000      0.000      0.000      0.000
    55.000    -30.000      0.000      0.000      0.000      0.000
    60.000    -30.000      0.000      0.000      0.000      0.000
    65.000    -30.000      0.000      0.000      0.000      0.000
    70.000    -30.000      0.000      0.000      0.000      0.000
    75.000    -30.000      0.000      0.000      0.000      0.000
    80.000    -30.000      0.000      0.000      0.000      0.000
    85.000    -30.000      0.000      0.000      0.000      0.000
    90.000    -30.000      0.000      0.000      0.000      0.000
    95.000    -30.000      0.000      0.000      0.000      0.000
   100.000    -30.000      0.000      0.000      0.000      0.000
   105.000    -30.000      0.000      0.000      0.000      0.000
   110.000    -30.000      0.000      0.000      0.000      0.000
   115.000    -30.000      0.000      0.000      0.000      0.000
   120.000    -30.000      0.000      0.000      0.000      0.000
   125.000    -30.000      0.000      0.000      0.000      0.000
   130.000    -30.000      0.000      0.000      0.000      0.000
   135.000    -30.000      0.000      0.000      0.000      0.000
   140.000    -30.000      0.000      0.000      0.000      0.000
   145.000    -30.000      0.000      0.000      0.000      0.000
   -25.000    -25.000      0.000      0.000      0.000      0.000
   -20.000    -25.000      0.000      0.000      0.000      0.000
   -15.000    -25.000      0.000      0.000      0.000      0.000
   -10.000    -25.000      0.297    -91.757      0.329    -91.481
    -5.000    -25.000      0.366    -96.079      0.403    -95.760
     0.000    -25.000      0.290   -119.692      0.316   -119.904
     5.000    -25.000      0.240   -138.921      0.261   -139.834
    10.000    -25.000      0.151   -134.850      0.164   -135.847
    15.000    -25.000      0.036   -122.406      0.036   -122.406
    20.000    -25.000      0.000      0.000      0.000      0.000
    25.000    -25.000      0.000      0.000      0.000      0.000
    30.000    -25.000      0.000      0.000      0.000      0.000
    35.000    -25.000      0.000      0.000      0.000      0.000
    40.000    -25.000      0.000      0.000      0.000      0.000
    45.000    -25.000      0.000      0.000      0.000      0.000
    50.000    -25.000      0.000      0.000      0.000      0.000
    55.000    -25.000      0.000      0.000      0.000      0.000
    60.000    -25.000      0.000      0.000      0.000      0.000
    65.000    -25.000      0.000      0.000      0.000      0.000
    70.000    -25.000      0.000      0.000      0.000      0.000
    75.000    -25.000      0.000      0.000      0.000      0.000
    80.000    -25.000      0.000      0.000      0.000      0.000
    85.000    -25.000      0.000      0.000      0.000      0.000
    90.000    -25.000      0.000      0.000      0.000      0.000
    95.000    -25.000      0.000      0.000      0.000      0.000
   100.000    -25.000      0.000      0.000      0.000      0.000
   105.000    -25.000      0.000      0.000      0.000      0.000
   110.000    -25.000      0.000      0.000      0.000      0.000
   115.000    -25.000      0.000      0.000      0.000      0.000
   120.000    -25.000      0.000      0.000      0.000      0.000
   125.000    -25.000      0.000      0.000      0.000      0.000
   130.000    -25.000      0.000      0.000      0.000      0.000
   135.000    -25.000      0.000      0.000      0.000      0.000
   140.000    -25.000      0.000      0.000      0.000      0.000
   145.000    -25.000      0.000      0.000      0.000      0.000
   -25.000    -20.000      0.000      0.000      0.000      0.000
   -20.000    -20.000      0.000      0.000      0.000      0.000
   -15.000    -20.000      0.000      0.000      0.000      0.000
   -10.000    -20.000      0.217   -107.404      0.331    -95.844
    -5.000    -20.000      0.342   -106.295      0.612   -102.582
     0.000    -20.000      0.401   -109.804      0.810   -107.931
     5.000    -20.000      0.374   -109.956      0.789   -108.472
    10.000    -20.000      0.257   -107.058      0.500   -104.594
    15.000    -20.000      0.128   -104.547      0.181   -100.929
    20.000    -20.000      0.034    172.358      0.039    168.755
    25.000    -20.000      0.000      0.000      0.000      0.000
    30.000    -20.000      0.000      0.000      0.000      0.000
    35.000    -20.000      0.000      0.000      0.000      0.000
    40.000    -20.000      0.000      0.000      0.000      0.000
    45.000    -20.000      0.000      0.000      0.000      0.000
    50.000    -20.000      0.000      0.000      0.000      0.000
    55.000    -20.000      0.000      0.000      0.000      0.000
    60.000    -20.000      0.000      0.000      0.000      0.000
    65.000    -20.000      0.000      0.000      0.000      0.000
    70.000    -20.000      0.000      0.000      0.000      0.000
    75.000    -20.000      0.000      0.000      0.000      0.000
    80.000    -20.000      0.000      0.000      0.000      0.000
    85.000    -20.000      0.000      0.000      0.000      0.000
    90.000    -20.000      0.000      0.000      0.000      0.000
    95.000    -20.000      0.000      0.000      0.000      0.000
   100.000    -20.000      0.000      0.000      0.000      0.000
   105.000    -20.000      0.000      0.000      0.000      0.000
   110.000    -20.000      0.000      0.000      0.000      0.000
   115.000    -20.000      0.000      0.000      0.000      0.000
   120.000    -20.000      0.000      0.000      0.000      0.000
   125.000    -20.000      0.000      0.000      0.000      0.000
   130.000    -20.000      0.000      0.000      0.000      0.000
   135.000    -20.000      0.000      0.000      0.000      0.000
   140.000    -20.000      0.000      0.000      0.000      0.000
   145.000    -20.000      0.000      0.000      0.000      0.000
   -25.000    -15.000      0.000      0.000      0.000      0.000
   -20.000    -15.000      0.000      0.000      0.000      0.000
   -15.000    -15.000      0.000      0.000      0.000      0.000
   -10.000    -15.000      0.044   -122.346      0.085    -38.148
    -5.000    -15.000      0.180   -122.813      0.638   -115.429
     0.000    -15.000      0.281   -121.685      0.910   -119.856
     5.000    -15.000      0.286   -115.470      0.829   -121.832
    10.000    -15.000      0.232   -105.815      0.712   -103.837
    15.000    -15.000      0.145    -91.322      0.369    -91.490
    20.000    -15.000      0.094    -76.174      0.211    -77.298
    25.000    -15.000      0.033   -118.471      0.033   -118.471
    30.000    -15.000      0.000      0.000      0.000      0.000
    35.000    -15.000      0.000      0.000      0.000      0.000
    40.000    -15.000      0.000      0.000      0.000      0.000
    45.000    -15.000      0.000      0.000      0.000      0.000
    50.000    -15.000      0.000      0.000      0.000      0.000
    55.000    -15.000      0.000      0.000      0.000      0.000
    60.000    -15.000      0.000      0.000      0.000      0.000
    65.000    -15.000      0.000      0.000      0.000      0.000
    70.000    -15.000      0.000      0.000      0.000      0.000
    75.000    -15.000      0.000      0.000      0.000      0.000
    80.000    -15.000      0.000      0.000      0.000      0.000
    85.000    -15.000      0.000      0.000      0.000      0.000
    90.000    -15.000      0.000      0.000      0.000      0.000
    95.000    -15.000      0.000      0.000      0.000      0.000
   100.000    -15.000      0.000      0.000      0.000      0.000
   105.000    -15.000      0.000      0.000      0.000      0.000
   110.000    -15.000      0.000      0.000      0.000      0.000
   115.000    -15.000      0.000      0.000      0.000      0.000
   120.000    -15.000      0.000      0.000      0.000      0.000
   125.000    -15.000      0.000      0.000      0.000      0.000
   130.000    -15.000      0.000      0.000      0.000      0.000
   135.000    -15.000      0.000      0.000      0.000      0.000
   140.000    -15.000      0.000      0.000      0.000      0.000
   145.000    -15.000      0.000      0.000      0.000      0.000
   -25.000    -10.000      0.000      0.000      0.000      0.000
   -20.000    -10.000      0.000      0.000      0.000      0.000
   -15.000    -10.000      0.000      0.000      0.000      0.000
   -10.000    -10.000      0.046   -125.889      0.092    129.473
    -5.000    -10.000      0.141   -123.040      0.426   -108.272
     0.000    -10.000      0.194   -118.809      0.601   -115.760
     5.000    -10.000      0.217   -111.619      0.468   -123.493
    10.000    -10.000      0.238    -99.564      0.334    -77.014
    15.000    -10.000      0.233    -86.116      0.444    -87.244
    20.000    -10.000      0.240    -81.493      0.418    -94.000
    25.000    -10.000      0.179    -73.364      0.197    -72.957
    30.000    -10.000      0.000      0.000      0.000      0.000
    35.000    -10.000      0.000      0.000      0.000      0.000
    40.000    -10.000      0.000      0.000      0.000      0.000
    45.000    -10.000      0.000      0.000      0.000      0.000
    50.000    -10.000      0.000      0.000      0.000      0.000
    55.000    -10.000      0.000      0.000      0.000      0.000
    60.000    -10.000      0.000      0.000      0.000      0.000
    65.000    -10.000      0.000      0.000      0.000      0.000
    70.000    -10.000      0.000      0.000      0.000      0.000
    75.000    -10.000      0.000      0.000      0.000      0.000
    80.000    -10.000      0.000      0.000      0.000      0.000
    85.000    -10.000      0.000      0.000      0.000      0.000
    90.000    -10.000      0.000      0.000      0.000      0.000
    95.000    -10.000      0.000      0.000      0.000      0.000
   100.000    -10.000      0.000      0.000      0.000      0.000
   105.000    -10.000      0.000      0.000      0.000      0.000
   110.000    -10.000      0.000      0.000      0.000      0.000
   115.000    -10.000      0.000      0.000      0.000      0.000
   120.000    -10.000      0.000      0.000      0.000      0.000
   125.000    -10.000      0.000      0.000      0.000      0.000
   130.000    -10.000      0.000      0.000      0.000      0.000
   135.000    -10.000      0.000      0.000      0.000      0.000
   140.000    -10.000      0.000      0.000      0.000      0.000
   145.000    -10.000      0.000      0.000      0.000      0.000
   -25.000     -5.000      0.000      0.000      0.000      0.000
   -20.000     -5.000      0.000      0.000      0.000      0.000
   -15.000     -5.000      0.000      0.000      0.000      0.000
   -10.000     -5.000      0.070   -169.303      0.463     23.696
    -5.000     -5.000      0.069   -148.212      0.561    -13.696
     0.000     -5.000      0.087   -100.084      0.416    -47.635
     5.000     -5.000      0.151    -70.067      0.259    -52.694
    10.000     -5.000      0.190    -58.166      0.367      0.457
    15.000     -5.000      0.204    -65.179      0.476      9.073
    20.000     -5.000      0.202    -83.395      0.261    -55.640
    25.000     -5.000      0.207   -104.813      0.230   -105.416
    30.000     -5.000      0.000      0.000      0.000      0.000
    35.000     -5.000      0.000      0.000      0.000      0.000
    40.000     -5.000      0.000      0.000      0.000      0.000
    45.000     -5.000      0.000      0.000      0.000      0.000
    50.000     -5.000      0.000      0.000      0.000      0.000
    55.000     -5.000      0.000      0.000      0.000      0.000
    60.000     -5.000      0.000      0.000      0.000      0.000
    65.000     -5.000      0.000      0.000      0.000      0.000
    70.000     -5.000      0.000      0.000      0.000      0.000
    75.000     -5.000      0.000      0.000      0.000      0.000
    80.000     -5.000      0.000      0.000      0.000      0.000
    85.000     -5.000      0.000      0.000      0.000      0.000
    90.000     -5.000      0.000      0.000      0.000      0.000
    95.000     -5.000      0.000      0.000      0.000      0.000
   100.000     -5.000      0.000      0.000      0.000      0.000
   105.000     -5.000      0.000      0.000      0.000      0.000
   110.000     -5.000      0.000      0.000      0.000      0.000
   115.000     -5.000      0.000      0.000      0.000      0.000
   120.000     -5.000      0.000      0.000      0.000      0.000
   125.000     -5.000      0.000      0.000      0.000      0.000
   130.000     -5.000      0.000      0.000      0.000      0.000
   135.000     -5.000      0.000      0.000      0.000      0.000
   140.000     -5.000      0.000      0.000      0.000      0.000
   145.000     -5.000      0.000      0.000      0.000      0.000
   -25.000      0.000      0.000      0.000      0.000      0.000
   -20.000      0.000      0.000      0.000      0.000      0.000
   -15.000      0.000      0.000      0.000      0.000      0.000
   -10.000      0.000      0.106     94.630      0.810      7.233
    -5.000      0.000      0.126     74.645      1.066      0.310
     0.000      0.000      0.123     58.530      0.938    -18.608
     5.000      0.000      0.131     31.778      0.716    -28.850
    10.000      0.000      0.144     -0.627      0.518      9.910
    15.000      0.000      0.169    -24.453      0.443     39.376
    20.000      0.000      0.148    -45.445      0.214     23.392
    25.000      0.000      0.105    -98.269      0.115    -98.972
    30.000      0.000      0.000      0.000      0.000      0.000
    35.000      0.000      0.000      0.000      0.000      0.000
    40.000      0.000      0.000      0.000      0.000      0.000
    45.000      0.000      0.000      0.000      0.000      0.000
    50.000      0.000      0.000      0.000      0.000      0.000
    55.000      0.000      0.000      0.000      0.000      0.000
    60.000      0.000      0.000      0.000      0.000      0.000
    65.000      0.000      0.000      0.000      0.000      0.000
    70.000      0.000      0.000      0.000      0.000      0.000
    75.000      0.000      0.000      0.000      0.000      0.000
    80.000      0.000      0.000      0.000      0.000      0.000
    85.000      0.000      0.000      0.000      0.000      0.000
    90.000      0.000      0.000      0.000      0.000      0.000
    95.000      0.000      0.000      0.000      0.000      0.000
   100.000      0.000      0.000      0.000      0.000      0.000
   105.000      0.000      0.000      0.000      0.000      0.000
   110.000      0.000      0.000      0.000      0.000      0.000
   115.000      0.000      0.000      0.000      0.000      0.000
   120.000      0.000      0.000      0.000      0.000      0.000
   125.000      0.000      0.000      0.000      0.000      0.000
   130.000      0.000      0.000      0.000      0.000      0.000
   135.000      0.000      0.000      0.000      0.000      0.000
   140.000      0.000      0.000      0.000      0.000      0.000
   145.000      0.000      0.000      0.000      0.000      0.000
   -25.000      5.000      0.000      0.000      0.000      0.000
   -20.000      5.000      0.000      0.000      0.000      0.000
   -15.000      5.000      0.000      0.000      0.000      0.000
   -10.000      5.000      0.108     49.476      0.920     15.333
    -5.000      5.000      0.148     35.931      1.231    -13.693
     0.000      5.000      0.171     22.478      1.284    -32.006
     5.000      5.000      0.201      6.277      1.085    -39.471
    10.000      5.000      0.216     -0.617      0.711    -17.506
    15.000      5.000      0.197    -12.210      0.408      6.860
    20.000      5.000      0.169    -28.343      0.199      7.743
    25.000      5.000      0.176    -61.767      0.194    -62.212
    30.000      5.000      0.000      0.000      0.000      0.000
    35.000      5.000      0.000      0.000      0.000      0.000
    40.000      5.000      0.000      0.000      0.000      0.000
    45.000      5.000      0.000      0.000      0.000      0.000
    50.000      5.000      0.000      0.000      0.000      0.000
    55.000      5.000      0.000      0.000      0.000      0.000
    60.000      5.000      0.000      0.000      0.000      0.000
    65.000      5.000      0.000      0.000      0.000      0.000
    70.000      5.000      0.000      0.000      0.000      0.000
    75.000      5.000      0.000      0.000      0.000      0.000
    80.000      5.000      0.000      0.000      0.000      0.000
    85.000      5.000      0.000      0.000      0.000      0.000
    90.000      5.000      0.000      0.000      0.000      0.000
    95.000      5.000      0.000      0.000      0.000      0.000
   100.000      5.000      0.000      0.000      0.000      0.000
   105.000      5.000      0.000      0.000      0.000      0.000
   110.000      5.000      0.000      0.000      0.000      0.000
   115.000      5.000      0.000      0.000      0.000      0.000
   120.000      5.000      0.000      0.000      0.000      0.000
   125.000      5.000      0.000      0.000      0.000      0.000
   130.000      5.000      0.000      0.000      0.000      0.000
   135.000      5.000      0.000      0.000      0.000      0.000
   140.000      5.000      0.000      0.000      0.000      0.000
   145.000      5.000      0.000      0.000      0.000      0.000
   -25.000     10.000      0.000      0.000      0.000      0.000
   -20.000     10.000      0.000      0.000      0.000      0.000
   -15.000     10.000      0.000      0.000      0.000      0.000
   -10.000     10.000      0.160    -16.142      0.690     11.915
    -5.000     10.000      0.247    -18.299      1.108    -12.977
     0.000     10.000      0.279    -17.565      1.276    -26.701
     5.000     10.000      0.283    -14.521      1.180    -31.507
    10.000     10.000      0.273    -12.267      0.898    -23.122
    15.000     10.000      0.245     -9.764      0.537     -8.475
    20.000     10.000      0.206    -12.936      0.432    -10.722
    25.000     10.000      0.131    -47.301      0.143    -46.715
    30.000     10.000      0.000      0.000      0.000      0.000
    35.000     10.000      0.000      0.000      0.000      0.000
    40.000     10.000      0.000      0.000      0.000      0.000
    45.000     10.000      0.000      0.000      0.000      0.000
    50.000     10.000      0.000      0.000      0.000      0.000
    55.000     10.000      0.000      0.000      0.000      0.000
    60.000     10.000      0.000      0.000      0.000      0.000
    65.000     10.000      0.000      0.000      0.000      0.000
    70.000     10.000      0.000      0.000      0.000      0.000
    75.000     10.000      0.000      0.000      0.000      0.000
    80.000     10.000      0.000      0.000      0.000      0.000
    85.000     10.000      0.000      0.000      0.000      0.000
    90.000     10.000      0.000      0.000      0.000      0.000
    95.000     10.000      0.000      0.000      0.000      0.000
   100.000     10.000      0.000      0.000      0.000      0.000
   105.000     10.000      0.000      0.000      0.000      0.000
   110.000     10.000      0.000      0.000      0.000      0.000
   115.000     10.000      0.000      0.000      0.000      0.000
   120.000     10.000      0.000      0.000      0.000      0.000
   125.000     10.000      0.000      0.000      0.000      0.000
   130.000     10.000      0.000      0.000      0.000      0.000
   135.000     10.000      0.000      0.000      0.000      0.000
   140.000     10.000      0.000      0.000      0.000      0.000
   145.000     10.000      0.000      0.000      0.000      0.000
   -25.000     15.000      0.000      0.000      0.000      0.000
   -20.000     15.000      0.000      0.000      0.000      0.000
   -15.000     15.000      0.000      0.000      0.000      0.000
   -10.000     15.000      0.200    -37.516      0.436     -6.713
    -5.000     15.000      0.286    -37.037      0.923    -41.379
     0.000     15.000      0.325    -32.944      1.104    -38.083
     5.000     15.000      0.357    -23.111      1.074    -24.495
    10.000     15.000      0.361    -14.467      0.976    -21.251
    15.000     15.000      0.287     -5.198      0.535    -18.235
    20.000     15.000      0.192     -1.711      0.332     -7.142
    25.000     15.000      0.023    -66.532      0.023    -66.532
    30.000     15.000      0.000      0.000      0.000      0.000
    35.000     15.000      0.000      0.000      0.000      0.000
    40.000     15.000      0.000      0.000      0.000      0.000
    45.000     15.000      0.000      0.000      0.000      0.000
    50.000     15.000      0.000      0.000      0.000      0.000
    55.000     15.000      0.000      0.000      0.000      0.000
    60.000     15.000      0.000      0.000      0.000      0.000
    65.000     15.000      0.000      0.000      0.000      0.000
    70.000     15.000      0.000      0.000      0.000      0.000
    75.000     15.000      0.000      0.000      0.000      0.000
    80.000     15.000      0.000      0.000      0.000      0.000
    85.000     15.000      0.000      0.000      0.000      0.000
    90.000     15.000      0.000      0.000      0.000      0.000
    95.000     15.000      0.000      0.000      0.000      0.000
   100.000     15.000      0.000      0.000      0.000      0.000
   105.000     15.000      0.000      0.000      0.000      0.000
   110.000     15.000      0.000      0.000      0.000      0.000
   115.000     15.000      0.000      0.000      0.000      0.000
   120.000     15.000      0.000      0.000      0.000      0.000
   125.000     15.000      0.000      0.000      0.000      0.000
   130.000     15.000      0.000      0.000      0.000      0.000
   135.000     15.000      0.000      0.000      0.000      0.000
   140.000     15.000      0.000      0.000      0.000      0.000
   145.000     15.000      0.000      0.000      0.000      0.000
   -25.000     20.000      0.000      0.000      0.000      0.000
   -20.000     20.000      0.000      0.000      0.000      0.000
   -15.000     20.000      0.000      0.000      0.000      0.000
   -10.000     20.000      0.122    -51.750      0.443    -68.636
    -5.000     20.000      0.191    -52.486      0.523    -67.280
     0.000     20.000      0.213    -37.529      0.447    -52.924
     5.000     20.000      0.274    -19.772      0.477    -29.126
    10.000     20.000      0.318    -11.791      0.567    -17.650
    15.000     20.000      0.232     -2.692      0.340     -4.101
    20.000     20.000      0.105     -5.745      0.115     -5.767
    25.000     20.000      0.000      0.000      0.000      0.000
    30.000     20.000      0.000      0.000      0.000      0.000
    35.000     20.000      0.000      0.000      0.000      0.000
    40.000     20.000      0.000      0.000      0.000      0.000
    45.000     20.000      0.000      0.000      0.000      0.000
    50.000     20.000      0.000      0.000      0.000      0.000
    55.000     20.000      0.000      0.000      0.000      0.000
    60.000     20.000      0.000      0.000      0.000      0.000
    65.000     20.000      0.000      0.000      0.000      0.000
    70.000     20.000      0.000      0.000      0.000      0.000
    75.000     20.000      0.000      0.000      0.000      0.000
    80.000     20.000      0.000      0.000      0.000      0.000
    85.000     20.000      0.000      0.000      0.000      0.000
    90.000     20.000      0.000      0.000      0.000      0.000
    95.000     20.000      0.000      0.000      0.000      0.000
   100.000     20.000      0.000      0.000      0.000      0.000
   105.000     20.000      0.000      0.000      0.000      0.000
   110.000     20.000      0.000      0.000      0.000      0.000
   115.000     20.000      0.000      0.000      0.000      0.000
   120.000     20.000      0.000      0.000      0.000      0.000
   125.000     20.000      0.000      0.000      0.000      0.000
   130.000     20.000      0.000      0.000      0.000      0.000
   135.000     20.000      0.000      0.000      0.000      0.000
   140.000     20.000      0.000      0.000      0.000      0.000
   145.000     20.000      0.000      0.000      0.000      0.000
   -25.000     25.000      0.000      0.000      0.000      0.000
   -20.000     25.000      0.000      0.000      0.000      0.000
   -15.000     25.000      0.000      0.000      0.000      0.000
   -10.000     25.000      0.021     -1.441      0.024     -9.431
    -5.000     25.000      0.023    168.085      0.026    173.921
     0.000     25.000      0.019    147.315      0.022    154.446
     5.000     25.000      0.081      4.491      0.087      3.766
    10.000     25.000      0.155      0.677      0.170      0.407
    15.000     25.000      0.027     28.606      0.027     28.606
    20.000     25.000      0.000      0.000      0.000      0.000
    25.000     25.000      0.000      0.000      0.000      0.000
    30.000     25.000      0.000      0.000      0.000      0.000
    35.000     25.000      0.000      0.000      0.000      0.000
    40.000     25.000      0.000      0.000      0.000      0.000
    45.000     25.000      0.000      0.000      0.000      0.000
    50.000     25.000      0.000      0.000      0.000      0.000
    55.000     25.000      0.000      0.000      0.000      0.000
    60.000     25.000      0.000      0.000      0.000      0.000
    65.000     25.000      0.000      0.000      0.000      0.000
    70.000     25.000      0.000      0.000      0.000      0.000
    75.000     25.000      0.000      0.000      0.000      0.000
    80.000     25.000      0.000      0.000      0.000      0.000
    85.000     25.000      0.000      0.000      0.000      0.000
    90.000     25.000      0.000      0.000      0.000      0.000
    95.000     25.000      0.000      0.000      0.000      0.000
   100.000     25.000      0.000      0.000      0.000      0.000
   105.000     25.000      0.000      0.000      0.000      0.000
   110.000     25.000      0.000      0.000      0.000      0.000
   115.000     25.000      0.000      0.000      0.000      0.000
   120.000     25.000      0.000      0.000      0.000      0.000
   125.000     25.000      0.000      0.000      0.000      0.000
   130.000     25.000      0.000      0.000      0.000      0.000
   135.000     25.000      0.000      0.000      0.000      0.000
   140.000     25.000      0.000      0.000      0.000      0.000
   145.000     25.000      0.000      0.000      0.000      0.000
   -25.000     30.000      0.000      0.000      0.000      0.000
   -20.000     30.000      0.000      0.000      0.000      0.000
   -15.000     30.000      0.000      0.000      0.000      0.000
   -10.000     30.000      0.000      0.000      0.000      0.000
    -5.000     30.000      0.000      0.000      0.000      0.000
     0.000     30.000      0.000      0.000      0.000      0.000
     5.000     30.000      0.000      0.000      0.000      0.000
    10.000     30.000      0.000      0.000      0.000      0.000
    15.000     30.000      0.000      0.000      0.000      0.000
    20.000     30.000      0.000      0.000      0.000      0.000
    25.000     30.000      0.000      0.000      0.000      0.000
    30.000     30.000      0.000      0.000      0.000      0.000
    35.000     30.000      0.000      0.000      0.000      0.000
    40.000     30.000      0.000      0.000      0.000      0.000
    45.000     30.000      0.000      0.000      0.000      0.000
    50.000     30.000      0.000      0.000      0.000      0.000
    55.000     30.000      0.000      0.000      0.000      0.000
    60.000     30.000      0.000      0.000      0.000      0.000
    65.000     30.000      0.000      0.000      0.000      0.000
    70.000     30.000      0.000      0.000      0.000      0.000
    75.000     30.000      0.000      0.000      0.000      0.000
    80.000     30.000      0.000      0.000      0.000      0.000
    85.000     30.000      0.000      0.000      0.000      0.000
    90.000     30.000      0.000      0.000      0.000      0.000
    95.000     30.000      0.000      0.000      0.000      0.000
   100.000     30.000      0.000      0.000      0.000      0.000
   105.000     30.000      0.000      0.000      0.000      0.000
   110.000     30.000      0.000      0.000      0.000      0.000
   115.000     30.000      0.000      0.000      0.000      0.000
   120.000     30.000      0.000      0.000      0.000      0.000
   125.000     30.000      0.000      0.000      0.000      0.000
   130.000     30.000      0.000      0.000      0.000      0.000
   135.000     30.000      0.000      0.000      0.000      0.000
   140.000     30.000      0.000      0.000      0.000      0.000
   145.000     30.000      0.000      0.000      0.000      0.000
   -25.000     35.000      0.000      0.000      0.000      0.000
   -20.000     35.000      0.000      0.000      0.000      0.000
   -15.000     35.000      0.000      0.000      0.000      0.000
   -10.000     35.000      0.000      0.000      0.000      0.000
    -5.000     35.000      0.000      0.000      0.000      0.000
     0.000     35.000      0.000      0.000      0.000      0.000
     5.000     35.000      0.000      0.000      0.000      0.000
    10.000     35.000      0.000      0.000      0.000      0.000
    15.000     35.000      0.000      0.000      0.000      0.000
    20.000     35.000      0.000      0.000      0.000      0.000
    25.000     35.000      0.000      0.000      0.000      0.000
    30.000     35.000      0.000      0.000      0.000      0.000
    35.000     35.000      0.000      0.000      0.000      0.000
    40.000     35.000      0.000      0.000      0.000      0.000
    45.000     35.000      0.000      0.000      0.000      0.000
    50.000     35.000      0.000      0.000      0.000      0.000
    55.000     35.000      0.000      0.000      0.000      0.000
    60.000     35.000      0.000      0.000      0.000      0.000
    65.000     35.000      0.000      0.000      0.000      0.000
    70.000     35.000      0.000      0.000      0.000      0.000
    75.000     35.000      0.000      0.000      0.000      0.000
    80.000     35.000      0.000      0.000      0.000      0.000
    85.000     35.000      0.000      0.000      0.000      0.000
    90.000     35.000      0.000      0.000      0.000      0.000
    95.000     35.000      0.000      0.000      0.000      0.000
   100.000     35.000      0.000      0.000      0.000      0.000
   105.000     35.000      0.000      0.000      0.000      0.000
   110.000     35.000      0.000      0.000      0.000      0.000
   115.000     35.000      0.000      0.000      0.000      0.000
   120.000     35.000      0.000      0.000      0.000      0.000
   125.000     35.000      0.000      0.000      0.000      0.000
   130.000     35.000      0.000      0.000      0.000      0.000
   135.000     35.000      0.000      0.000      0.000      0.000
   140.000     35.000      0.000      0.000      0.000      0.000
   145.000     35.000      0.000      0.000      0.000      0.000
   -25.000     40.000      0.000      0.000      0.000      0.000
   -20.000     40.000      0.000      0.000      0.000      0.000
   -15.000     40.000      0.000      0.000      0.000      0.000
   -10.000     40.000      0.000      0.000      0.000      0.000
    -5.000     40.000      0.000      0.000      0.000      0.000
     0.000     40.000      0.000      0.000      0.000      0.000
     5.000     40.000      0.000      0.000      0.000      0.000
    10.000     40.000      0.000      0.000      0.000      0.000
    15.000     40.000      0.000      0.000      0.000      0.000
    20.000     40.000      0.000      0.000      0.000      0.000
    25.000     40.000      0.000      0.000      0.000      0.000
    30.000     40.000      0.000      0.000      0.000      0.000
    35.000     40.000      0.000      0.000      0.000      0.000
    40.000     40.000      0.000      0.000      0.000      0.000
    45.000     40.000      0.000      0.000      0.000      0.000
    50.000     40.000      0.000      0.000      0.000      0.000
    55.000     40.000      0.000      0.000      0.000      0.000
    60.000     40.000      0.000      0.000      0.000      0.000
    65.000     40.000      0.000      0.000      0.000      0.000
    70.000     40.000      0.000      0.000      0.000      0.000
    75.000     40.000      0.000      0.000      0.000      0.000
    80.000     40.000      0.000      0.000      0.000      0.000
    85.000     40.000      0.000      0.000      0.000      0.000
    90.000     40.000      0.000      0.000      0.000      0.000
    95.000     40.000      0.000      0.000      0.000      0.000
   100.000     40.000      0.000      0.000      0.000      0.000
   105.000     40.000      0.000      0.000      0.000      0.000
   110.000     40.000      0.000      0.000      0.000      0.000
   115.000     40.000      0.000      0.000      0.000      0.000
   120.000     40.000      0.000      0.000      0.000      0.000
   125.000     40.000      0.000      0.000      0.000      0.000
   130.000     40.000      0.000      0.000      0.000      0.000
   135.000     40.000      0.000      0.000      0.000      0.000
   140.000     40.000      0.000      0.000      0.000      0.000
   145.000     40.000      0.000      0.000      0.000      0.000
   -25.000     45.000      0.000      0.000      0.000      0.000
   -20.000     45.000      0.000      0.000      0.000      0.000
   -15.000     45.000      0.000      0.000      0.000      0.000
   -10.000     45.000      0.000      0.000      0.000      0.000
    -5.000     45.000      0.000      0.000      0.000      0.000
     0.000     45.000      0.000      0.000      0.000      0.000
     5.000     45.000      0.000      0.000      0.000      0.000
    10.000     45.000      0.000      0.000      0.000      0.000
    15.000     45.000      0.000      0.000      0.000      0.000
    20.000     45.000      0.000      0.000      0.000      0.000
    25.000     45.000      0.000      0.000      0.000      0.000
    30.000     45.000      0.000      0.000      0.000      0.000
    35.000     45.000      0.000      0.000      0.000      0.000
    40.000     45.000      0.000      0.000      0.000      0.000
    45.000     45.000      0.000      0.000      0.000      0.000
    50.000     45.000      0.000      0.000      0.000      0.000
    55.000     45.000      0.000      0.000      0.000      0.000
    60.000     45.000      0.000      0.000      0.000      0.000
    65.000     45.000      0.000      0.000      0.000      0.000
    70.000     45.000      0.000      0.000      0.000      0.000
    75.000     45.000      0.000      0.000      0.000      0.000
    80.000     45.000      0.000      0.000      0.000      0.000
    85.000     45.000      0.000      0.000      0.000      0.000
    90.000     45.000      0.000      0.000      0.000      0.000
    95.000     45.000      0.000      0.000      0.000      0.000
   100.000     45.000      0.000      0.000      0.000      0.000
   105.000     45.000      0.000      0.000      0.000      0.000
   110.000     45.000      0.000      0.000      0.000      0.000
   115.000     45.000      0.000      0.000      0.000      0.000
   120.000     45.000      0.000      0.000      0.000      0.000
   125.000     45.000      0.000      0.000      0.000      0.000
   130.000     45.000      0.000      0.000      0.000      0.000
   135.000     45.000      0.000      0.000      0.000      0.000
   140.000     45.000      0.000      0.000      0.000      0.000
   145.000     45.000      0.000      0.000      0.000      0.000
