   -25.000    -45.000      0.000      0.000      0.000      0.000
   -20.000    -45.000      0.000      0.000      0.000      0.000
   -15.000    -45.000      0.000      0.000      0.000      0.000
   -10.000    -45.000      0.000      0.000      0.000      0.000
    -5.000    -45.000      0.000      0.000      0.000      0.000
     0.000    -45.000      0.000      0.000      0.000      0.000
     5.000    -45.000      0.000      0.000      0.000      0.000
    10.000    -45.000      0.000      0.000      0.000      0.000
    15.000    -45.000      0.000      0.000      0.000      0.000
    20.000    -45.000      0.000      0.000      0.000      0.000
    25.000    -45.000      0.000      0.000      0.000      0.000
    30.000    -45.000      0.000      0.000      0.000      0.000
    35.000    -45.000      0.000      0.000      0.000      0.000
    40.000    -45.000      0.000      0.000      0.000      0.000
    45.000    -45.000      0.000      0.000      0.000      0.000
    50.000    -45.000      0.000      0.000      0.000      0.000
    55.000    -45.000      0.000      0.000      0.000      0.000
    60.000    -45.000      0.000      0.000      0.000      0.000
    65.000    -45.000      0.000      0.000      0.000      0.000
    70.000    -45.000      0.000      0.000      0.000      0.000
    75.000    -45.000      0.000      0.000      0.000      0.000
    80.000    -45.000      0.000      0.000      0.000      0.000
    85.000    -45.000      0.000      0.000      0.000      0.000
    90.000    -45.000      0.000      0.000      0.000      0.000
    95.000    -45.000      0.000      0.000      0.000      0.000
   100.000    -45.000      0.000      0.000      0.000      0.000
   105.000    -45.000      0.000      0.000      0.000      0.000
   110.000    -45.000      0.000      0.000      0.000      0.000
   115.000    -45.000      0.000      0.000      0.000      0.000
   120.000    -45.000      0.000      0.000      0.000      0.000
   125.000    -45.000      0.000      0.000      0.000      0.000
   130.000    -45.000      0.000      0.000      0.000      0.000
   135.000    -45.000      0.000      0.000      0.000      0.000
   140.000    -45.000      0.000      0.000      0.000      0.000
   145.000    -45.000      0.000      0.000      0.000      0.000
   -25.000    -40.000      0.000      0.000      0.000      0.000
   -20.000    -40.000      0.000      0.000      0.000      0.000
   -15.000    -40.000      0.000      0.000      0.000      0.000
   -10.000    -40.000      0.000      0.000      0.000      0.000
    -5.000    -40.000      0.000      0.000      0.000      0.000
     0.000    -40.000      0.000      0.000      0.000      0.000
     5.000    -40.000      0.000      0.000      0.000      0.000
    10.000    -40.000      0.000      0.000      0.000      0.000
    15.000    -40.000      0.000      0.000      0.000      0.000
    20.000    -40.000      0.000      0.000      0.000      0.000
    25.000    -40.000      0.000      0.000      0.000      0.000
    30.000    -40.000      0.000      0.000      0.000      0.000
    35.000    -40.000      0.000      0.000      0.000      0.000
    40.000    -40.000      0.000      0.000      0.000      0.000
    45.000    -40.000      0.000      0.000      0.000      0.000
    50.000    -40.000      0.000      0.000      0.000      0.000
    55.000    -40.000      0.000      0.000      0.000      0.000
    60.000    -40.000      0.000      0.000      0.000      0.000
    65.000    -40.000      0.000      0.000      0.000      0.000
    70.000    -40.000      0.000      0.000      0.000      0.000
    75.000    -40.000      0.000      0.000      0.000      0.000
    80.000    -40.000      0.000      0.000      0.000      0.000
    85.000    -40.000      0.000      0.000      0.000      0.000
    90.000    -40.000      0.000      0.000      0.000      0.000
    95.000    -40.000      0.000      0.000      0.000      0.000
   100.000    -40.000      0.000      0.000      0.000      0.000
   105.000    -40.000      0.000      0.000      0.000      0.000
   110.000    -40.000      0.000      0.000      0.000      0.000
   115.000    -40.000      0.000      0.000      0.000      0.000
   120.000    -40.000      0.000      0.000      0.000      0.000
   125.000    -40.000      0.000      0.000      0.000      0.000
   130.000    -40.000      0.000      0.000      0.000      0.000
   135.000    -40.000      0.000      0.000      0.000      0.000
   140.000    -40.000      0.000      0.000      0.000      0.000
   145.000    -40.000      0.000      0.000      0.000      0.000
   -25.000    -35.000      0.000      0.000      0.000      0.000
   -20.000    -35.000      0.000      0.000      0.000      0.000
   -15.000    -35.000      0.000      0.000      0.000      0.000
   -10.000    -35.000      0.000      0.000      0.000      0.000
    -5.000    -35.000      0.000      0.000      0.000      0.000
     0.000    -35.000      0.000      0.000      0.000      0.000
     5.000    -35.000      0.000      0.000      0.000      0.000
    10.000    -35.000      0.000      0.000      0.000      0.000
    15.000    -35.000      0.000      0.000      0.000      0.000
    20.000    -35.000      0.000      0.000      0.000      0.000
    25.000    -35.000      0.000      0.000      0.000      0.000
    30.000    -35.000      0.000      0.000      0.000      0.000
    35.000    -35.000      0.000      0.000      0.000      0.000
    40.000    -35.000      0.000      0.000      0.000      0.000
    45.000    -35.000      0.000      0.000      0.000      0.000
    50.000    -35.000      0.000      0.000      0.000      0.000
    55.000    -35.000      0.000      0.000      0.000      0.000
    60.000    -35.000      0.000      0.000      0.000      0.000
    65.000    -35.000      0.000      0.000      0.000      0.000
    70.000    -35.000      0.000      0.000      0.000      0.000
    75.000    -35.000      0.000      0.000      0.000      0.000
    80.000    -35.000      0.000      0.000      0.000      0.000
    85.000    -35.000      0.000      0.000      0.000      0.000
    90.000    -35.000      0.000      0.000      0.000      0.000
    95.000    -35.000      0.000      0.000      0.000      0.000
   100.000    -35.000      0.000      0.000      0.000      0.000
   105.000    -35.000      0.000      0.000      0.000      0.000
   110.000    -35.000      0.000      0.000      0.000      0.000
   115.000    -35.000      0.000      0.000      0.000      0.000
   120.000    -35.000      0.000      0.000      0.000      0.000
   125.000    -35.000      0.000      0.000      0.000      0.000
   130.000    -35.000      0.000      0.000      0.000      0.000
   135.000    -35.000      0.000      0.000      0.000      0.000
   140.000    -35.000      0.000      0.000      0.000      0.000
   145.000    -35.000      0.000      0.000      0.000      0.000
   -25.000    -30.000      0.000      0.000      0.000      0.000
   -20.000    -30.000      0.000      0.000      0.000      0.000
   -15.000    -30.000      0.000      0.000      0.000      0.000
   -10.000    -30.000      0.000      0.000      0.429     66.257
    -5.000    -30.000      0.000      0.000      0.962     62.608
     0.000    -30.000      0.000      0.000      1.554     58.203
     5.000    -30.000      0.000      0.000      2.190     53.258
    10.000    -30.000      0.000      0.000      2.527     46.193
    15.000    -30.000      0.000      0.000      2.494     37.868
    20.000    -30.000      0.000      0.000      2.183     31.150
    25.000    -30.000      0.000      0.000      2.197     36.287
    30.000    -30.000      0.000      0.000      1.642     27.365
    35.000    -30.000      0.000      0.000      0.518     10.245
    40.000    -30.000      0.000      0.000      0.989    -83.542
    45.000    -30.000      0.000      0.000      2.220    -89.059
    50.000    -30.000      0.000      0.000      2.630    -80.601
    55.000    -30.000      0.020     71.870      2.599    -66.330
    60.000    -30.000      0.074      5.265      2.713    -60.455
    65.000    -30.000      0.103     15.209      3.034    -59.120
    70.000    -30.000      0.122     14.232      3.331    -57.917
    75.000    -30.000      0.132     13.673      3.070    -51.782
    80.000    -30.000      0.131     10.888      3.116    -52.058
    85.000    -30.000      0.131     11.950      2.965    -53.988
    90.000    -30.000      0.121     16.062      2.994    -51.778
    95.000    -30.000      0.108     16.251      3.113    -44.131
   100.000    -30.000      0.096     11.428      2.991    -29.312
   105.000    -30.000      0.101      1.323      3.046    -27.069
   110.000    -30.000      0.120    -10.647      2.951    -25.857
   115.000    -30.000      0.148    -17.964      2.865    -29.223
   120.000    -30.000      0.159    -22.315      2.545    -30.800
   125.000    -30.000      0.149    -31.238      1.720    -27.124
   130.000    -30.000      0.105    -42.882      0.883    -16.457
   135.000    -30.000      0.000      0.000      0.000      0.000
   140.000    -30.000      0.000      0.000      0.000      0.000
   145.000    -30.000      0.000      0.000      0.000      0.000
   -25.000    -25.000      0.000      0.000      0.000      0.000
   -20.000    -25.000      0.000      0.000      0.000      0.000
   -15.000    -25.000      0.000      0.000      0.000      0.000
   -10.000    -25.000      0.000      0.000      0.321     58.333
    -5.000    -25.000      0.000      0.000      1.072     66.414
     0.000    -25.000      0.000      0.000      2.037     68.967
     5.000    -25.000      0.000      0.000      2.806     62.134
    10.000    -25.000      0.000      0.000      3.292     50.955
    15.000    -25.000      0.000      0.000      3.428     40.374
    20.000    -25.000      0.000      0.000      3.191     31.812
    25.000    -25.000      0.000      0.000      2.900     26.450
    30.000    -25.000      0.000      0.000      2.285     11.734
    35.000    -25.000      0.000      0.000      1.378    -33.698
    40.000    -25.000      0.000      0.000      2.027    -81.315
    45.000    -25.000      0.000      0.000      4.372    -89.358
    50.000    -25.000      0.000      0.000      5.422    -86.853
    55.000    -25.000      0.003     38.007      5.434    -75.575
    60.000    -25.000      0.050     32.376      5.348    -65.760
    65.000    -25.000      0.107     18.852      5.592    -60.255
    70.000    -25.000      0.159     11.680      5.876    -58.844
    75.000    -25.000      0.205     14.226      5.729    -56.662
    80.000    -25.000      0.227     17.691      5.481    -54.964
    85.000    -25.000      0.234     17.743      5.111    -48.474
    90.000    -25.000      0.226     14.376      5.160    -45.198
    95.000    -25.000      0.219      7.580      5.223    -42.384
   100.000    -25.000      0.230     -0.253      5.127    -32.774
   105.000    -25.000      0.246     -3.823      5.235    -28.144
   110.000    -25.000      0.255     -7.974      5.386    -29.131
   115.000    -25.000      0.255    -14.597      5.025    -31.338
   120.000    -25.000      0.236    -24.473      4.218    -29.860
   125.000    -25.000      0.192    -35.525      2.765    -27.766
   130.000    -25.000      0.117    -50.758      1.351    -26.096
   135.000    -25.000      0.000      0.000      0.000      0.000
   140.000    -25.000      0.000      0.000      0.000      0.000
   145.000    -25.000      0.000      0.000      0.000      0.000
   -25.000    -20.000      0.000      0.000      0.000      0.000
   -20.000    -20.000      0.000      0.000      0.000      0.000
   -15.000    -20.000      0.000      0.000      0.000      0.000
   -10.000    -20.000      0.000      0.000      0.836     56.998
    -5.000    -20.000      0.000      0.000      1.553     62.520
     0.000    -20.000      0.000      0.000      2.025     59.203
     5.000    -20.000      0.000      0.000      2.452     49.021
    10.000    -20.000      0.000      0.000      2.978     36.499
    15.000    -20.000      0.000      0.000      3.525     29.218
    20.000    -20.000      0.000      0.000      3.395     19.427
    25.000    -20.000      0.000      0.000      2.985      0.519
    30.000    -20.000      0.000      0.000      2.678    -27.124
    35.000    -20.000      0.000      0.000      3.019    -69.906
    40.000    -20.000      0.000      0.000      4.484    -89.452
    45.000    -20.000      0.000      0.000      6.646    -92.511
    50.000    -20.000      0.000      0.000      8.134    -90.851
    55.000    -20.000      0.000      0.000      8.394    -83.908
    60.000    -20.000      0.042      8.892      7.900    -74.024
    65.000    -20.000      0.105     16.160      7.804    -66.086
    70.000    -20.000      0.181     20.914      7.714    -62.005
    75.000    -20.000      0.241     22.298      7.222    -58.206
    80.000    -20.000      0.282     22.110      6.843    -57.519
    85.000    -20.000      0.301     20.007      6.409    -50.691
    90.000    -20.000      0.302     15.420      6.167    -41.985
    95.000    -20.000      0.302      9.220      6.235    -38.665
   100.000    -20.000      0.310      1.864      6.106    -32.001
   105.000    -20.000      0.314     -5.434      6.105    -28.705
   110.000    -20.000      0.314    -12.280      6.436    -31.829
   115.000    -20.000      0.304    -19.452      5.926    -32.286
   120.000    -20.000      0.268    -27.025      4.744    -29.578
   125.000    -20.000      0.215    -37.804      3.142    -26.604
   130.000    -20.000      0.129    -53.109      1.615    -29.098
   135.000    -20.000      0.000      0.000      0.000      0.000
   140.000    -20.000      0.000      0.000      0.000      0.000
   145.000    -20.000      0.000      0.000      0.000      0.000
   -25.000    -15.000      0.000      0.000      0.000      0.000
   -20.000    -15.000      0.000      0.000      0.000      0.000
   -15.000    -15.000      0.000      0.000      0.000      0.000
   -10.000    -15.000      0.000      0.000      1.150     55.983
    -5.000    -15.000      0.000      0.000      1.534     63.420
     0.000    -15.000      0.000      0.000      1.899     52.914
     5.000    -15.000      0.000      0.000      2.349     39.890
    10.000    -15.000      0.000      0.000      2.664     17.074
    15.000    -15.000      0.000      0.000      3.230      1.593
    20.000    -15.000      0.000      0.000      3.451    -16.257
    25.000    -15.000      0.000      0.000      3.680    -40.978
    30.000    -15.000      0.000      0.000      4.455    -63.209
    35.000    -15.000      0.000      0.000      6.014    -81.853
    40.000    -15.000      0.000      0.000      7.698    -93.882
    45.000    -15.000      0.000      0.000      9.617    -97.335
    50.000    -15.000      0.000      0.000     10.617    -95.945
    55.000    -15.000      0.000      0.000     10.818    -90.533
    60.000    -15.000      0.039    -37.094     10.398    -82.779
    65.000    -15.000      0.136     15.262      9.509    -74.281
    70.000    -15.000      0.224     15.449      8.653    -67.868
    75.000    -15.000      0.273     17.789      7.741    -61.293
    80.000    -15.000      0.301     20.001      6.985    -57.887
    85.000    -15.000      0.310     22.888      6.508    -52.581
    90.000    -15.000      0.310     24.948      6.297    -41.940
    95.000    -15.000      0.300     23.816      6.136    -35.450
   100.000    -15.000      0.287     16.221      5.996    -29.811
   105.000    -15.000      0.283      5.797      5.926    -28.828
   110.000    -15.000      0.306     -3.684      6.030    -33.402
   115.000    -15.000      0.322    -12.579      5.647    -34.232
   120.000    -15.000      0.315    -19.148      4.344    -27.836
   125.000    -15.000      0.269    -22.164      2.945    -20.788
   130.000    -15.000      0.164    -20.061      1.616    -22.847
   135.000    -15.000      0.000      0.000      0.000      0.000
   140.000    -15.000      0.000      0.000      0.000      0.000
   145.000    -15.000      0.000      0.000      0.000      0.000
   -25.000    -10.000      0.000      0.000      0.000      0.000
   -20.000    -10.000      0.000      0.000      0.000      0.000
   -15.000    -10.000      0.000      0.000      0.000      0.000
   -10.000    -10.000      0.000      0.000      0.991     70.374
    -5.000    -10.000      0.000      0.000      1.321     61.080
     0.000    -10.000      0.000      0.000      1.481     44.504
     5.000    -10.000      0.000      0.000      1.675     22.490
    10.000    -10.000      0.000      0.000      2.374     -7.473
    15.000    -10.000      0.000      0.000      3.418    -39.866
    20.000    -10.000      0.000      0.000      4.592    -57.123
    25.000    -10.000      0.000      0.000      6.076    -68.773
    30.000    -10.000      0.000      0.000      7.544    -79.982
    35.000    -10.000      0.000      0.000      9.615    -89.238
    40.000    -10.000      0.000      0.000     10.922    -96.677
    45.000    -10.000      0.000      0.000     12.425   -100.147
    50.000    -10.000      0.000      0.000     13.140   -100.580
    55.000    -10.000      0.000      0.000     12.643    -96.412
    60.000    -10.000      0.007    -57.321     12.251    -90.450
    65.000    -10.000      0.151     -1.246     11.012    -82.354
    70.000    -10.000      0.238      7.781      9.183    -74.618
    75.000    -10.000      0.278     11.383      7.605    -67.154
    80.000    -10.000      0.290     15.881      6.324    -59.349
    85.000    -10.000      0.284     23.709      5.742    -53.105
    90.000    -10.000      0.282     32.069      5.525    -42.689
    95.000    -10.000      0.276     37.957      5.158    -30.167
   100.000    -10.000      0.265     40.305      4.972    -23.616
   105.000    -10.000      0.254     36.282      4.828    -24.854
   110.000    -10.000      0.261     27.306      4.724    -31.817
   115.000    -10.000      0.281     17.310      3.991    -31.726
   120.000    -10.000      0.297      8.794      3.022    -21.829
   125.000    -10.000      0.272      3.490      2.131    -15.181
   130.000    -10.000      0.171      1.734      1.247    -13.968
   135.000    -10.000      0.000      0.000      0.000      0.000
   140.000    -10.000      0.000      0.000      0.000      0.000
   145.000    -10.000      0.000      0.000      0.000      0.000
   -25.000     -5.000      0.000      0.000      0.000      0.000
   -20.000     -5.000      0.000      0.000      0.000      0.000
   -15.000     -5.000      0.000      0.000      0.000      0.000
   -10.000     -5.000      0.000      0.000      0.920     45.096
    -5.000     -5.000      0.000      0.000      1.234     31.452
     0.000     -5.000      0.000      0.000      1.220      5.392
     5.000     -5.000      0.000      0.000      1.624    -28.883
    10.000     -5.000      0.000      0.000      2.915    -46.994
    15.000     -5.000      0.000      0.000      4.846    -65.511
    20.000     -5.000      0.000      0.000      7.089    -78.528
    25.000     -5.000      0.000      0.000      9.244    -84.992
    30.000     -5.000      0.000      0.000     11.051    -88.719
    35.000     -5.000      0.000      0.000     12.885    -95.660
    40.000     -5.000      0.000      0.000     14.238    -99.185
    45.000     -5.000      0.000      0.000     14.701   -102.580
    50.000     -5.000      0.000      0.000     14.704   -104.124
    55.000     -5.000      0.000      0.000     14.309   -102.606
    60.000     -5.000      0.005    -23.031     13.105    -98.454
    65.000     -5.000      0.148    -15.516     11.577    -91.180
    70.000     -5.000      0.244     -5.271      9.215    -82.334
    75.000     -5.000      0.278     -1.115      6.662    -73.741
    80.000     -5.000      0.268      6.094      5.098    -63.572
    85.000     -5.000      0.235     18.122      4.332    -52.557
    90.000     -5.000      0.208     35.052      4.157    -43.946
    95.000     -5.000      0.202     52.824      3.879    -29.368
   100.000     -5.000      0.217     64.670      3.617    -19.371
   105.000     -5.000      0.243     68.044      3.523    -25.354
   110.000     -5.000      0.266     67.578      3.108    -33.936
   115.000     -5.000      0.269     64.197      2.208    -33.497
   120.000     -5.000      0.251     57.230      1.284    -18.395
   125.000     -5.000      0.219     47.982      0.803    -10.203
   130.000     -5.000      0.155     41.301      0.496     -6.514
   135.000     -5.000      0.000      0.000      0.000      0.000
   140.000     -5.000      0.000      0.000      0.000      0.000
   145.000     -5.000      0.000      0.000      0.000      0.000
   -25.000      0.000      0.000      0.000      0.000      0.000
   -20.000      0.000      0.000      0.000      0.000      0.000
   -15.000      0.000      0.000      0.000      0.000      0.000
   -10.000      0.000      0.000      0.000      0.844      2.598
    -5.000      0.000      0.000      0.000      1.241    -24.082
     0.000      0.000      0.000      0.000      2.063    -51.468
     5.000      0.000      0.000      0.000      3.299    -66.018
    10.000      0.000      0.000      0.000      4.586    -74.080
    15.000      0.000      0.000      0.000      6.753    -81.916
    20.000      0.000      0.000      0.000      9.523    -88.884
    25.000      0.000      0.000      0.000     12.145    -94.240
    30.000      0.000      0.000      0.000     14.032    -96.985
    35.000      0.000      0.000      0.000     15.897   -100.179
    40.000      0.000      0.000      0.000     16.965   -102.341
    45.000      0.000      0.000      0.000     16.748   -104.905
    50.000      0.000      0.000      0.000     16.062   -106.827
    55.000      0.000      0.000      0.000     15.086   -106.704
    60.000      0.000      0.003     29.613     13.570   -105.624
    65.000      0.000      0.096    -19.758     11.398   -100.440
    70.000      0.000      0.190    -10.939      8.826    -92.577
    75.000      0.000      0.229    -10.625      5.963    -84.379
    80.000      0.000      0.216     -6.962      3.931    -72.280
    85.000      0.000      0.175      5.033      2.729    -53.936
    90.000      0.000      0.139     33.598      2.427    -37.008
    95.000      0.000      0.166     70.852      2.479    -23.850
   100.000      0.000      0.243     90.091      2.434    -17.136
   105.000      0.000      0.320     94.341      2.169    -28.575
   110.000      0.000      0.373     93.754      1.480    -42.357
   115.000      0.000      0.393     92.457      0.529    -47.683
   120.000      0.000      0.372     90.160      0.032    172.468
   125.000      0.000      0.299     87.508      0.257    140.584
   130.000      0.000      0.179     84.455      0.453    119.477
   135.000      0.000      0.000      0.000      0.000      0.000
   140.000      0.000      0.000      0.000      0.000      0.000
   145.000      0.000      0.000      0.000      0.000      0.000
   -25.000      5.000      0.000      0.000      0.000      0.000
   -20.000      5.000      0.000      0.000      0.000      0.000
   -15.000      5.000      0.000      0.000      0.000      0.000
   -10.000      5.000      0.000      0.000      0.953    -24.917
    -5.000      5.000      0.000      0.000      2.203    -58.263
     0.000      5.000      0.000      0.000      3.695    -70.851
     5.000      5.000      0.000      0.000      5.352    -78.629
    10.000      5.000      0.000      0.000      7.095    -83.104
    15.000      5.000      0.000      0.000      9.033    -88.107
    20.000      5.000      0.000      0.000     11.934    -93.472
    25.000      5.000      0.000      0.000     14.739    -97.763
    30.000      5.000      0.000      0.000     16.515   -102.091
    35.000      5.000      0.000      0.000     17.836   -104.078
    40.000      5.000      0.000      0.000     18.905   -105.722
    45.000      5.000      0.000      0.000     18.137   -107.861
    50.000      5.000      0.000      0.000     16.678   -109.478
    55.000      5.000      0.000      0.000     15.073   -111.159
    60.000      5.000      0.006     72.430     13.360   -110.990
    65.000      5.000      0.050     45.180     11.014   -109.612
    70.000      5.000      0.091    -15.415      8.253   -104.931
    75.000      5.000      0.131    -26.279      5.383    -97.637
    80.000      5.000      0.127    -24.626      3.034    -86.988
    85.000      5.000      0.094     -7.872      1.251    -54.143
    90.000      5.000      0.087     42.796      0.841      2.382
    95.000      5.000      0.155     79.069      1.098      9.828
   100.000      5.000      0.255     90.380      1.163     -2.404
   105.000      5.000      0.343     93.985      0.833     -8.213
   110.000      5.000      0.415     95.359      0.160    -65.475
   115.000      5.000      0.450     96.511      0.747    161.115
   120.000      5.000      0.435     98.275      0.982    168.101
   125.000      5.000      0.356    100.316      0.885    171.548
   130.000      5.000      0.209    102.314      0.689    140.389
   135.000      5.000      0.000      0.000      0.000      0.000
   140.000      5.000      0.000      0.000      0.000      0.000
   145.000      5.000      0.000      0.000      0.000      0.000
   -25.000     10.000      0.000      0.000      0.000      0.000
   -20.000     10.000      0.000      0.000      0.000      0.000
   -15.000     10.000      0.000      0.000      0.000      0.000
   -10.000     10.000      0.000      0.000      1.304    -57.445
    -5.000     10.000      0.000      0.000      2.965    -69.754
     0.000     10.000      0.000      0.000      4.815    -76.294
     5.000     10.000      0.000      0.000      6.740    -81.127
    10.000     10.000      0.000      0.000      8.671    -84.875
    15.000     10.000      0.000      0.000     10.388    -89.639
    20.000     10.000      0.000      0.000     12.965    -94.550
    25.000     10.000      0.000      0.000     15.440    -99.756
    30.000     10.000      0.000      0.000     17.189   -103.803
    35.000     10.000      0.000      0.000     18.384   -106.360
    40.000     10.000      0.000      0.000     19.035   -107.365
    45.000     10.000      0.000      0.000     18.395   -108.523
    50.000     10.000      0.000      0.000     16.159   -111.558
    55.000     10.000      0.000      0.000     14.094   -114.099
    60.000     10.000      0.003    145.965     12.197   -115.865
    65.000     10.000      0.044    111.627     10.203   -117.897
    70.000     10.000      0.041   -167.187      7.811   -118.111
    75.000     10.000      0.053   -132.037      5.204   -114.708
    80.000     10.000      0.043   -114.483      2.645   -111.150
    85.000     10.000      0.010    -93.312      0.234   -126.574
    90.000     10.000      0.044     70.311      0.899     83.126
    95.000     10.000      0.109     80.349      0.843     81.138
   100.000     10.000      0.185     85.345      0.505     69.749
   105.000     10.000      0.267     88.138      0.476    107.837
   110.000     10.000      0.339     89.821      0.743    154.151
   115.000     10.000      0.385     91.480      1.329    158.595
   120.000     10.000      0.379     93.732      1.488    168.793
   125.000     10.000      0.309     97.860      1.335    169.700
   130.000     10.000      0.173    105.699      0.716    167.464
   135.000     10.000      0.000      0.000      0.000      0.000
   140.000     10.000      0.000      0.000      0.000      0.000
   145.000     10.000      0.000      0.000      0.000      0.000
   -25.000     15.000      0.000      0.000      0.000      0.000
   -20.000     15.000      0.000      0.000      0.000      0.000
   -15.000     15.000      0.000      0.000      0.000      0.000
   -10.000     15.000      0.000      0.000      1.470    -65.162
    -5.000     15.000      0.000      0.000      3.445    -72.741
     0.000     15.000      0.000      0.000      5.289    -77.082
     5.000     15.000      0.000      0.000      7.025    -80.345
    10.000     15.000      0.000      0.000      8.818    -84.023
    15.000     15.000      0.000      0.000     10.331    -90.133
    20.000     15.000      0.000      0.000     12.285    -95.539
    25.000     15.000      0.000      0.000     14.404   -101.096
    30.000     15.000      0.000      0.000     15.991   -105.006
    35.000     15.000      0.000      0.000     16.890   -107.317
    40.000     15.000      0.000      0.000     17.584   -108.451
    45.000     15.000      0.000      0.000     17.181   -108.980
    50.000     15.000      0.000      0.000     14.704   -112.583
    55.000     15.000      0.000      0.000     12.417   -116.862
    60.000     15.000      0.020     93.660     10.340   -120.557
    65.000     15.000      0.109   -152.462      8.826   -124.504
    70.000     15.000      0.144   -161.715      7.158   -126.467
    75.000     15.000      0.149   -165.783      5.216   -126.692
    80.000     15.000      0.132   -168.623      2.434   -137.120
    85.000     15.000      0.097   -172.485      0.923    159.906
    90.000     15.000      0.058    178.711      1.383    103.854
    95.000     15.000      0.046    110.694      1.359    104.505
   100.000     15.000      0.101     76.079      1.046    128.554
   105.000     15.000      0.171     71.726      1.146    135.966
   110.000     15.000      0.224     73.834      1.305    151.134
   115.000     15.000      0.257     78.489      1.518    158.196
   120.000     15.000      0.259     82.929      1.701    167.564
   125.000     15.000      0.225     88.608      1.476    179.522
   130.000     15.000      0.134     96.602      0.874   -164.029
   135.000     15.000      0.000      0.000      0.000      0.000
   140.000     15.000      0.000      0.000      0.000      0.000
   145.000     15.000      0.000      0.000      0.000      0.000
   -25.000     20.000      0.000      0.000      0.000      0.000
   -20.000     20.000      0.000      0.000      0.000      0.000
   -15.000     20.000      0.000      0.000      0.000      0.000
   -10.000     20.000      0.000      0.000      1.565    -70.298
    -5.000     20.000      0.000      0.000      2.920    -74.092
     0.000     20.000      0.000      0.000      4.349    -78.676
     5.000     20.000      0.000      0.000      5.894    -81.566
    10.000     20.000      0.000      0.000      7.394    -84.434
    15.000     20.000      0.000      0.000      8.648    -90.547
    20.000     20.000      0.000      0.000     10.361    -96.651
    25.000     20.000      0.000      0.000     11.999   -101.803
    30.000     20.000      0.000      0.000     13.165   -105.361
    35.000     20.000      0.000      0.000     13.728   -107.667
    40.000     20.000      0.000      0.000     14.175   -108.990
    45.000     20.000      0.000      0.000     14.115   -109.802
    50.000     20.000      0.000      0.000     11.892   -113.763
    55.000     20.000      0.000      0.000      9.939   -118.265
    60.000     20.000      0.045   -158.529      8.175   -124.988
    65.000     20.000      0.135   -157.088      7.095   -129.534
    70.000     20.000      0.170   -168.002      5.991   -132.938
    75.000     20.000      0.179   -173.421      4.450   -138.402
    80.000     20.000      0.169   -174.522      2.635   -152.020
    85.000     20.000      0.136   -173.275      1.295    160.367
    90.000     20.000      0.088   -173.664      1.230    118.743
    95.000     20.000      0.040    166.775      1.490    108.952
   100.000     20.000      0.037     83.236      1.351    137.195
   105.000     20.000      0.080     58.633      1.385    153.659
   110.000     20.000      0.120     55.804      1.322    163.927
   115.000     20.000      0.146     59.278      1.428    171.299
   120.000     20.000      0.151     64.628      1.496    171.017
   125.000     20.000      0.134     70.972      1.283   -175.922
   130.000     20.000      0.082     75.920      0.778   -172.514
   135.000     20.000      0.000      0.000      0.000      0.000
   140.000     20.000      0.000      0.000      0.000      0.000
   145.000     20.000      0.000      0.000      0.000      0.000
   -25.000     25.000      0.000      0.000      0.000      0.000
   -20.000     25.000      0.000      0.000      0.000      0.000
   -15.000     25.000      0.000      0.000      0.000      0.000
   -10.000     25.000      0.000      0.000      0.814    -60.696
    -5.000     25.000      0.000      0.000      1.831    -72.963
     0.000     25.000      0.000      0.000      3.072    -79.457
     5.000     25.000      0.000      0.000      4.355    -81.387
    10.000     25.000      0.000      0.000      5.426    -84.168
    15.000     25.000      0.000      0.000      6.436    -91.805
    20.000     25.000      0.000      0.000      7.671    -97.520
    25.000     25.000      0.000      0.000      8.569   -102.347
    30.000     25.000      0.000      0.000      9.224   -105.499
    35.000     25.000      0.000      0.000      9.639   -107.255
    40.000     25.000      0.000      0.000      9.891   -109.776
    45.000     25.000      0.000      0.000      9.896   -111.119
    50.000     25.000      0.000      0.000      8.408   -114.816
    55.000     25.000      0.004    102.326      6.831   -120.221
    60.000     25.000      0.055    128.888      5.539   -127.684
    65.000     25.000      0.091    157.495      4.708   -135.523
    70.000     25.000      0.118    164.296      4.125   -138.690
    75.000     25.000      0.132    169.283      3.295   -144.577
    80.000     25.000      0.130    173.813      2.289   -157.762
    85.000     25.000      0.114    178.324      1.303    167.393
    90.000     25.000      0.088   -179.991      1.065    126.281
    95.000     25.000      0.060    178.658      1.244    112.298
   100.000     25.000      0.033    163.084      1.169    130.623
   105.000     25.000      0.016     96.021      1.153    162.356
   110.000     25.000      0.038     38.907      1.193    168.314
   115.000     25.000      0.058     30.699      1.188    166.431
   120.000     25.000      0.064     33.197      1.139    172.795
   125.000     25.000      0.062     39.278      0.946   -176.803
   130.000     25.000      0.048     46.143      0.565   -162.511
   135.000     25.000      0.000      0.000      0.000      0.000
   140.000     25.000      0.000      0.000      0.000      0.000
   145.000     25.000      0.000      0.000      0.000      0.000
   -25.000     30.000      0.000      0.000      0.000      0.000
   -20.000     30.000      0.000      0.000      0.000      0.000
   -15.000     30.000      0.000      0.000      0.000      0.000
   -10.000     30.000      0.000      0.000      0.559    -57.292
    -5.000     30.000      0.000      0.000      1.133    -72.592
     0.000     30.000      0.000      0.000      1.804    -80.298
     5.000     30.000      0.000      0.000      2.462    -81.552
    10.000     30.000      0.000      0.000      2.974    -83.588
    15.000     30.000      0.000      0.000      3.472    -89.320
    20.000     30.000      0.000      0.000      4.210    -96.521
    25.000     30.000      0.000      0.000      4.616   -100.819
    30.000     30.000      0.000      0.000      4.723   -104.527
    35.000     30.000      0.000      0.000      4.793   -107.603
    40.000     30.000      0.000      0.000      5.005   -109.861
    45.000     30.000      0.000      0.000      5.118   -111.564
    50.000     30.000      0.000      0.000      4.142   -115.144
    55.000     30.000      0.037     60.582      3.300   -121.003
    60.000     30.000      0.056     94.823      2.807   -128.768
    65.000     30.000      0.057    119.814      2.214   -139.226
    70.000     30.000      0.062    132.550      1.893   -147.452
    75.000     30.000      0.066    140.448      1.631   -153.622
    80.000     30.000      0.069    152.294      1.275   -162.878
    85.000     30.000      0.073    169.760      0.771    163.985
    90.000     30.000      0.067    176.352      0.749    132.681
    95.000     30.000      0.050   -177.284      0.687    120.633
   100.000     30.000      0.034   -171.482      0.606    126.813
   105.000     30.000      0.020   -157.835      0.550    172.574
   110.000     30.000      0.012    -96.609      0.712    173.234
   115.000     30.000      0.023    -40.016      0.709    171.613
   120.000     30.000      0.033    -22.081      0.593    161.144
   125.000     30.000      0.042    -15.716      0.477    179.517
   130.000     30.000      0.038    -10.566      0.231   -144.552
   135.000     30.000      0.000      0.000      0.000      0.000
   140.000     30.000      0.000      0.000      0.000      0.000
   145.000     30.000      0.000      0.000      0.000      0.000
   -25.000     35.000      0.000      0.000      0.000      0.000
   -20.000     35.000      0.000      0.000      0.000      0.000
   -15.000     35.000      0.000      0.000      0.000      0.000
   -10.000     35.000      0.000      0.000      0.000      0.000
    -5.000     35.000      0.000      0.000      0.000      0.000
     0.000     35.000      0.000      0.000      0.000      0.000
     5.000     35.000      0.000      0.000      0.000      0.000
    10.000     35.000      0.000      0.000      0.000      0.000
    15.000     35.000      0.000      0.000      0.000      0.000
    20.000     35.000      0.000      0.000      0.000      0.000
    25.000     35.000      0.000      0.000      0.000      0.000
    30.000     35.000      0.000      0.000      0.000      0.000
    35.000     35.000      0.000      0.000      0.000      0.000
    40.000     35.000      0.000      0.000      0.000      0.000
    45.000     35.000      0.000      0.000      0.000      0.000
    50.000     35.000      0.000      0.000      0.000      0.000
    55.000     35.000      0.000      0.000      0.000      0.000
    60.000     35.000      0.000      0.000      0.000      0.000
    65.000     35.000      0.000      0.000      0.000      0.000
    70.000     35.000      0.000      0.000      0.000      0.000
    75.000     35.000      0.000      0.000      0.000      0.000
    80.000     35.000      0.000      0.000      0.000      0.000
    85.000     35.000      0.000      0.000      0.000      0.000
    90.000     35.000      0.000      0.000      0.000      0.000
    95.000     35.000      0.000      0.000      0.000      0.000
   100.000     35.000      0.000      0.000      0.000      0.000
   105.000     35.000      0.000      0.000      0.000      0.000
   110.000     35.000      0.000      0.000      0.000      0.000
   115.000     35.000      0.000      0.000      0.000      0.000
   120.000     35.000      0.000      0.000      0.000      0.000
   125.000     35.000      0.000      0.000      0.000      0.000
   130.000     35.000      0.000      0.000      0.000      0.000
   135.000     35.000      0.000      0.000      0.000      0.000
   140.000     35.000      0.000      0.000      0.000      0.000
   145.000     35.000      0.000      0.000      0.000      0.000
   -25.000     40.000      0.000      0.000      0.000      0.000
   -20.000     40.000      0.000      0.000      0.000      0.000
   -15.000     40.000      0.000      0.000      0.000      0.000
   -10.000     40.000      0.000      0.000      0.000      0.000
    -5.000     40.000      0.000      0.000      0.000      0.000
     0.000     40.000      0.000      0.000      0.000      0.000
     5.000     40.000      0.000      0.000      0.000      0.000
    10.000     40.000      0.000      0.000      0.000      0.000
    15.000     40.000      0.000      0.000      0.000      0.000
    20.000     40.000      0.000      0.000      0.000      0.000
    25.000     40.000      0.000      0.000      0.000      0.000
    30.000     40.000      0.000      0.000      0.000      0.000
    35.000     40.000      0.000      0.000      0.000      0.000
    40.000     40.000      0.000      0.000      0.000      0.000
    45.000     40.000      0.000      0.000      0.000      0.000
    50.000     40.000      0.000      0.000      0.000      0.000
    55.000     40.000      0.000      0.000      0.000      0.000
    60.000     40.000      0.000      0.000      0.000      0.000
    65.000     40.000      0.000      0.000      0.000      0.000
    70.000     40.000      0.000      0.000      0.000      0.000
    75.000     40.000      0.000      0.000      0.000      0.000
    80.000     40.000      0.000      0.000      0.000      0.000
    85.000     40.000      0.000      0.000      0.000      0.000
    90.000     40.000      0.000      0.000      0.000      0.000
    95.000     40.000      0.000      0.000      0.000      0.000
   100.000     40.000      0.000      0.000      0.000      0.000
   105.000     40.000      0.000      0.000      0.000      0.000
   110.000     40.000      0.000      0.000      0.000      0.000
   115.000     40.000      0.000      0.000      0.000      0.000
   120.000     40.000      0.000      0.000      0.000      0.000
   125.000     40.000      0.000      0.000      0.000      0.000
   130.000     40.000      0.000      0.000      0.000      0.000
   135.000     40.000      0.000      0.000      0.000      0.000
   140.000     40.000      0.000      0.000      0.000      0.000
   145.000     40.000      0.000      0.000      0.000      0.000
   -25.000     45.000      0.000      0.000      0.000      0.000
   -20.000     45.000      0.000      0.000      0.000      0.000
   -15.000     45.000      0.000      0.000      0.000      0.000
   -10.000     45.000      0.000      0.000      0.000      0.000
    -5.000     45.000      0.000      0.000      0.000      0.000
     0.000     45.000      0.000      0.000      0.000      0.000
     5.000     45.000      0.000      0.000      0.000      0.000
    10.000     45.000      0.000      0.000      0.000      0.000
    15.000     45.000      0.000      0.000      0.000      0.000
    20.000     45.000      0.000      0.000      0.000      0.000
    25.000     45.000      0.000      0.000      0.000      0.000
    30.000     45.000      0.000      0.000      0.000      0.000
    35.000     45.000      0.000      0.000      0.000      0.000
    40.000     45.000      0.000      0.000      0.000      0.000
    45.000     45.000      0.000      0.000      0.000      0.000
    50.000     45.000      0.000      0.000      0.000      0.000
    55.000     45.000      0.000      0.000      0.000      0.000
    60.000     45.000      0.000      0.000      0.000      0.000
    65.000     45.000      0.000      0.000      0.000      0.000
    70.000     45.000      0.000      0.000      0.000      0.000
    75.000     45.000      0.000      0.000      0.000      0.000
    80.000     45.000      0.000      0.000      0.000      0.000
    85.000     45.000      0.000      0.000      0.000      0.000
    90.000     45.000      0.000      0.000      0.000      0.000
    95.000     45.000      0.000      0.000      0.000      0.000
   100.000     45.000      0.000      0.000      0.000      0.000
   105.000     45.000      0.000      0.000      0.000      0.000
   110.000     45.000      0.000      0.000      0.000      0.000
   115.000     45.000      0.000      0.000      0.000      0.000
   120.000     45.000      0.000      0.000      0.000      0.000
   125.000     45.000      0.000      0.000      0.000      0.000
   130.000     45.000      0.000      0.000      0.000      0.000
   135.000     45.000      0.000      0.000      0.000      0.000
   140.000     45.000      0.000      0.000      0.000      0.000
   145.000     45.000      0.000      0.000      0.000      0.000
