   -25.000    -45.000      0.000      0.000      0.000      0.000
   -20.000    -45.000      0.000      0.000      0.000      0.000
   -15.000    -45.000      0.000      0.000      0.000      0.000
   -10.000    -45.000      0.000      0.000      0.000      0.000
    -5.000    -45.000      0.000      0.000      0.000      0.000
     0.000    -45.000      0.000      0.000      0.000      0.000
     5.000    -45.000      0.000      0.000      0.000      0.000
    10.000    -45.000      0.000      0.000      0.000      0.000
    15.000    -45.000      0.000      0.000      0.000      0.000
    20.000    -45.000      0.000      0.000      0.000      0.000
    25.000    -45.000      0.000      0.000      0.000      0.000
    30.000    -45.000      0.000      0.000      0.000      0.000
    35.000    -45.000      0.000      0.000      0.000      0.000
    40.000    -45.000      0.000      0.000      0.000      0.000
    45.000    -45.000      0.000      0.000      0.000      0.000
    50.000    -45.000      0.000      0.000      0.000      0.000
    55.000    -45.000      0.000      0.000      0.000      0.000
    60.000    -45.000      0.000      0.000      0.000      0.000
    65.000    -45.000      0.000      0.000      0.000      0.000
    70.000    -45.000      0.000      0.000      0.000      0.000
    75.000    -45.000      0.000      0.000      0.000      0.000
    80.000    -45.000      0.000      0.000      0.000      0.000
    85.000    -45.000      0.000      0.000      0.000      0.000
    90.000    -45.000      0.000      0.000      0.000      0.000
    95.000    -45.000      0.000      0.000      0.000      0.000
   100.000    -45.000      0.000      0.000      0.000      0.000
   105.000    -45.000      0.000      0.000      0.000      0.000
   110.000    -45.000      0.000      0.000      0.000      0.000
   115.000    -45.000      0.000      0.000      0.000      0.000
   120.000    -45.000      0.000      0.000      0.000      0.000
   125.000    -45.000      0.000      0.000      0.000      0.000
   130.000    -45.000      0.000      0.000      0.000      0.000
   135.000    -45.000      0.000      0.000      0.000      0.000
   140.000    -45.000      0.000      0.000      0.000      0.000
   145.000    -45.000      0.000      0.000      0.000      0.000
   -25.000    -40.000      0.000      0.000      0.000      0.000
   -20.000    -40.000      0.000      0.000      0.000      0.000
   -15.000    -40.000      0.000      0.000      0.000      0.000
   -10.000    -40.000      0.000      0.000      0.000      0.000
    -5.000    -40.000      0.000      0.000      0.000      0.000
     0.000    -40.000      0.000      0.000      0.000      0.000
     5.000    -40.000      0.000      0.000      0.000      0.000
    10.000    -40.000      0.000      0.000      0.000      0.000
    15.000    -40.000      0.000      0.000      0.000      0.000
    20.000    -40.000      0.000      0.000      0.000      0.000
    25.000    -40.000      0.000      0.000      0.000      0.000
    30.000    -40.000      0.000      0.000      0.000      0.000
    35.000    -40.000      0.000      0.000      0.000      0.000
    40.000    -40.000      0.000      0.000      0.000      0.000
    45.000    -40.000      0.000      0.000      0.000      0.000
    50.000    -40.000      0.000      0.000      0.000      0.000
    55.000    -40.000      0.000      0.000      0.000      0.000
    60.000    -40.000      0.000      0.000      0.000      0.000
    65.000    -40.000      0.000      0.000      0.000      0.000
    70.000    -40.000      0.000      0.000      0.000      0.000
    75.000    -40.000      0.000      0.000      0.000      0.000
    80.000    -40.000      0.000      0.000      0.000      0.000
    85.000    -40.000      0.000      0.000      0.000      0.000
    90.000    -40.000      0.000      0.000      0.000      0.000
    95.000    -40.000      0.000      0.000      0.000      0.000
   100.000    -40.000      0.000      0.000      0.000      0.000
   105.000    -40.000      0.000      0.000      0.000      0.000
   110.000    -40.000      0.000      0.000      0.000      0.000
   115.000    -40.000      0.000      0.000      0.000      0.000
   120.000    -40.000      0.000      0.000      0.000      0.000
   125.000    -40.000      0.000      0.000      0.000      0.000
   130.000    -40.000      0.000      0.000      0.000      0.000
   135.000    -40.000      0.000      0.000      0.000      0.000
   140.000    -40.000      0.000      0.000      0.000      0.000
   145.000    -40.000      0.000      0.000      0.000      0.000
   -25.000    -35.000      0.000      0.000      0.000      0.000
   -20.000    -35.000      0.000      0.000      0.000      0.000
   -15.000    -35.000      0.000      0.000      0.000      0.000
   -10.000    -35.000      0.000      0.000      0.000      0.000
    -5.000    -35.000      0.000      0.000      0.000      0.000
     0.000    -35.000      0.000      0.000      0.000      0.000
     5.000    -35.000      0.000      0.000      0.000      0.000
    10.000    -35.000      0.000      0.000      0.000      0.000
    15.000    -35.000      0.000      0.000      0.000      0.000
    20.000    -35.000      0.000      0.000      0.000      0.000
    25.000    -35.000      0.000      0.000      0.000      0.000
    30.000    -35.000      0.000      0.000      0.000      0.000
    35.000    -35.000      0.000      0.000      0.000      0.000
    40.000    -35.000      0.000      0.000      0.000      0.000
    45.000    -35.000      0.000      0.000      0.000      0.000
    50.000    -35.000      0.000      0.000      0.000      0.000
    55.000    -35.000      0.000      0.000      0.000      0.000
    60.000    -35.000      0.000      0.000      0.000      0.000
    65.000    -35.000      0.000      0.000      0.000      0.000
    70.000    -35.000      0.000      0.000      0.000      0.000
    75.000    -35.000      0.000      0.000      0.000      0.000
    80.000    -35.000      0.000      0.000      0.000      0.000
    85.000    -35.000      0.000      0.000      0.000      0.000
    90.000    -35.000      0.000      0.000      0.000      0.000
    95.000    -35.000      0.000      0.000      0.000      0.000
   100.000    -35.000      0.000      0.000      0.000      0.000
   105.000    -35.000      0.000      0.000      0.000      0.000
   110.000    -35.000      0.000      0.000      0.000      0.000
   115.000    -35.000      0.000      0.000      0.000      0.000
   120.000    -35.000      0.000      0.000      0.000      0.000
   125.000    -35.000      0.000      0.000      0.000      0.000
   130.000    -35.000      0.000      0.000      0.000      0.000
   135.000    -35.000      0.000      0.000      0.000      0.000
   140.000    -35.000      0.000      0.000      0.000      0.000
   145.000    -35.000      0.000      0.000      0.000      0.000
   -25.000    -30.000      0.000      0.000      0.000      0.000
   -20.000    -30.000      0.000      0.000      0.000      0.000
   -15.000    -30.000      0.000      0.000      0.000      0.000
   -10.000    -30.000      0.000      0.000      0.000      0.000
    -5.000    -30.000      0.000      0.000      0.000      0.000
     0.000    -30.000      0.000      0.000      0.000      0.000
     5.000    -30.000      0.000      0.000      0.000      0.000
    10.000    -30.000      0.000      0.000      0.000      0.000
    15.000    -30.000      0.000      0.000      0.000      0.000
    20.000    -30.000      0.000      0.000      0.000      0.000
    25.000    -30.000      0.000      0.000      0.000      0.000
    30.000    -30.000      0.000      0.000      0.000      0.000
    35.000    -30.000      0.000      0.000      0.000      0.000
    40.000    -30.000      0.000      0.000      0.000      0.000
    45.000    -30.000      0.000      0.000      0.000      0.000
    50.000    -30.000      0.000      0.000      0.000      0.000
    55.000    -30.000      0.000      0.000      0.000      0.000
    60.000    -30.000      0.000      0.000      0.000      0.000
    65.000    -30.000      0.000      0.000      0.000      0.000
    70.000    -30.000      0.000      0.000      0.000      0.000
    75.000    -30.000      0.000      0.000      0.000      0.000
    80.000    -30.000      0.000      0.000      0.000      0.000
    85.000    -30.000      0.000      0.000      0.000      0.000
    90.000    -30.000      0.000      0.000      0.000      0.000
    95.000    -30.000      0.000      0.000      0.000      0.000
   100.000    -30.000      0.000      0.000      0.000      0.000
   105.000    -30.000      0.000      0.000      0.000      0.000
   110.000    -30.000      0.000      0.000      0.000      0.000
   115.000    -30.000      0.000      0.000      0.000      0.000
   120.000    -30.000      0.000      0.000      0.000      0.000
   125.000    -30.000      0.000      0.000      0.000      0.000
   130.000    -30.000      0.000      0.000      0.000      0.000
   135.000    -30.000      0.000      0.000      0.000      0.000
   140.000    -30.000      0.000      0.000      0.000      0.000
   145.000    -30.000      0.000      0.000      0.000      0.000
   -25.000    -25.000      0.000      0.000      0.000      0.000
   -20.000    -25.000      0.000      0.000      0.000      0.000
   -15.000    -25.000      0.000      0.000      0.000      0.000
   -10.000    -25.000      0.032    -88.932      0.032    -88.932
    -5.000    -25.000      0.037    -92.596      0.037    -92.596
     0.000    -25.000      0.025   -122.328      0.025   -122.328
     5.000    -25.000      0.021   -150.065      0.021   -150.065
    10.000    -25.000      0.013   -147.881      0.013   -147.881
    15.000    -25.000      0.000      0.000      0.000      0.000
    20.000    -25.000      0.000      0.000      0.000      0.000
    25.000    -25.000      0.000      0.000      0.000      0.000
    30.000    -25.000      0.000      0.000      0.000      0.000
    35.000    -25.000      0.000      0.000      0.000      0.000
    40.000    -25.000      0.000      0.000      0.000      0.000
    45.000    -25.000      0.000      0.000      0.000      0.000
    50.000    -25.000      0.000      0.000      0.000      0.000
    55.000    -25.000      0.000      0.000      0.000      0.000
    60.000    -25.000      0.000      0.000      0.000      0.000
    65.000    -25.000      0.000      0.000      0.000      0.000
    70.000    -25.000      0.000      0.000      0.000      0.000
    75.000    -25.000      0.000      0.000      0.000      0.000
    80.000    -25.000      0.000      0.000      0.000      0.000
    85.000    -25.000      0.000      0.000      0.000      0.000
    90.000    -25.000      0.000      0.000      0.000      0.000
    95.000    -25.000      0.000      0.000      0.000      0.000
   100.000    -25.000      0.000      0.000      0.000      0.000
   105.000    -25.000      0.000      0.000      0.000      0.000
   110.000    -25.000      0.000      0.000      0.000      0.000
   115.000    -25.000      0.000      0.000      0.000      0.000
   120.000    -25.000      0.000      0.000      0.000      0.000
   125.000    -25.000      0.000      0.000      0.000      0.000
   130.000    -25.000      0.000      0.000      0.000      0.000
   135.000    -25.000      0.000      0.000      0.000      0.000
   140.000    -25.000      0.000      0.000      0.000      0.000
   145.000    -25.000      0.000      0.000      0.000      0.000
   -25.000    -20.000      0.000      0.000      0.000      0.000
   -20.000    -20.000      0.000      0.000      0.000      0.000
   -15.000    -20.000      0.000      0.000      0.000      0.000
   -10.000    -20.000      0.068    -76.180      0.126    -75.628
    -5.000    -20.000      0.182    -98.670      0.271    -97.893
     0.000    -20.000      0.261   -108.962      0.409   -106.095
     5.000    -20.000      0.250   -111.911      0.415   -107.136
    10.000    -20.000      0.160   -106.083      0.244   -101.999
    15.000    -20.000      0.052    -92.404      0.054    -92.262
    20.000    -20.000      0.006    147.302      0.006    147.302
    25.000    -20.000      0.000      0.000      0.000      0.000
    30.000    -20.000      0.000      0.000      0.000      0.000
    35.000    -20.000      0.000      0.000      0.000      0.000
    40.000    -20.000      0.000      0.000      0.000      0.000
    45.000    -20.000      0.000      0.000      0.000      0.000
    50.000    -20.000      0.000      0.000      0.000      0.000
    55.000    -20.000      0.000      0.000      0.000      0.000
    60.000    -20.000      0.000      0.000      0.000      0.000
    65.000    -20.000      0.000      0.000      0.000      0.000
    70.000    -20.000      0.000      0.000      0.000      0.000
    75.000    -20.000      0.000      0.000      0.000      0.000
    80.000    -20.000      0.000      0.000      0.000      0.000
    85.000    -20.000      0.000      0.000      0.000      0.000
    90.000    -20.000      0.000      0.000      0.000      0.000
    95.000    -20.000      0.000      0.000      0.000      0.000
   100.000    -20.000      0.000      0.000      0.000      0.000
   105.000    -20.000      0.000      0.000      0.000      0.000
   110.000    -20.000      0.000      0.000      0.000      0.000
   115.000    -20.000      0.000      0.000      0.000      0.000
   120.000    -20.000      0.000      0.000      0.000      0.000
   125.000    -20.000      0.000      0.000      0.000      0.000
   130.000    -20.000      0.000      0.000      0.000      0.000
   135.000    -20.000      0.000      0.000      0.000      0.000
   140.000    -20.000      0.000      0.000      0.000      0.000
   145.000    -20.000      0.000      0.000      0.000      0.000
   -25.000    -15.000      0.000      0.000      0.000      0.000
   -20.000    -15.000      0.000      0.000      0.000      0.000
   -15.000    -15.000      0.000      0.000      0.000      0.000
   -10.000    -15.000      0.072    -72.668      0.092     -9.986
    -5.000    -15.000      0.176   -103.483      0.460   -112.553
     0.000    -15.000      0.254   -113.975      0.629   -119.039
     5.000    -15.000      0.289   -115.966      0.546   -125.162
    10.000    -15.000      0.259   -108.737      0.480   -102.882
    15.000    -15.000      0.176    -91.930      0.223    -91.599
    20.000    -15.000      0.112    -78.170      0.116    -78.212
    25.000    -15.000      0.000      0.000      0.000      0.000
    30.000    -15.000      0.000      0.000      0.000      0.000
    35.000    -15.000      0.000      0.000      0.000      0.000
    40.000    -15.000      0.000      0.000      0.000      0.000
    45.000    -15.000      0.000      0.000      0.000      0.000
    50.000    -15.000      0.000      0.000      0.000      0.000
    55.000    -15.000      0.000      0.000      0.000      0.000
    60.000    -15.000      0.000      0.000      0.000      0.000
    65.000    -15.000      0.000      0.000      0.000      0.000
    70.000    -15.000      0.000      0.000      0.000      0.000
    75.000    -15.000      0.000      0.000      0.000      0.000
    80.000    -15.000      0.000      0.000      0.000      0.000
    85.000    -15.000      0.000      0.000      0.000      0.000
    90.000    -15.000      0.000      0.000      0.000      0.000
    95.000    -15.000      0.000      0.000      0.000      0.000
   100.000    -15.000      0.000      0.000      0.000      0.000
   105.000    -15.000      0.000      0.000      0.000      0.000
   110.000    -15.000      0.000      0.000      0.000      0.000
   115.000    -15.000      0.000      0.000      0.000      0.000
   120.000    -15.000      0.000      0.000      0.000      0.000
   125.000    -15.000      0.000      0.000      0.000      0.000
   130.000    -15.000      0.000      0.000      0.000      0.000
   135.000    -15.000      0.000      0.000      0.000      0.000
   140.000    -15.000      0.000      0.000      0.000      0.000
   145.000    -15.000      0.000      0.000      0.000      0.000
   -25.000    -10.000      0.000      0.000      0.000      0.000
   -20.000    -10.000      0.000      0.000      0.000      0.000
   -15.000    -10.000      0.000      0.000      0.000      0.000
   -10.000    -10.000      0.044   -103.404      0.113    106.237
    -5.000    -10.000      0.131   -110.314      0.292   -101.212
     0.000    -10.000      0.215   -109.165      0.407   -114.307
     5.000    -10.000      0.234   -103.250      0.260   -133.354
    10.000    -10.000      0.191    -92.610      0.146    -38.528
    15.000    -10.000      0.154    -87.919      0.212    -88.480
    20.000    -10.000      0.129   -106.568      0.191   -109.750
    25.000    -10.000      0.018    -68.988      0.018    -68.988
    30.000    -10.000      0.000      0.000      0.000      0.000
    35.000    -10.000      0.000      0.000      0.000      0.000
    40.000    -10.000      0.000      0.000      0.000      0.000
    45.000    -10.000      0.000      0.000      0.000      0.000
    50.000    -10.000      0.000      0.000      0.000      0.000
    55.000    -10.000      0.000      0.000      0.000      0.000
    60.000    -10.000      0.000      0.000      0.000      0.000
    65.000    -10.000      0.000      0.000      0.000      0.000
    70.000    -10.000      0.000      0.000      0.000      0.000
    75.000    -10.000      0.000      0.000      0.000      0.000
    80.000    -10.000      0.000      0.000      0.000      0.000
    85.000    -10.000      0.000      0.000      0.000      0.000
    90.000    -10.000      0.000      0.000      0.000      0.000
    95.000    -10.000      0.000      0.000      0.000      0.000
   100.000    -10.000      0.000      0.000      0.000      0.000
   105.000    -10.000      0.000      0.000      0.000      0.000
   110.000    -10.000      0.000      0.000      0.000      0.000
   115.000    -10.000      0.000      0.000      0.000      0.000
   120.000    -10.000      0.000      0.000      0.000      0.000
   125.000    -10.000      0.000      0.000      0.000      0.000
   130.000    -10.000      0.000      0.000      0.000      0.000
   135.000    -10.000      0.000      0.000      0.000      0.000
   140.000    -10.000      0.000      0.000      0.000      0.000
   145.000    -10.000      0.000      0.000      0.000      0.000
   -25.000     -5.000      0.000      0.000      0.000      0.000
   -20.000     -5.000      0.000      0.000      0.000      0.000
   -15.000     -5.000      0.000      0.000      0.000      0.000
   -10.000     -5.000      0.026    -17.155      0.532     22.002
    -5.000     -5.000      0.035    -65.354      0.611     -9.079
     0.000     -5.000      0.044    -75.046      0.370    -36.870
     5.000     -5.000      0.033    -18.612      0.123    -31.153
    10.000     -5.000      0.058      1.206      0.314     31.589
    15.000     -5.000      0.098      0.933      0.464     34.063
    20.000     -5.000      0.088    -28.723      0.125     -6.765
    25.000     -5.000      0.023   -110.882      0.023   -110.882
    30.000     -5.000      0.000      0.000      0.000      0.000
    35.000     -5.000      0.000      0.000      0.000      0.000
    40.000     -5.000      0.000      0.000      0.000      0.000
    45.000     -5.000      0.000      0.000      0.000      0.000
    50.000     -5.000      0.000      0.000      0.000      0.000
    55.000     -5.000      0.000      0.000      0.000      0.000
    60.000     -5.000      0.000      0.000      0.000      0.000
    65.000     -5.000      0.000      0.000      0.000      0.000
    70.000     -5.000      0.000      0.000      0.000      0.000
    75.000     -5.000      0.000      0.000      0.000      0.000
    80.000     -5.000      0.000      0.000      0.000      0.000
    85.000     -5.000      0.000      0.000      0.000      0.000
    90.000     -5.000      0.000      0.000      0.000      0.000
    95.000     -5.000      0.000      0.000      0.000      0.000
   100.000     -5.000      0.000      0.000      0.000      0.000
   105.000     -5.000      0.000      0.000      0.000      0.000
   110.000     -5.000      0.000      0.000      0.000      0.000
   115.000     -5.000      0.000      0.000      0.000      0.000
   120.000     -5.000      0.000      0.000      0.000      0.000
   125.000     -5.000      0.000      0.000      0.000      0.000
   130.000     -5.000      0.000      0.000      0.000      0.000
   135.000     -5.000      0.000      0.000      0.000      0.000
   140.000     -5.000      0.000      0.000      0.000      0.000
   145.000     -5.000      0.000      0.000      0.000      0.000
   -25.000      0.000      0.000      0.000      0.000      0.000
   -20.000      0.000      0.000      0.000      0.000      0.000
   -15.000      0.000      0.000      0.000      0.000      0.000
   -10.000      0.000      0.091     -2.889      0.812     -0.254
    -5.000      0.000      0.125     -0.514      1.039     -6.376
     0.000      0.000      0.139     -7.932      0.918    -26.135
     5.000      0.000      0.149      0.421      0.662    -38.818
    10.000      0.000      0.149     13.823      0.378     13.910
    15.000      0.000      0.143     34.237      0.398     61.791
    20.000      0.000      0.089     50.983      0.212     64.189
    25.000      0.000      0.010   -106.451      0.010   -106.451
    30.000      0.000      0.000      0.000      0.000      0.000
    35.000      0.000      0.000      0.000      0.000      0.000
    40.000      0.000      0.000      0.000      0.000      0.000
    45.000      0.000      0.000      0.000      0.000      0.000
    50.000      0.000      0.000      0.000      0.000      0.000
    55.000      0.000      0.000      0.000      0.000      0.000
    60.000      0.000      0.000      0.000      0.000      0.000
    65.000      0.000      0.000      0.000      0.000      0.000
    70.000      0.000      0.000      0.000      0.000      0.000
    75.000      0.000      0.000      0.000      0.000      0.000
    80.000      0.000      0.000      0.000      0.000      0.000
    85.000      0.000      0.000      0.000      0.000      0.000
    90.000      0.000      0.000      0.000      0.000      0.000
    95.000      0.000      0.000      0.000      0.000      0.000
   100.000      0.000      0.000      0.000      0.000      0.000
   105.000      0.000      0.000      0.000      0.000      0.000
   110.000      0.000      0.000      0.000      0.000      0.000
   115.000      0.000      0.000      0.000      0.000      0.000
   120.000      0.000      0.000      0.000      0.000      0.000
   125.000      0.000      0.000      0.000      0.000      0.000
   130.000      0.000      0.000      0.000      0.000      0.000
   135.000      0.000      0.000      0.000      0.000      0.000
   140.000      0.000      0.000      0.000      0.000      0.000
   145.000      0.000      0.000      0.000      0.000      0.000
   -25.000      5.000      0.000      0.000      0.000      0.000
   -20.000      5.000      0.000      0.000      0.000      0.000
   -15.000      5.000      0.000      0.000      0.000      0.000
   -10.000      5.000      0.169      8.411      0.833     11.164
    -5.000      5.000      0.250      4.073      1.140    -19.378
     0.000      5.000      0.255     -0.694      1.193    -38.717
     5.000      5.000      0.236      5.083      0.956    -48.123
    10.000      5.000      0.203     13.940      0.508    -24.587
    15.000      5.000      0.165     34.109      0.231     23.029
    20.000      5.000      0.100     52.973      0.117     65.766
    25.000      5.000      0.018    -66.663      0.018    -66.663
    30.000      5.000      0.000      0.000      0.000      0.000
    35.000      5.000      0.000      0.000      0.000      0.000
    40.000      5.000      0.000      0.000      0.000      0.000
    45.000      5.000      0.000      0.000      0.000      0.000
    50.000      5.000      0.000      0.000      0.000      0.000
    55.000      5.000      0.000      0.000      0.000      0.000
    60.000      5.000      0.000      0.000      0.000      0.000
    65.000      5.000      0.000      0.000      0.000      0.000
    70.000      5.000      0.000      0.000      0.000      0.000
    75.000      5.000      0.000      0.000      0.000      0.000
    80.000      5.000      0.000      0.000      0.000      0.000
    85.000      5.000      0.000      0.000      0.000      0.000
    90.000      5.000      0.000      0.000      0.000      0.000
    95.000      5.000      0.000      0.000      0.000      0.000
   100.000      5.000      0.000      0.000      0.000      0.000
   105.000      5.000      0.000      0.000      0.000      0.000
   110.000      5.000      0.000      0.000      0.000      0.000
   115.000      5.000      0.000      0.000      0.000      0.000
   120.000      5.000      0.000      0.000      0.000      0.000
   125.000      5.000      0.000      0.000      0.000      0.000
   130.000      5.000      0.000      0.000      0.000      0.000
   135.000      5.000      0.000      0.000      0.000      0.000
   140.000      5.000      0.000      0.000      0.000      0.000
   145.000      5.000      0.000      0.000      0.000      0.000
   -25.000     10.000      0.000      0.000      0.000      0.000
   -20.000     10.000      0.000      0.000      0.000      0.000
   -15.000     10.000      0.000      0.000      0.000      0.000
   -10.000     10.000      0.203     29.187      0.555     19.696
    -5.000     10.000      0.273     12.139      0.862    -11.452
     0.000     10.000      0.305     -0.583      1.002    -29.234
     5.000     10.000      0.319     -5.152      0.914    -36.696
    10.000     10.000      0.289     -5.955      0.632    -27.792
    15.000     10.000      0.193     -2.875      0.292     -7.390
    20.000     10.000      0.141      1.315      0.225     -8.696
    25.000     10.000      0.012    -40.236      0.012    -40.236
    30.000     10.000      0.000      0.000      0.000      0.000
    35.000     10.000      0.000      0.000      0.000      0.000
    40.000     10.000      0.000      0.000      0.000      0.000
    45.000     10.000      0.000      0.000      0.000      0.000
    50.000     10.000      0.000      0.000      0.000      0.000
    55.000     10.000      0.000      0.000      0.000      0.000
    60.000     10.000      0.000      0.000      0.000      0.000
    65.000     10.000      0.000      0.000      0.000      0.000
    70.000     10.000      0.000      0.000      0.000      0.000
    75.000     10.000      0.000      0.000      0.000      0.000
    80.000     10.000      0.000      0.000      0.000      0.000
    85.000     10.000      0.000      0.000      0.000      0.000
    90.000     10.000      0.000      0.000      0.000      0.000
    95.000     10.000      0.000      0.000      0.000      0.000
   100.000     10.000      0.000      0.000      0.000      0.000
   105.000     10.000      0.000      0.000      0.000      0.000
   110.000     10.000      0.000      0.000      0.000      0.000
   115.000     10.000      0.000      0.000      0.000      0.000
   120.000     10.000      0.000      0.000      0.000      0.000
   125.000     10.000      0.000      0.000      0.000      0.000
   130.000     10.000      0.000      0.000      0.000      0.000
   135.000     10.000      0.000      0.000      0.000      0.000
   140.000     10.000      0.000      0.000      0.000      0.000
   145.000     10.000      0.000      0.000      0.000      0.000
   -25.000     15.000      0.000      0.000      0.000      0.000
   -20.000     15.000      0.000      0.000      0.000      0.000
   -15.000     15.000      0.000      0.000      0.000      0.000
   -10.000     15.000      0.123    -11.593      0.284     14.414
    -5.000     15.000      0.218    -30.555      0.638    -43.325
     0.000     15.000      0.269    -27.744      0.781    -40.219
     5.000     15.000      0.301    -21.941      0.717    -25.184
    10.000     15.000      0.309    -19.905      0.620    -25.194
    15.000     15.000      0.211    -24.848      0.263    -32.499
    20.000     15.000      0.138    -14.382      0.142    -14.468
    25.000     15.000      0.000      0.000      0.000      0.000
    30.000     15.000      0.000      0.000      0.000      0.000
    35.000     15.000      0.000      0.000      0.000      0.000
    40.000     15.000      0.000      0.000      0.000      0.000
    45.000     15.000      0.000      0.000      0.000      0.000
    50.000     15.000      0.000      0.000      0.000      0.000
    55.000     15.000      0.000      0.000      0.000      0.000
    60.000     15.000      0.000      0.000      0.000      0.000
    65.000     15.000      0.000      0.000      0.000      0.000
    70.000     15.000      0.000      0.000      0.000      0.000
    75.000     15.000      0.000      0.000      0.000      0.000
    80.000     15.000      0.000      0.000      0.000      0.000
    85.000     15.000      0.000      0.000      0.000      0.000
    90.000     15.000      0.000      0.000      0.000      0.000
    95.000     15.000      0.000      0.000      0.000      0.000
   100.000     15.000      0.000      0.000      0.000      0.000
   105.000     15.000      0.000      0.000      0.000      0.000
   110.000     15.000      0.000      0.000      0.000      0.000
   115.000     15.000      0.000      0.000      0.000      0.000
   120.000     15.000      0.000      0.000      0.000      0.000
   125.000     15.000      0.000      0.000      0.000      0.000
   130.000     15.000      0.000      0.000      0.000      0.000
   135.000     15.000      0.000      0.000      0.000      0.000
   140.000     15.000      0.000      0.000      0.000      0.000
   145.000     15.000      0.000      0.000      0.000      0.000
   -25.000     20.000      0.000      0.000      0.000      0.000
   -20.000     20.000      0.000      0.000      0.000      0.000
   -15.000     20.000      0.000      0.000      0.000      0.000
   -10.000     20.000      0.226    -76.479      0.329    -74.816
    -5.000     20.000      0.238    -75.216      0.342    -75.491
     0.000     20.000      0.191    -64.049      0.249    -66.037
     5.000     20.000      0.178    -39.741      0.212    -41.262
    10.000     20.000      0.198    -23.074      0.252    -25.063
    15.000     20.000      0.105     -7.093      0.108     -7.123
    20.000     20.000      0.010     -6.009      0.010     -6.009
    25.000     20.000      0.000      0.000      0.000      0.000
    30.000     20.000      0.000      0.000      0.000      0.000
    35.000     20.000      0.000      0.000      0.000      0.000
    40.000     20.000      0.000      0.000      0.000      0.000
    45.000     20.000      0.000      0.000      0.000      0.000
    50.000     20.000      0.000      0.000      0.000      0.000
    55.000     20.000      0.000      0.000      0.000      0.000
    60.000     20.000      0.000      0.000      0.000      0.000
    65.000     20.000      0.000      0.000      0.000      0.000
    70.000     20.000      0.000      0.000      0.000      0.000
    75.000     20.000      0.000      0.000      0.000      0.000
    80.000     20.000      0.000      0.000      0.000      0.000
    85.000     20.000      0.000      0.000      0.000      0.000
    90.000     20.000      0.000      0.000      0.000      0.000
    95.000     20.000      0.000      0.000      0.000      0.000
   100.000     20.000      0.000      0.000      0.000      0.000
   105.000     20.000      0.000      0.000      0.000      0.000
   110.000     20.000      0.000      0.000      0.000      0.000
   115.000     20.000      0.000      0.000      0.000      0.000
   120.000     20.000      0.000      0.000      0.000      0.000
   125.000     20.000      0.000      0.000      0.000      0.000
   130.000     20.000      0.000      0.000      0.000      0.000
   135.000     20.000      0.000      0.000      0.000      0.000
   140.000     20.000      0.000      0.000      0.000      0.000
   145.000     20.000      0.000      0.000      0.000      0.000
   -25.000     25.000      0.000      0.000      0.000      0.000
   -20.000     25.000      0.000      0.000      0.000      0.000
   -15.000     25.000      0.000      0.000      0.000      0.000
   -10.000     25.000      0.004    -58.692      0.004    -58.692
    -5.000     25.000      0.004   -152.981      0.004   -152.981
     0.000     25.000      0.004   -169.599      0.004   -169.599
     5.000     25.000      0.007     -5.274      0.007     -5.274
    10.000     25.000      0.015     -2.384      0.015     -2.384
    15.000     25.000      0.000      0.000      0.000      0.000
    20.000     25.000      0.000      0.000      0.000      0.000
    25.000     25.000      0.000      0.000      0.000      0.000
    30.000     25.000      0.000      0.000      0.000      0.000
    35.000     25.000      0.000      0.000      0.000      0.000
    40.000     25.000      0.000      0.000      0.000      0.000
    45.000     25.000      0.000      0.000      0.000      0.000
    50.000     25.000      0.000      0.000      0.000      0.000
    55.000     25.000      0.000      0.000      0.000      0.000
    60.000     25.000      0.000      0.000      0.000      0.000
    65.000     25.000      0.000      0.000      0.000      0.000
    70.000     25.000      0.000      0.000      0.000      0.000
    75.000     25.000      0.000      0.000      0.000      0.000
    80.000     25.000      0.000      0.000      0.000      0.000
    85.000     25.000      0.000      0.000      0.000      0.000
    90.000     25.000      0.000      0.000      0.000      0.000
    95.000     25.000      0.000      0.000      0.000      0.000
   100.000     25.000      0.000      0.000      0.000      0.000
   105.000     25.000      0.000      0.000      0.000      0.000
   110.000     25.000      0.000      0.000      0.000      0.000
   115.000     25.000      0.000      0.000      0.000      0.000
   120.000     25.000      0.000      0.000      0.000      0.000
   125.000     25.000      0.000      0.000      0.000      0.000
   130.000     25.000      0.000      0.000      0.000      0.000
   135.000     25.000      0.000      0.000      0.000      0.000
   140.000     25.000      0.000      0.000      0.000      0.000
   145.000     25.000      0.000      0.000      0.000      0.000
   -25.000     30.000      0.000      0.000      0.000      0.000
   -20.000     30.000      0.000      0.000      0.000      0.000
   -15.000     30.000      0.000      0.000      0.000      0.000
   -10.000     30.000      0.000      0.000      0.000      0.000
    -5.000     30.000      0.000      0.000      0.000      0.000
     0.000     30.000      0.000      0.000      0.000      0.000
     5.000     30.000      0.000      0.000      0.000      0.000
    10.000     30.000      0.000      0.000      0.000      0.000
    15.000     30.000      0.000      0.000      0.000      0.000
    20.000     30.000      0.000      0.000      0.000      0.000
    25.000     30.000      0.000      0.000      0.000      0.000
    30.000     30.000      0.000      0.000      0.000      0.000
    35.000     30.000      0.000      0.000      0.000      0.000
    40.000     30.000      0.000      0.000      0.000      0.000
    45.000     30.000      0.000      0.000      0.000      0.000
    50.000     30.000      0.000      0.000      0.000      0.000
    55.000     30.000      0.000      0.000      0.000      0.000
    60.000     30.000      0.000      0.000      0.000      0.000
    65.000     30.000      0.000      0.000      0.000      0.000
    70.000     30.000      0.000      0.000      0.000      0.000
    75.000     30.000      0.000      0.000      0.000      0.000
    80.000     30.000      0.000      0.000      0.000      0.000
    85.000     30.000      0.000      0.000      0.000      0.000
    90.000     30.000      0.000      0.000      0.000      0.000
    95.000     30.000      0.000      0.000      0.000      0.000
   100.000     30.000      0.000      0.000      0.000      0.000
   105.000     30.000      0.000      0.000      0.000      0.000
   110.000     30.000      0.000      0.000      0.000      0.000
   115.000     30.000      0.000      0.000      0.000      0.000
   120.000     30.000      0.000      0.000      0.000      0.000
   125.000     30.000      0.000      0.000      0.000      0.000
   130.000     30.000      0.000      0.000      0.000      0.000
   135.000     30.000      0.000      0.000      0.000      0.000
   140.000     30.000      0.000      0.000      0.000      0.000
   145.000     30.000      0.000      0.000      0.000      0.000
   -25.000     35.000      0.000      0.000      0.000      0.000
   -20.000     35.000      0.000      0.000      0.000      0.000
   -15.000     35.000      0.000      0.000      0.000      0.000
   -10.000     35.000      0.000      0.000      0.000      0.000
    -5.000     35.000      0.000      0.000      0.000      0.000
     0.000     35.000      0.000      0.000      0.000      0.000
     5.000     35.000      0.000      0.000      0.000      0.000
    10.000     35.000      0.000      0.000      0.000      0.000
    15.000     35.000      0.000      0.000      0.000      0.000
    20.000     35.000      0.000      0.000      0.000      0.000
    25.000     35.000      0.000      0.000      0.000      0.000
    30.000     35.000      0.000      0.000      0.000      0.000
    35.000     35.000      0.000      0.000      0.000      0.000
    40.000     35.000      0.000      0.000      0.000      0.000
    45.000     35.000      0.000      0.000      0.000      0.000
    50.000     35.000      0.000      0.000      0.000      0.000
    55.000     35.000      0.000      0.000      0.000      0.000
    60.000     35.000      0.000      0.000      0.000      0.000
    65.000     35.000      0.000      0.000      0.000      0.000
    70.000     35.000      0.000      0.000      0.000      0.000
    75.000     35.000      0.000      0.000      0.000      0.000
    80.000     35.000      0.000      0.000      0.000      0.000
    85.000     35.000      0.000      0.000      0.000      0.000
    90.000     35.000      0.000      0.000      0.000      0.000
    95.000     35.000      0.000      0.000      0.000      0.000
   100.000     35.000      0.000      0.000      0.000      0.000
   105.000     35.000      0.000      0.000      0.000      0.000
   110.000     35.000      0.000      0.000      0.000      0.000
   115.000     35.000      0.000      0.000      0.000      0.000
   120.000     35.000      0.000      0.000      0.000      0.000
   125.000     35.000      0.000      0.000      0.000      0.000
   130.000     35.000      0.000      0.000      0.000      0.000
   135.000     35.000      0.000      0.000      0.000      0.000
   140.000     35.000      0.000      0.000      0.000      0.000
   145.000     35.000      0.000      0.000      0.000      0.000
   -25.000     40.000      0.000      0.000      0.000      0.000
   -20.000     40.000      0.000      0.000      0.000      0.000
   -15.000     40.000      0.000      0.000      0.000      0.000
   -10.000     40.000      0.000      0.000      0.000      0.000
    -5.000     40.000      0.000      0.000      0.000      0.000
     0.000     40.000      0.000      0.000      0.000      0.000
     5.000     40.000      0.000      0.000      0.000      0.000
    10.000     40.000      0.000      0.000      0.000      0.000
    15.000     40.000      0.000      0.000      0.000      0.000
    20.000     40.000      0.000      0.000      0.000      0.000
    25.000     40.000      0.000      0.000      0.000      0.000
    30.000     40.000      0.000      0.000      0.000      0.000
    35.000     40.000      0.000      0.000      0.000      0.000
    40.000     40.000      0.000      0.000      0.000      0.000
    45.000     40.000      0.000      0.000      0.000      0.000
    50.000     40.000      0.000      0.000      0.000      0.000
    55.000     40.000      0.000      0.000      0.000      0.000
    60.000     40.000      0.000      0.000      0.000      0.000
    65.000     40.000      0.000      0.000      0.000      0.000
    70.000     40.000      0.000      0.000      0.000      0.000
    75.000     40.000      0.000      0.000      0.000      0.000
    80.000     40.000      0.000      0.000      0.000      0.000
    85.000     40.000      0.000      0.000      0.000      0.000
    90.000     40.000      0.000      0.000      0.000      0.000
    95.000     40.000      0.000      0.000      0.000      0.000
   100.000     40.000      0.000      0.000      0.000      0.000
   105.000     40.000      0.000      0.000      0.000      0.000
   110.000     40.000      0.000      0.000      0.000      0.000
   115.000     40.000      0.000      0.000      0.000      0.000
   120.000     40.000      0.000      0.000      0.000      0.000
   125.000     40.000      0.000      0.000      0.000      0.000
   130.000     40.000      0.000      0.000      0.000      0.000
   135.000     40.000      0.000      0.000      0.000      0.000
   140.000     40.000      0.000      0.000      0.000      0.000
   145.000     40.000      0.000      0.000      0.000      0.000
   -25.000     45.000      0.000      0.000      0.000      0.000
   -20.000     45.000      0.000      0.000      0.000      0.000
   -15.000     45.000      0.000      0.000      0.000      0.000
   -10.000     45.000      0.000      0.000      0.000      0.000
    -5.000     45.000      0.000      0.000      0.000      0.000
     0.000     45.000      0.000      0.000      0.000      0.000
     5.000     45.000      0.000      0.000      0.000      0.000
    10.000     45.000      0.000      0.000      0.000      0.000
    15.000     45.000      0.000      0.000      0.000      0.000
    20.000     45.000      0.000      0.000      0.000      0.000
    25.000     45.000      0.000      0.000      0.000      0.000
    30.000     45.000      0.000      0.000      0.000      0.000
    35.000     45.000      0.000      0.000      0.000      0.000
    40.000     45.000      0.000      0.000      0.000      0.000
    45.000     45.000      0.000      0.000      0.000      0.000
    50.000     45.000      0.000      0.000      0.000      0.000
    55.000     45.000      0.000      0.000      0.000      0.000
    60.000     45.000      0.000      0.000      0.000      0.000
    65.000     45.000      0.000      0.000      0.000      0.000
    70.000     45.000      0.000      0.000      0.000      0.000
    75.000     45.000      0.000      0.000      0.000      0.000
    80.000     45.000      0.000      0.000      0.000      0.000
    85.000     45.000      0.000      0.000      0.000      0.000
    90.000     45.000      0.000      0.000      0.000      0.000
    95.000     45.000      0.000      0.000      0.000      0.000
   100.000     45.000      0.000      0.000      0.000      0.000
   105.000     45.000      0.000      0.000      0.000      0.000
   110.000     45.000      0.000      0.000      0.000      0.000
   115.000     45.000      0.000      0.000      0.000      0.000
   120.000     45.000      0.000      0.000      0.000      0.000
   125.000     45.000      0.000      0.000      0.000      0.000
   130.000     45.000      0.000      0.000      0.000      0.000
   135.000     45.000      0.000      0.000      0.000      0.000
   140.000     45.000      0.000      0.000      0.000      0.000
   145.000     45.000      0.000      0.000      0.000      0.000
