   -25.000    -45.000      0.000      0.000      0.000      0.000
   -20.000    -45.000      0.000      0.000      0.000      0.000
   -15.000    -45.000      0.000      0.000      0.000      0.000
   -10.000    -45.000      0.000      0.000      0.000      0.000
    -5.000    -45.000      0.000      0.000      0.000      0.000
     0.000    -45.000      0.000      0.000      0.000      0.000
     5.000    -45.000      0.000      0.000      0.000      0.000
    10.000    -45.000      0.000      0.000      0.000      0.000
    15.000    -45.000      0.000      0.000      0.000      0.000
    20.000    -45.000      0.000      0.000      0.000      0.000
    25.000    -45.000      0.000      0.000      0.000      0.000
    30.000    -45.000      0.000      0.000      0.000      0.000
    35.000    -45.000      0.000      0.000      0.000      0.000
    40.000    -45.000      0.000      0.000      0.000      0.000
    45.000    -45.000      0.000      0.000      0.000      0.000
    50.000    -45.000      0.000      0.000      0.000      0.000
    55.000    -45.000      0.000      0.000      0.000      0.000
    60.000    -45.000      0.000      0.000      0.000      0.000
    65.000    -45.000      0.000      0.000      0.000      0.000
    70.000    -45.000      0.000      0.000      0.000      0.000
    75.000    -45.000      0.000      0.000      0.000      0.000
    80.000    -45.000      0.000      0.000      0.000      0.000
    85.000    -45.000      0.000      0.000      0.000      0.000
    90.000    -45.000      0.000      0.000      0.000      0.000
    95.000    -45.000      0.000      0.000      0.000      0.000
   100.000    -45.000      0.000      0.000      0.000      0.000
   105.000    -45.000      0.000      0.000      0.000      0.000
   110.000    -45.000      0.000      0.000      0.000      0.000
   115.000    -45.000      0.000      0.000      0.000      0.000
   120.000    -45.000      0.000      0.000      0.000      0.000
   125.000    -45.000      0.000      0.000      0.000      0.000
   130.000    -45.000      0.000      0.000      0.000      0.000
   135.000    -45.000      0.000      0.000      0.000      0.000
   140.000    -45.000      0.000      0.000      0.000      0.000
   145.000    -45.000      0.000      0.000      0.000      0.000
   -25.000    -40.000      0.000      0.000      0.000      0.000
   -20.000    -40.000      0.000      0.000      0.000      0.000
   -15.000    -40.000      0.000      0.000      0.000      0.000
   -10.000    -40.000      0.000      0.000      0.000      0.000
    -5.000    -40.000      0.000      0.000      0.000      0.000
     0.000    -40.000      0.000      0.000      0.000      0.000
     5.000    -40.000      0.000      0.000      0.000      0.000
    10.000    -40.000      0.000      0.000      0.000      0.000
    15.000    -40.000      0.000      0.000      0.000      0.000
    20.000    -40.000      0.000      0.000      0.000      0.000
    25.000    -40.000      0.000      0.000      0.000      0.000
    30.000    -40.000      0.000      0.000      0.000      0.000
    35.000    -40.000      0.000      0.000      0.000      0.000
    40.000    -40.000      0.000      0.000      0.000      0.000
    45.000    -40.000      0.000      0.000      0.000      0.000
    50.000    -40.000      0.000      0.000      0.000      0.000
    55.000    -40.000      0.000      0.000      0.000      0.000
    60.000    -40.000      0.000      0.000      0.000      0.000
    65.000    -40.000      0.000      0.000      0.000      0.000
    70.000    -40.000      0.000      0.000      0.000      0.000
    75.000    -40.000      0.000      0.000      0.000      0.000
    80.000    -40.000      0.000      0.000      0.000      0.000
    85.000    -40.000      0.000      0.000      0.000      0.000
    90.000    -40.000      0.000      0.000      0.000      0.000
    95.000    -40.000      0.000      0.000      0.000      0.000
   100.000    -40.000      0.000      0.000      0.000      0.000
   105.000    -40.000      0.000      0.000      0.000      0.000
   110.000    -40.000      0.000      0.000      0.000      0.000
   115.000    -40.000      0.000      0.000      0.000      0.000
   120.000    -40.000      0.000      0.000      0.000      0.000
   125.000    -40.000      0.000      0.000      0.000      0.000
   130.000    -40.000      0.000      0.000      0.000      0.000
   135.000    -40.000      0.000      0.000      0.000      0.000
   140.000    -40.000      0.000      0.000      0.000      0.000
   145.000    -40.000      0.000      0.000      0.000      0.000
   -25.000    -35.000      0.000      0.000      0.000      0.000
   -20.000    -35.000      0.000      0.000      0.000      0.000
   -15.000    -35.000      0.000      0.000      0.000      0.000
   -10.000    -35.000      0.000      0.000      0.000      0.000
    -5.000    -35.000      0.000      0.000      0.000      0.000
     0.000    -35.000      0.000      0.000      0.000      0.000
     5.000    -35.000      0.000      0.000      0.000      0.000
    10.000    -35.000      0.000      0.000      0.000      0.000
    15.000    -35.000      0.000      0.000      0.000      0.000
    20.000    -35.000      0.000      0.000      0.000      0.000
    25.000    -35.000      0.000      0.000      0.000      0.000
    30.000    -35.000      0.000      0.000      0.000      0.000
    35.000    -35.000      0.000      0.000      0.000      0.000
    40.000    -35.000      0.000      0.000      0.000      0.000
    45.000    -35.000      0.000      0.000      0.000      0.000
    50.000    -35.000      0.000      0.000      0.000      0.000
    55.000    -35.000      0.000      0.000      0.000      0.000
    60.000    -35.000      0.000      0.000      0.000      0.000
    65.000    -35.000      0.000      0.000      0.000      0.000
    70.000    -35.000      0.000      0.000      0.000      0.000
    75.000    -35.000      0.000      0.000      0.000      0.000
    80.000    -35.000      0.000      0.000      0.000      0.000
    85.000    -35.000      0.000      0.000      0.000      0.000
    90.000    -35.000      0.000      0.000      0.000      0.000
    95.000    -35.000      0.000      0.000      0.000      0.000
   100.000    -35.000      0.000      0.000      0.000      0.000
   105.000    -35.000      0.000      0.000      0.000      0.000
   110.000    -35.000      0.000      0.000      0.000      0.000
   115.000    -35.000      0.000      0.000      0.000      0.000
   120.000    -35.000      0.000      0.000      0.000      0.000
   125.000    -35.000      0.000      0.000      0.000      0.000
   130.000    -35.000      0.000      0.000      0.000      0.000
   135.000    -35.000      0.000      0.000      0.000      0.000
   140.000    -35.000      0.000      0.000      0.000      0.000
   145.000    -35.000      0.000      0.000      0.000      0.000
   -25.000    -30.000      0.000      0.000      0.000      0.000
   -20.000    -30.000      0.000      0.000      0.000      0.000
   -15.000    -30.000      0.000      0.000      0.000      0.000
   -10.000    -30.000      0.074   -107.994      0.715     85.925
    -5.000    -30.000      0.095   -120.792      1.286     77.822
     0.000    -30.000      0.084   -131.155      1.792     68.910
     5.000    -30.000      0.062   -143.202      2.283     61.530
    10.000    -30.000      0.050   -148.455      2.531     53.896
    15.000    -30.000      0.050   -160.820      2.548     46.594
    20.000    -30.000      0.060   -167.451      2.463     42.215
    25.000    -30.000      0.066   -148.910      2.523     46.130
    30.000    -30.000      0.081   -118.202      1.772     44.552
    35.000    -30.000      0.120    -99.568      0.774     63.598
    40.000    -30.000      0.152    -93.723      0.206     85.031
    45.000    -30.000      0.174    -91.218      0.793   -111.499
    50.000    -30.000      0.178    -88.587      0.943    -97.866
    55.000    -30.000      0.171    -85.566      0.660    -76.445
    60.000    -30.000      0.166    -85.115      0.577    -83.566
    65.000    -30.000      0.150    -82.606      0.893    -91.441
    70.000    -30.000      0.124    -74.727      1.226    -93.691
    75.000    -30.000      0.090    -61.914      0.955   -100.784
    80.000    -30.000      0.062    -30.812      1.145   -107.923
    85.000    -30.000      0.054     -4.899      1.307   -121.207
    90.000    -30.000      0.056      1.422      1.310   -121.408
    95.000    -30.000      0.058    -10.104      0.995   -112.375
   100.000    -30.000      0.065    -34.393      0.174   -108.525
   105.000    -30.000      0.078    -57.625      0.041    -32.934
   110.000    -30.000      0.099    -65.850      0.136     72.838
   115.000    -30.000      0.111    -59.283      0.059    -10.259
   120.000    -30.000      0.120    -51.626      0.131    -50.762
   125.000    -30.000      0.009    -81.604      0.009    -81.604
   130.000    -30.000      0.000      0.000      0.000      0.000
   135.000    -30.000      0.000      0.000      0.000      0.000
   140.000    -30.000      0.000      0.000      0.000      0.000
   145.000    -30.000      0.000      0.000      0.000      0.000
   -25.000    -25.000      0.000      0.000      0.000      0.000
   -20.000    -25.000      0.000      0.000      0.000      0.000
   -15.000    -25.000      0.000      0.000      0.000      0.000
   -10.000    -25.000      0.025    -66.736      0.660     60.763
    -5.000    -25.000      0.032   -122.761      1.454     65.142
     0.000    -25.000      0.075   -153.085      2.259     67.273
     5.000    -25.000      0.105   -155.766      2.888     62.123
    10.000    -25.000      0.106   -149.559      3.272     52.034
    15.000    -25.000      0.059   -165.543      3.544     43.403
    20.000    -25.000      0.044   -159.634      3.599     36.571
    25.000    -25.000      0.068   -120.703      3.294     31.559
    30.000    -25.000      0.121   -100.203      2.468     27.512
    35.000    -25.000      0.174    -88.680      0.986     10.386
    40.000    -25.000      0.232    -81.466      0.462    -71.039
    45.000    -25.000      0.276    -77.975      2.090   -100.698
    50.000    -25.000      0.304    -77.213      2.708   -104.379
    55.000    -25.000      0.316    -76.186      2.266    -96.721
    60.000    -25.000      0.304    -74.944      1.813    -90.338
    65.000    -25.000      0.282    -73.171      1.893    -89.746
    70.000    -25.000      0.255    -70.592      2.263    -95.599
    75.000    -25.000      0.237    -69.379      2.309   -103.247
    80.000    -25.000      0.209    -66.929      2.332   -111.751
    85.000    -25.000      0.189    -67.328      1.880   -117.708
    90.000    -25.000      0.175    -70.422      1.760   -117.255
    95.000    -25.000      0.176    -68.459      1.554   -116.298
   100.000    -25.000      0.204    -65.068      0.613   -116.597
   105.000    -25.000      0.247    -63.755      0.162    -62.176
   110.000    -25.000      0.276    -64.086      0.419    -39.760
   115.000    -25.000      0.277    -61.839      0.455    -57.609
   120.000    -25.000      0.213    -52.135      0.316    -42.766
   125.000    -25.000      0.015    -38.456      0.015    -38.456
   130.000    -25.000      0.000      0.000      0.000      0.000
   135.000    -25.000      0.000      0.000      0.000      0.000
   140.000    -25.000      0.000      0.000      0.000      0.000
   145.000    -25.000      0.000      0.000      0.000      0.000
   -25.000    -20.000      0.000      0.000      0.000      0.000
   -20.000    -20.000      0.000      0.000      0.000      0.000
   -15.000    -20.000      0.000      0.000      0.000      0.000
   -10.000    -20.000      0.047     99.563      0.823     57.884
    -5.000    -20.000      0.090    147.924      1.538     62.026
     0.000    -20.000      0.118   -178.022      2.063     57.916
     5.000    -20.000      0.136   -151.998      2.559     48.312
    10.000    -20.000      0.133   -127.750      3.093     37.227
    15.000    -20.000      0.021    -68.611      3.515     28.567
    20.000    -20.000      0.057      6.379      3.432     18.596
    25.000    -20.000      0.102    -25.771      3.032      2.797
    30.000    -20.000      0.168    -44.774      2.416    -16.475
    35.000    -20.000      0.240    -53.979      2.090    -63.901
    40.000    -20.000      0.302    -59.590      2.742    -91.018
    45.000    -20.000      0.353    -63.501      4.277    -99.796
    50.000    -20.000      0.393    -67.381      4.994   -104.982
    55.000    -20.000      0.416    -69.790      4.713   -103.279
    60.000    -20.000      0.419    -70.440      3.852    -98.878
    65.000    -20.000      0.412    -69.580      3.557    -95.178
    70.000    -20.000      0.392    -70.928      3.556    -97.947
    75.000    -20.000      0.371    -73.483      3.273   -104.343
    80.000    -20.000      0.348    -74.775      3.355   -113.130
    85.000    -20.000      0.332    -72.828      2.738   -115.577
    90.000    -20.000      0.317    -70.987      1.892   -115.146
    95.000    -20.000      0.309    -68.134      1.567   -111.955
   100.000    -20.000      0.336    -65.913      0.744   -110.703
   105.000    -20.000      0.383    -63.366      0.300    -84.429
   110.000    -20.000      0.421    -63.025      0.865    -63.788
   115.000    -20.000      0.402    -62.305      0.821    -64.244
   120.000    -20.000      0.264    -57.583      0.388    -57.813
   125.000    -20.000      0.018    -58.819      0.018    -58.819
   130.000    -20.000      0.000      0.000      0.000      0.000
   135.000    -20.000      0.000      0.000      0.000      0.000
   140.000    -20.000      0.000      0.000      0.000      0.000
   145.000    -20.000      0.000      0.000      0.000      0.000
   -25.000    -15.000      0.000      0.000      0.000      0.000
   -20.000    -15.000      0.000      0.000      0.000      0.000
   -15.000    -15.000      0.000      0.000      0.000      0.000
   -10.000    -15.000      0.075    -26.231      1.149     56.251
    -5.000    -15.000      0.003   -176.379      1.534     63.420
     0.000    -15.000      0.005    -81.581      1.899     52.914
     5.000    -15.000      0.006      7.706      2.349     39.890
    10.000    -15.000      0.071   -106.569      2.667     17.166
    15.000    -15.000      0.109     -4.347      3.159      1.178
    20.000    -15.000      0.199     16.395      3.367    -18.034
    25.000    -15.000      0.253     -2.557      3.556    -42.012
    30.000    -15.000      0.306    -19.997      4.045    -63.543
    35.000    -15.000      0.356    -34.182      5.131    -85.012
    40.000    -15.000      0.411    -44.843      6.084    -98.147
    45.000    -15.000      0.452    -51.883      7.467   -103.379
    50.000    -15.000      0.475    -56.231      7.943   -106.182
    55.000    -15.000      0.482    -60.497      7.442   -105.924
    60.000    -15.000      0.481    -65.473      6.690   -103.378
    65.000    -15.000      0.486    -69.081      5.760   -101.394
    70.000    -15.000      0.488    -70.089      5.007   -103.008
    75.000    -15.000      0.478    -70.507      4.187   -106.036
    80.000    -15.000      0.469    -72.078      3.778   -113.201
    85.000    -15.000      0.439    -72.051      3.269   -115.812
    90.000    -15.000      0.415    -69.578      2.222   -109.780
    95.000    -15.000      0.409    -66.407      1.502   -105.803
   100.000    -15.000      0.436    -65.686      0.807    -97.659
   105.000    -15.000      0.470    -67.081      0.614    -84.779
   110.000    -15.000      0.489    -68.990      1.136    -81.247
   115.000    -15.000      0.429    -69.604      1.218    -77.752
   120.000    -15.000      0.260    -67.549      0.445    -74.299
   125.000    -15.000      0.012     -3.691      0.012     -3.691
   130.000    -15.000      0.000      0.000      0.000      0.000
   135.000    -15.000      0.000      0.000      0.000      0.000
   140.000    -15.000      0.000      0.000      0.000      0.000
   145.000    -15.000      0.000      0.000      0.000      0.000
   -25.000    -10.000      0.000      0.000      0.000      0.000
   -20.000    -10.000      0.000      0.000      0.000      0.000
   -15.000    -10.000      0.000      0.000      0.000      0.000
   -10.000    -10.000      0.000      0.000      0.991     70.374
    -5.000    -10.000      0.000      0.000      1.321     61.080
     0.000    -10.000      0.000      0.000      1.481     44.504
     5.000    -10.000      0.000      0.000      1.675     22.490
    10.000    -10.000      0.000      0.000      2.374     -7.473
    15.000    -10.000      0.129     -0.595      3.412    -39.959
    20.000    -10.000      0.235     18.313      4.597    -58.432
    25.000    -10.000      0.299     -2.966      5.881    -71.539
    30.000    -10.000      0.377    -20.365      7.028    -84.121
    35.000    -10.000      0.459    -32.630      8.884    -94.312
    40.000    -10.000      0.511    -40.660      9.751   -101.580
    45.000    -10.000      0.539    -47.036     10.863   -106.120
    50.000    -10.000      0.557    -51.782     11.075   -109.168
    55.000    -10.000      0.566    -55.899     10.250   -109.177
    60.000    -10.000      0.563    -59.379      9.615   -106.567
    65.000    -10.000      0.555    -62.454      8.403   -104.151
    70.000    -10.000      0.552    -66.199      6.717   -104.912
    75.000    -10.000      0.537    -68.632      5.272   -108.115
    80.000    -10.000      0.528    -70.510      4.060   -113.083
    85.000    -10.000      0.508    -70.197      3.404   -114.786
    90.000    -10.000      0.486    -69.345      2.471   -107.755
    95.000    -10.000      0.477    -69.129      1.242    -99.578
   100.000    -10.000      0.474    -71.797      0.609    -80.802
   105.000    -10.000      0.481    -76.749      0.656    -73.212
   110.000    -10.000      0.459    -81.019      1.162    -81.711
   115.000    -10.000      0.361    -84.615      0.928    -89.460
   120.000    -10.000      0.163    -89.810      0.230    -86.718
   125.000    -10.000      0.007   -122.029      0.007   -122.029
   130.000    -10.000      0.000      0.000      0.000      0.000
   135.000    -10.000      0.000      0.000      0.000      0.000
   140.000    -10.000      0.000      0.000      0.000      0.000
   145.000    -10.000      0.000      0.000      0.000      0.000
   -25.000     -5.000      0.000      0.000      0.000      0.000
   -20.000     -5.000      0.000      0.000      0.000      0.000
   -15.000     -5.000      0.000      0.000      0.000      0.000
   -10.000     -5.000      0.000      0.000      0.920     45.096
    -5.000     -5.000      0.000      0.000      1.234     31.452
     0.000     -5.000      0.000      0.000      1.220      5.392
     5.000     -5.000      0.000      0.000      1.624    -28.883
    10.000     -5.000      0.000      0.000      2.915    -46.994
    15.000     -5.000      0.022    -55.378      4.846    -65.511
    20.000     -5.000      0.159     -9.767      7.057    -78.824
    25.000     -5.000      0.268    -21.901      9.088    -87.496
    30.000     -5.000      0.361    -33.721     10.614    -93.321
    35.000     -5.000      0.452    -39.686     12.318   -100.505
    40.000     -5.000      0.529    -43.863     13.310   -104.181
    45.000     -5.000      0.578    -47.897     13.720   -108.766
    50.000     -5.000      0.601    -51.296     13.610   -112.065
    55.000     -5.000      0.616    -53.917     13.226   -112.566
    60.000     -5.000      0.614    -56.912     12.084   -111.406
    65.000     -5.000      0.607    -61.014     10.626   -108.620
    70.000     -5.000      0.591    -64.468      8.304   -106.999
    75.000     -5.000      0.560    -65.810      5.862   -110.762
    80.000     -5.000      0.517    -66.229      4.239   -114.591
    85.000     -5.000      0.487    -67.972      3.169   -114.756
    90.000     -5.000      0.465    -71.561      2.531   -107.833
    95.000     -5.000      0.458    -74.909      1.463    -93.827
   100.000     -5.000      0.458    -79.218      0.811    -69.730
   105.000     -5.000      0.449    -85.107      1.157    -67.769
   110.000     -5.000      0.409    -90.652      1.355    -79.036
   115.000     -5.000      0.307    -99.634      0.891    -90.969
   120.000     -5.000      0.162   -125.485      0.236   -127.471
   125.000     -5.000      0.099   -152.984      0.109   -154.251
   130.000     -5.000      0.000      0.000      0.000      0.000
   135.000     -5.000      0.000      0.000      0.000      0.000
   140.000     -5.000      0.000      0.000      0.000      0.000
   145.000     -5.000      0.000      0.000      0.000      0.000
   -25.000      0.000      0.000      0.000      0.000      0.000
   -20.000      0.000      0.000      0.000      0.000      0.000
   -15.000      0.000      0.000      0.000      0.000      0.000
   -10.000      0.000      0.000      0.000      0.844      2.598
    -5.000      0.000      0.000      0.000      1.241    -24.082
     0.000      0.000      0.000      0.000      2.063    -51.468
     5.000      0.000      0.000      0.000      3.299    -66.018
    10.000      0.000      0.000      0.000      4.586    -74.080
    15.000      0.000      0.015    -22.013      6.753    -81.916
    20.000      0.000      0.129    -52.363      9.495    -89.113
    25.000      0.000      0.252    -49.445     12.046    -95.511
    30.000      0.000      0.374    -48.860     13.781   -100.184
    35.000      0.000      0.467    -49.766     15.490   -104.186
    40.000      0.000      0.531    -52.009     16.408   -107.142
    45.000      0.000      0.569    -53.656     16.341   -111.059
    50.000      0.000      0.588    -55.379     15.925   -114.313
    55.000      0.000      0.580    -57.618     15.215   -115.422
    60.000      0.000      0.558    -60.022     14.052   -115.689
    65.000      0.000      0.521    -59.758     12.043   -113.636
    70.000      0.000      0.474    -58.220      9.497   -111.112
    75.000      0.000      0.435    -59.622      6.653   -112.497
    80.000      0.000      0.407    -62.914      4.491   -114.667
    85.000      0.000      0.388    -67.430      2.906   -115.586
    90.000      0.000      0.374    -71.777      2.005   -107.373
    95.000      0.000      0.386    -74.940      1.477    -84.383
   100.000      0.000      0.405    -78.576      1.352    -60.853
   105.000      0.000      0.424    -83.424      1.644    -65.048
   110.000      0.000      0.394    -88.283      1.451    -77.327
   115.000      0.000      0.326    -95.537      0.758    -91.717
   120.000      0.000      0.227   -101.993      0.314   -103.306
   125.000      0.000      0.128    -99.365      0.138    -99.337
   130.000      0.000      0.000      0.000      0.000      0.000
   135.000      0.000      0.000      0.000      0.000      0.000
   140.000      0.000      0.000      0.000      0.000      0.000
   145.000      0.000      0.000      0.000      0.000      0.000
   -25.000      5.000      0.000      0.000      0.000      0.000
   -20.000      5.000      0.000      0.000      0.000      0.000
   -15.000      5.000      0.000      0.000      0.000      0.000
   -10.000      5.000      0.000      0.000      0.953    -24.917
    -5.000      5.000      0.000      0.000      2.203    -58.263
     0.000      5.000      0.000      0.000      3.695    -70.851
     5.000      5.000      0.000      0.000      5.352    -78.629
    10.000      5.000      0.000      0.000      7.095    -83.104
    15.000      5.000      0.018     50.394      9.033    -88.107
    20.000      5.000      0.171    -66.601     11.857    -93.678
    25.000      5.000      0.257    -61.634     14.571    -98.841
    30.000      5.000      0.332    -58.338     16.226   -104.253
    35.000      5.000      0.393    -57.477     17.286   -107.537
    40.000      5.000      0.433    -58.570     18.243   -110.270
    45.000      5.000      0.460    -61.533     17.794   -113.504
    50.000      5.000      0.465    -63.338     17.050   -116.082
    55.000      5.000      0.451    -63.954     16.012   -118.357
    60.000      5.000      0.421    -63.419     14.925   -118.565
    65.000      5.000      0.386    -63.795     12.911   -118.294
    70.000      5.000      0.348    -65.067     10.187   -116.545
    75.000      5.000      0.316    -63.582      7.208   -114.919
    80.000      5.000      0.295    -59.381      4.670   -114.489
    85.000      5.000      0.292    -58.002      2.448   -114.951
    90.000      5.000      0.297    -59.915      1.246   -114.842
    95.000      5.000      0.315    -64.154      0.942    -79.233
   100.000      5.000      0.337    -68.816      1.317    -56.779
   105.000      5.000      0.349    -74.515      1.377    -52.921
   110.000      5.000      0.339    -81.593      1.122    -65.371
   115.000      5.000      0.316    -90.703      0.473    -89.727
   120.000      5.000      0.278    -98.424      0.330   -102.945
   125.000      5.000      0.228    -95.595      0.252    -95.511
   130.000      5.000      0.000      0.000      0.000      0.000
   135.000      5.000      0.000      0.000      0.000      0.000
   140.000      5.000      0.000      0.000      0.000      0.000
   145.000      5.000      0.000      0.000      0.000      0.000
   -25.000     10.000      0.000      0.000      0.000      0.000
   -20.000     10.000      0.000      0.000      0.000      0.000
   -15.000     10.000      0.000      0.000      0.000      0.000
   -10.000     10.000      0.000      0.000      1.304    -57.445
    -5.000     10.000      0.000      0.000      2.965    -69.754
     0.000     10.000      0.000      0.000      4.815    -76.294
     5.000     10.000      0.000      0.000      6.740    -81.127
    10.000     10.000      0.000      0.000      8.671    -84.875
    15.000     10.000      0.103     64.174     10.394    -89.654
    20.000     10.000      0.080      0.901     12.931    -94.674
    25.000     10.000      0.137    -34.889     15.365   -100.597
    30.000     10.000      0.194    -51.222     16.870   -105.626
    35.000     10.000      0.246    -62.708     17.724   -109.417
    40.000     10.000      0.291    -70.607     18.147   -112.078
    45.000     10.000      0.331    -74.812     17.949   -114.179
    50.000     10.000      0.341    -75.622     16.615   -117.821
    55.000     10.000      0.328    -76.747     15.526   -120.370
    60.000     10.000      0.288    -76.401     14.232   -121.634
    65.000     10.000      0.247    -72.551     12.604   -122.827
    70.000     10.000      0.216    -66.605     10.239   -122.736
    75.000     10.000      0.197    -61.758      7.497   -120.192
    80.000     10.000      0.191    -57.715      4.734   -118.058
    85.000     10.000      0.193    -53.381      2.078   -119.736
    90.000     10.000      0.199    -49.783      0.692   -121.305
    95.000     10.000      0.210    -53.918      0.531    -78.110
   100.000     10.000      0.215    -59.977      0.958    -51.700
   105.000     10.000      0.205    -65.858      0.935    -43.204
   110.000     10.000      0.166    -71.257      0.787    -50.363
   115.000     10.000      0.132    -83.200      0.293    -54.988
   120.000     10.000      0.111    -97.794      0.195    -84.468
   125.000     10.000      0.028   -130.226      0.028   -130.226
   130.000     10.000      0.000      0.000      0.000      0.000
   135.000     10.000      0.000      0.000      0.000      0.000
   140.000     10.000      0.000      0.000      0.000      0.000
   145.000     10.000      0.000      0.000      0.000      0.000
   -25.000     15.000      0.000      0.000      0.000      0.000
   -20.000     15.000      0.000      0.000      0.000      0.000
   -15.000     15.000      0.000      0.000      0.000      0.000
   -10.000     15.000      0.014    159.973      1.471    -65.097
    -5.000     15.000      0.024     44.060      3.445    -72.741
     0.000     15.000      0.015     12.858      5.289    -77.082
     5.000     15.000      0.012    -42.452      7.025    -80.345
    10.000     15.000      0.059     34.579      8.820    -84.044
    15.000     15.000      0.165     59.913     10.415    -90.336
    20.000     15.000      0.141     45.995     12.410    -96.002
    25.000     15.000      0.097     14.444     14.440   -102.153
    30.000     15.000      0.103    -43.507     15.697   -106.605
    35.000     15.000      0.174    -76.215     16.181   -110.232
    40.000     15.000      0.244    -88.464     16.607   -112.873
    45.000     15.000      0.285    -93.277     16.645   -114.379
    50.000     15.000      0.278    -94.214     15.045   -118.682
    55.000     15.000      0.257    -94.155     13.878   -122.341
    60.000     15.000      0.217    -93.342     12.484   -124.822
    65.000     15.000      0.172    -89.773     11.103   -126.683
    70.000     15.000      0.124    -80.855      9.408   -126.579
    75.000     15.000      0.089    -68.177      7.293   -124.624
    80.000     15.000      0.074    -62.554      4.185   -125.840
    85.000     15.000      0.074    -59.190      1.712   -131.964
    90.000     15.000      0.083    -55.170      0.211   -162.011
    95.000     15.000      0.099    -54.196      0.214     21.433
   100.000     15.000      0.107    -48.911      0.383    -42.625
   105.000     15.000      0.102    -42.796      0.474    -15.058
   110.000     15.000      0.088    -30.535      0.435    -16.645
   115.000     15.000      0.064     -1.401      0.314      1.475
   120.000     15.000      0.046     59.784      0.079     49.897
   125.000     15.000      0.013    158.523      0.013    158.523
   130.000     15.000      0.000      0.000      0.000      0.000
   135.000     15.000      0.000      0.000      0.000      0.000
   140.000     15.000      0.000      0.000      0.000      0.000
   145.000     15.000      0.000      0.000      0.000      0.000
   -25.000     20.000      0.000      0.000      0.000      0.000
   -20.000     20.000      0.000      0.000      0.000      0.000
   -15.000     20.000      0.000      0.000      0.000      0.000
   -10.000     20.000      0.062     30.103      1.570    -71.142
    -5.000     20.000      0.154     30.285      2.929    -75.424
     0.000     20.000      0.163     29.526      4.367    -79.509
     5.000     20.000      0.131     31.814      5.926    -81.958
    10.000     20.000      0.130     44.168      7.449    -84.760
    15.000     20.000      0.164     58.188      8.827    -91.009
    20.000     20.000      0.133     57.161     10.517    -97.513
    25.000     20.000      0.059     48.886     11.970   -103.045
    30.000     20.000      0.045    -93.024     12.892   -107.088
    35.000     20.000      0.130   -104.558     13.094   -110.428
    40.000     20.000      0.188   -106.151     13.457   -113.256
    45.000     20.000      0.213   -106.531     13.661   -115.104
    50.000     20.000      0.218   -106.746     12.243   -119.713
    55.000     20.000      0.206   -108.130     11.222   -123.386
    60.000     20.000      0.177   -111.573      9.991   -127.765
    65.000     20.000      0.139   -118.020      9.001   -129.487
    70.000     20.000      0.094   -130.879      7.801   -129.916
    75.000     20.000      0.058   -156.571      5.996   -130.953
    80.000     20.000      0.046    160.800      3.723   -133.941
    85.000     20.000      0.048    123.719      1.386   -143.598
    90.000     20.000      0.051     98.483      0.129    168.299
    95.000     20.000      0.051     68.274      0.632     59.053
   100.000     20.000      0.065     35.635      0.252     56.926
   105.000     20.000      0.083     18.068      0.159     15.331
   110.000     20.000      0.099     18.058      0.320    -14.522
   115.000     20.000      0.102     29.543      0.257    -21.739
   120.000     20.000      0.077     45.339      0.129     49.087
   125.000     20.000      0.014    -56.407      0.014    -56.407
   130.000     20.000      0.000      0.000      0.000      0.000
   135.000     20.000      0.000      0.000      0.000      0.000
   140.000     20.000      0.000      0.000      0.000      0.000
   145.000     20.000      0.000      0.000      0.000      0.000
   -25.000     25.000      0.000      0.000      0.000      0.000
   -20.000     25.000      0.000      0.000      0.000      0.000
   -15.000     25.000      0.000      0.000      0.000      0.000
   -10.000     25.000      0.096      4.882      0.824    -65.230
    -5.000     25.000      0.153     10.809      1.774    -77.416
     0.000     25.000      0.151      9.489      2.933    -82.790
     5.000     25.000      0.113     11.450      4.154    -83.440
    10.000     25.000      0.081     27.138      5.266    -85.635
    15.000     25.000      0.075     55.919      6.335    -92.833
    20.000     25.000      0.046     73.015      7.670    -98.794
    25.000     25.000      0.020    147.091      8.526   -103.431
    30.000     25.000      0.061   -144.868      9.036   -106.888
    35.000     25.000      0.104   -131.652      9.142   -110.344
    40.000     25.000      0.139   -122.711      9.341   -114.190
    45.000     25.000      0.169   -118.585      9.604   -116.520
    50.000     25.000      0.178   -117.856      8.663   -120.714
    55.000     25.000      0.167   -120.338      7.794   -124.863
    60.000     25.000      0.142   -127.997      6.892   -129.098
    65.000     25.000      0.104   -141.880      6.078   -132.828
    70.000     25.000      0.074   -169.540      5.350   -132.761
    75.000     25.000      0.067    155.082      4.246   -134.026
    80.000     25.000      0.082    122.911      2.812   -138.516
    85.000     25.000      0.104    107.912      1.120   -152.070
    90.000     25.000      0.117     98.726      0.255    110.709
    95.000     25.000      0.124     89.923      0.766     66.278
   100.000     25.000      0.125     83.892      0.614     68.497
   105.000     25.000      0.105     78.221      0.135     69.516
   110.000     25.000      0.084     70.882      0.112     47.350
   115.000     25.000      0.069     63.601      0.197     58.432
   120.000     25.000      0.054     70.135      0.092     69.643
   125.000     25.000      0.007    105.536      0.007    105.536
   130.000     25.000      0.000      0.000      0.000      0.000
   135.000     25.000      0.000      0.000      0.000      0.000
   140.000     25.000      0.000      0.000      0.000      0.000
   145.000     25.000      0.000      0.000      0.000      0.000
   -25.000     30.000      0.000      0.000      0.000      0.000
   -20.000     30.000      0.000      0.000      0.000      0.000
   -15.000     30.000      0.000      0.000      0.000      0.000
   -10.000     30.000      0.062     20.990      0.427    -52.688
    -5.000     30.000      0.089     14.459      0.929    -74.088
     0.000     30.000      0.084      6.416      1.582    -83.490
     5.000     30.000      0.057     -8.865      2.211    -83.854
    10.000     30.000      0.030    -20.907      2.740    -85.054
    15.000     30.000      0.018     -0.230      3.282    -90.175
    20.000     30.000      0.013      0.503      4.136    -97.763
    25.000     30.000      0.021   -110.604      4.534   -102.460
    30.000     30.000      0.058   -133.846      4.626   -106.628
    35.000     30.000      0.084   -138.712      4.580   -111.948
    40.000     30.000      0.099   -138.460      4.715   -115.132
    45.000     30.000      0.106   -137.945      4.883   -117.740
    50.000     30.000      0.107   -138.024      4.299   -121.948
    55.000     30.000      0.100   -136.729      3.845   -125.825
    60.000     30.000      0.075   -137.451      3.525   -129.278
    65.000     30.000      0.041   -143.797      2.903   -134.324
    70.000     30.000      0.026    145.428      2.451   -137.613
    75.000     30.000      0.054    106.286      2.007   -139.571
    80.000     30.000      0.084     97.893      1.420   -142.994
    85.000     30.000      0.099     94.714      0.533   -163.820
    90.000     30.000      0.109     94.966      0.340    115.817
    95.000     30.000      0.116     99.749      0.462     75.093
   100.000     30.000      0.118    104.693      0.461     64.454
   105.000     30.000      0.113    110.155      0.100     28.994
   110.000     30.000      0.099    109.351      0.087    110.660
   115.000     30.000      0.095     91.781      0.093    104.695
   120.000     30.000      0.140     73.078      0.156     72.462
   125.000     30.000      0.023     96.232      0.023     96.232
   130.000     30.000      0.000      0.000      0.000      0.000
   135.000     30.000      0.000      0.000      0.000      0.000
   140.000     30.000      0.000      0.000      0.000      0.000
   145.000     30.000      0.000      0.000      0.000      0.000
   -25.000     35.000      0.000      0.000      0.000      0.000
   -20.000     35.000      0.000      0.000      0.000      0.000
   -15.000     35.000      0.000      0.000      0.000      0.000
   -10.000     35.000      0.000      0.000      0.000      0.000
    -5.000     35.000      0.000      0.000      0.000      0.000
     0.000     35.000      0.000      0.000      0.000      0.000
     5.000     35.000      0.000      0.000      0.000      0.000
    10.000     35.000      0.000      0.000      0.000      0.000
    15.000     35.000      0.000      0.000      0.000      0.000
    20.000     35.000      0.000      0.000      0.000      0.000
    25.000     35.000      0.000      0.000      0.000      0.000
    30.000     35.000      0.000      0.000      0.000      0.000
    35.000     35.000      0.000      0.000      0.000      0.000
    40.000     35.000      0.000      0.000      0.000      0.000
    45.000     35.000      0.000      0.000      0.000      0.000
    50.000     35.000      0.000      0.000      0.000      0.000
    55.000     35.000      0.000      0.000      0.000      0.000
    60.000     35.000      0.000      0.000      0.000      0.000
    65.000     35.000      0.000      0.000      0.000      0.000
    70.000     35.000      0.000      0.000      0.000      0.000
    75.000     35.000      0.000      0.000      0.000      0.000
    80.000     35.000      0.000      0.000      0.000      0.000
    85.000     35.000      0.000      0.000      0.000      0.000
    90.000     35.000      0.000      0.000      0.000      0.000
    95.000     35.000      0.000      0.000      0.000      0.000
   100.000     35.000      0.000      0.000      0.000      0.000
   105.000     35.000      0.000      0.000      0.000      0.000
   110.000     35.000      0.000      0.000      0.000      0.000
   115.000     35.000      0.000      0.000      0.000      0.000
   120.000     35.000      0.000      0.000      0.000      0.000
   125.000     35.000      0.000      0.000      0.000      0.000
   130.000     35.000      0.000      0.000      0.000      0.000
   135.000     35.000      0.000      0.000      0.000      0.000
   140.000     35.000      0.000      0.000      0.000      0.000
   145.000     35.000      0.000      0.000      0.000      0.000
   -25.000     40.000      0.000      0.000      0.000      0.000
   -20.000     40.000      0.000      0.000      0.000      0.000
   -15.000     40.000      0.000      0.000      0.000      0.000
   -10.000     40.000      0.000      0.000      0.000      0.000
    -5.000     40.000      0.000      0.000      0.000      0.000
     0.000     40.000      0.000      0.000      0.000      0.000
     5.000     40.000      0.000      0.000      0.000      0.000
    10.000     40.000      0.000      0.000      0.000      0.000
    15.000     40.000      0.000      0.000      0.000      0.000
    20.000     40.000      0.000      0.000      0.000      0.000
    25.000     40.000      0.000      0.000      0.000      0.000
    30.000     40.000      0.000      0.000      0.000      0.000
    35.000     40.000      0.000      0.000      0.000      0.000
    40.000     40.000      0.000      0.000      0.000      0.000
    45.000     40.000      0.000      0.000      0.000      0.000
    50.000     40.000      0.000      0.000      0.000      0.000
    55.000     40.000      0.000      0.000      0.000      0.000
    60.000     40.000      0.000      0.000      0.000      0.000
    65.000     40.000      0.000      0.000      0.000      0.000
    70.000     40.000      0.000      0.000      0.000      0.000
    75.000     40.000      0.000      0.000      0.000      0.000
    80.000     40.000      0.000      0.000      0.000      0.000
    85.000     40.000      0.000      0.000      0.000      0.000
    90.000     40.000      0.000      0.000      0.000      0.000
    95.000     40.000      0.000      0.000      0.000      0.000
   100.000     40.000      0.000      0.000      0.000      0.000
   105.000     40.000      0.000      0.000      0.000      0.000
   110.000     40.000      0.000      0.000      0.000      0.000
   115.000     40.000      0.000      0.000      0.000      0.000
   120.000     40.000      0.000      0.000      0.000      0.000
   125.000     40.000      0.000      0.000      0.000      0.000
   130.000     40.000      0.000      0.000      0.000      0.000
   135.000     40.000      0.000      0.000      0.000      0.000
   140.000     40.000      0.000      0.000      0.000      0.000
   145.000     40.000      0.000      0.000      0.000      0.000
   -25.000     45.000      0.000      0.000      0.000      0.000
   -20.000     45.000      0.000      0.000      0.000      0.000
   -15.000     45.000      0.000      0.000      0.000      0.000
   -10.000     45.000      0.000      0.000      0.000      0.000
    -5.000     45.000      0.000      0.000      0.000      0.000
     0.000     45.000      0.000      0.000      0.000      0.000
     5.000     45.000      0.000      0.000      0.000      0.000
    10.000     45.000      0.000      0.000      0.000      0.000
    15.000     45.000      0.000      0.000      0.000      0.000
    20.000     45.000      0.000      0.000      0.000      0.000
    25.000     45.000      0.000      0.000      0.000      0.000
    30.000     45.000      0.000      0.000      0.000      0.000
    35.000     45.000      0.000      0.000      0.000      0.000
    40.000     45.000      0.000      0.000      0.000      0.000
    45.000     45.000      0.000      0.000      0.000      0.000
    50.000     45.000      0.000      0.000      0.000      0.000
    55.000     45.000      0.000      0.000      0.000      0.000
    60.000     45.000      0.000      0.000      0.000      0.000
    65.000     45.000      0.000      0.000      0.000      0.000
    70.000     45.000      0.000      0.000      0.000      0.000
    75.000     45.000      0.000      0.000      0.000      0.000
    80.000     45.000      0.000      0.000      0.000      0.000
    85.000     45.000      0.000      0.000      0.000      0.000
    90.000     45.000      0.000      0.000      0.000      0.000
    95.000     45.000      0.000      0.000      0.000      0.000
   100.000     45.000      0.000      0.000      0.000      0.000
   105.000     45.000      0.000      0.000      0.000      0.000
   110.000     45.000      0.000      0.000      0.000      0.000
   115.000     45.000      0.000      0.000      0.000      0.000
   120.000     45.000      0.000      0.000      0.000      0.000
   125.000     45.000      0.000      0.000      0.000      0.000
   130.000     45.000      0.000      0.000      0.000      0.000
   135.000     45.000      0.000      0.000      0.000      0.000
   140.000     45.000      0.000      0.000      0.000      0.000
   145.000     45.000      0.000      0.000      0.000      0.000
