   -25.000    -65.000      0.000      0.000      0.000      0.000
   -20.000    -65.000      0.000      0.000      0.000      0.000
   -15.000    -65.000      0.000      0.000      0.000      0.000
   -10.000    -65.000      0.000      0.000      0.000      0.000
    -5.000    -65.000      0.000      0.000      0.000      0.000
     0.000    -65.000      0.000      0.000      0.000      0.000
     5.000    -65.000      0.000      0.000      0.000      0.000
    10.000    -65.000      0.000      0.000      0.000      0.000
    15.000    -65.000      0.000      0.000      0.000      0.000
    20.000    -65.000      0.000      0.000      0.000      0.000
    25.000    -65.000      0.000      0.000      0.000      0.000
    30.000    -65.000      0.000      0.000      0.000      0.000
    35.000    -65.000      0.000      0.000      0.000      0.000
    40.000    -65.000      0.000      0.000      0.000      0.000
    45.000    -65.000      0.000      0.000      0.000      0.000
    50.000    -65.000      0.000      0.000      0.000      0.000
    55.000    -65.000      0.000      0.000      0.000      0.000
    60.000    -65.000      0.000      0.000      0.000      0.000
    65.000    -65.000      0.000      0.000      0.000      0.000
    70.000    -65.000      0.000      0.000      0.000      0.000
    75.000    -65.000      0.000      0.000      0.000      0.000
    80.000    -65.000      0.000      0.000      0.000      0.000
    85.000    -65.000      0.000      0.000      0.000      0.000
    90.000    -65.000      0.000      0.000      0.000      0.000
    95.000    -65.000      0.000      0.000      0.000      0.000
   100.000    -65.000      0.000      0.000      0.000      0.000
   105.000    -65.000      0.000      0.000      0.000      0.000
   110.000    -65.000      0.000      0.000      0.000      0.000
   115.000    -65.000      0.000      0.000      0.000      0.000
   120.000    -65.000      0.000      0.000      0.000      0.000
   125.000    -65.000      0.000      0.000      0.000      0.000
   130.000    -65.000      0.000      0.000      0.000      0.000
   135.000    -65.000      0.000      0.000      0.000      0.000
   140.000    -65.000      0.000      0.000      0.000      0.000
   145.000    -65.000      0.000      0.000      0.000      0.000
   -25.000    -60.000      0.000      0.000      0.000      0.000
   -20.000    -60.000      0.000      0.000      0.000      0.000
   -15.000    -60.000      0.000      0.000      0.000      0.000
   -10.000    -60.000      0.000      0.000      0.000      0.000
    -5.000    -60.000      0.000      0.000      0.000      0.000
     0.000    -60.000      0.000      0.000      0.000      0.000
     5.000    -60.000      0.000      0.000      0.000      0.000
    10.000    -60.000      0.000      0.000      0.000      0.000
    15.000    -60.000      0.000      0.000      0.000      0.000
    20.000    -60.000      0.000      0.000      0.000      0.000
    25.000    -60.000      0.000      0.000      0.000      0.000
    30.000    -60.000      0.000      0.000      0.000      0.000
    35.000    -60.000      0.000      0.000      0.000      0.000
    40.000    -60.000      0.000      0.000      0.000      0.000
    45.000    -60.000      0.000      0.000      0.000      0.000
    50.000    -60.000      0.000      0.000      0.000      0.000
    55.000    -60.000      0.000      0.000      0.000      0.000
    60.000    -60.000      0.000      0.000      0.000      0.000
    65.000    -60.000      0.000      0.000      0.000      0.000
    70.000    -60.000      0.000      0.000      0.000      0.000
    75.000    -60.000      0.000      0.000      0.000      0.000
    80.000    -60.000      0.000      0.000      0.000      0.000
    85.000    -60.000      0.000      0.000      0.000      0.000
    90.000    -60.000      0.000      0.000      0.000      0.000
    95.000    -60.000      0.000      0.000      0.000      0.000
   100.000    -60.000      0.000      0.000      0.000      0.000
   105.000    -60.000      0.000      0.000      0.000      0.000
   110.000    -60.000      0.000      0.000      0.000      0.000
   115.000    -60.000      0.000      0.000      0.000      0.000
   120.000    -60.000      0.000      0.000      0.000      0.000
   125.000    -60.000      0.000      0.000      0.000      0.000
   130.000    -60.000      0.000      0.000      0.000      0.000
   135.000    -60.000      0.000      0.000      0.000      0.000
   140.000    -60.000      0.000      0.000      0.000      0.000
   145.000    -60.000      0.000      0.000      0.000      0.000
   -25.000    -55.000      0.000      0.000      0.000      0.000
   -20.000    -55.000      0.000      0.000      0.000      0.000
   -15.000    -55.000      0.000      0.000      0.000      0.000
   -10.000    -55.000      0.000      0.000      0.000      0.000
    -5.000    -55.000      0.000      0.000      0.000      0.000
     0.000    -55.000      0.000      0.000      0.000      0.000
     5.000    -55.000      0.000      0.000      0.000      0.000
    10.000    -55.000      0.000      0.000      0.000      0.000
    15.000    -55.000      0.000      0.000      0.000      0.000
    20.000    -55.000      0.000      0.000      0.000      0.000
    25.000    -55.000      0.000      0.000      0.000      0.000
    30.000    -55.000      0.000      0.000      0.000      0.000
    35.000    -55.000      0.000      0.000      0.000      0.000
    40.000    -55.000      0.000      0.000      0.000      0.000
    45.000    -55.000      0.000      0.000      0.000      0.000
    50.000    -55.000      0.000      0.000      0.000      0.000
    55.000    -55.000      0.000      0.000      0.000      0.000
    60.000    -55.000      0.000      0.000      0.000      0.000
    65.000    -55.000      0.000      0.000      0.000      0.000
    70.000    -55.000      0.000      0.000      0.000      0.000
    75.000    -55.000      0.000      0.000      0.000      0.000
    80.000    -55.000      0.000      0.000      0.000      0.000
    85.000    -55.000      0.000      0.000      0.000      0.000
    90.000    -55.000      0.000      0.000      0.000      0.000
    95.000    -55.000      0.000      0.000      0.000      0.000
   100.000    -55.000      0.000      0.000      0.000      0.000
   105.000    -55.000      0.000      0.000      0.000      0.000
   110.000    -55.000      0.000      0.000      0.000      0.000
   115.000    -55.000      0.000      0.000      0.000      0.000
   120.000    -55.000      0.000      0.000      0.000      0.000
   125.000    -55.000      0.000      0.000      0.000      0.000
   130.000    -55.000      0.000      0.000      0.000      0.000
   135.000    -55.000      0.000      0.000      0.000      0.000
   140.000    -55.000      0.000      0.000      0.000      0.000
   145.000    -55.000      0.000      0.000      0.000      0.000
   -25.000    -50.000      0.000      0.000      0.000      0.000
   -20.000    -50.000      0.000      0.000      0.000      0.000
   -15.000    -50.000      0.000      0.000      0.000      0.000
   -10.000    -50.000      0.040    -19.424      0.743     57.727
    -5.000    -50.000      0.047     24.367      1.156     57.649
     0.000    -50.000      0.071     59.760      1.425     61.384
     5.000    -50.000      0.108     66.641      1.659     64.428
    10.000    -50.000      0.125     66.518      1.797     67.008
    15.000    -50.000      0.115     68.013      1.805     69.275
    20.000    -50.000      0.087     59.173      1.766     69.927
    25.000    -50.000      0.065     55.426      1.573     75.818
    30.000    -50.000      0.046     48.615      1.250     81.628
    35.000    -50.000      0.036      8.438      0.797     94.553
    40.000    -50.000      0.064    -44.087      0.447    125.714
    45.000    -50.000      0.112    -57.000      0.413    177.849
    50.000    -50.000      0.155    -59.794      0.592   -168.006
    55.000    -50.000      0.187    -58.796      0.545   -150.347
    60.000    -50.000      0.206    -56.697      0.742   -135.979
    65.000    -50.000      0.215    -54.136      1.027   -117.927
    70.000    -50.000      0.219    -51.934      0.945   -111.356
    75.000    -50.000      0.211    -47.838      0.782   -105.795
    80.000    -50.000      0.198    -42.426      0.836    -98.186
    85.000    -50.000      0.189    -38.284      0.772    -97.668
    90.000    -50.000      0.175    -37.025      0.926    -97.184
    95.000    -50.000      0.160    -38.408      1.063    -93.934
   100.000    -50.000      0.146    -40.654      1.030    -84.914
   105.000    -50.000      0.141    -44.684      0.658    -64.991
   110.000    -50.000      0.139    -48.783      0.647    -45.024
   115.000    -50.000      0.132    -51.676      0.750    -42.784
   120.000    -50.000      0.114    -52.803      0.821    -37.782
   125.000    -50.000      0.085    -52.401      0.712    -37.395
   130.000    -50.000      0.044    -49.563      0.435    -37.159
   135.000    -50.000      0.000      0.000      0.000      0.000
   140.000    -50.000      0.000      0.000      0.000      0.000
   145.000    -50.000      0.000      0.000      0.000      0.000
   -25.000    -45.000      0.000      0.000      0.000      0.000
   -20.000    -45.000      0.000      0.000      0.000      0.000
   -15.000    -45.000      0.000      0.000      0.000      0.000
   -10.000    -45.000      0.002    164.243      0.544     59.616
    -5.000    -45.000      0.002     87.548      1.095     61.633
     0.000    -45.000      0.004     47.327      1.528     59.722
     5.000    -45.000      0.006     27.416      1.813     58.085
    10.000    -45.000      0.007     18.770      1.933     59.627
    15.000    -45.000      0.006     17.930      2.024     64.561
    20.000    -45.000      0.060     26.715      2.439     70.071
    25.000    -45.000      0.062     32.119      2.362     75.262
    30.000    -45.000      0.043     39.906      1.874     85.088
    35.000    -45.000      0.031     21.984      0.952    103.121
    40.000    -45.000      0.070    -65.080      0.691    177.819
    45.000    -45.000      0.148    -71.035      1.264   -152.637
    50.000    -45.000      0.210    -68.792      1.812   -148.806
    55.000    -45.000      0.265    -66.522      1.988   -139.972
    60.000    -45.000      0.302    -63.739      2.003   -130.442
    65.000    -45.000      0.324    -59.431      2.090   -121.160
    70.000    -45.000      0.335    -53.432      1.998   -111.680
    75.000    -45.000      0.337    -48.138      1.617   -109.214
    80.000    -45.000      0.330    -44.186      1.702   -105.592
    85.000    -45.000      0.315    -41.427      1.649   -103.612
    90.000    -45.000      0.298    -39.039      1.766    -98.370
    95.000    -45.000      0.283    -38.088      1.962    -92.976
   100.000    -45.000      0.266    -38.834      1.909    -86.640
   105.000    -45.000      0.251    -40.163      1.384    -75.958
   110.000    -45.000      0.234    -41.044      1.267    -54.790
   115.000    -45.000      0.215    -42.278      1.377    -46.424
   120.000    -45.000      0.190    -44.736      1.521    -42.041
   125.000    -45.000      0.152    -47.596      1.245    -36.468
   130.000    -45.000      0.096    -49.559      0.752    -32.334
   135.000    -45.000      0.000      0.000      0.000      0.000
   140.000    -45.000      0.000      0.000      0.000      0.000
   145.000    -45.000      0.000      0.000      0.000      0.000
   -25.000    -40.000      0.000      0.000      0.000      0.000
   -20.000    -40.000      0.000      0.000      0.000      0.000
   -15.000    -40.000      0.000      0.000      0.000      0.000
   -10.000    -40.000      0.000      0.000      0.305     30.104
    -5.000    -40.000      0.000      0.000      0.670     46.423
     0.000    -40.000      0.000      0.000      0.815     53.257
     5.000    -40.000      0.000      0.000      0.812     54.648
    10.000    -40.000      0.000      0.000      0.794     54.705
    15.000    -40.000      0.000      0.000      0.871     60.867
    20.000    -40.000      0.000      0.000      1.082     75.953
    25.000    -40.000      0.003    -55.960      1.278     81.627
    30.000    -40.000      0.023    118.369      0.939    104.887
    35.000    -40.000      0.038    146.102      0.736   -171.189
    40.000    -40.000      0.072   -116.197      1.726   -135.275
    45.000    -40.000      0.151    -88.407      2.797   -129.881
    50.000    -40.000      0.225    -77.693      3.571   -132.120
    55.000    -40.000      0.285    -71.263      3.828   -130.580
    60.000    -40.000      0.322    -66.117      3.913   -125.645
    65.000    -40.000      0.338    -60.541      3.718   -120.685
    70.000    -40.000      0.343    -55.107      3.243   -113.746
    75.000    -40.000      0.343    -49.368      2.752   -110.039
    80.000    -40.000      0.344    -44.105      2.528   -107.577
    85.000    -40.000      0.344    -39.994      2.529   -106.894
    90.000    -40.000      0.340    -37.898      2.721   -101.110
    95.000    -40.000      0.331    -35.787      2.673    -94.243
   100.000    -40.000      0.319    -34.957      2.534    -88.718
   105.000    -40.000      0.304    -34.949      2.038    -79.827
   110.000    -40.000      0.287    -34.911      1.812    -66.084
   115.000    -40.000      0.268    -34.643      1.852    -54.249
   120.000    -40.000      0.242    -35.357      2.006    -49.407
   125.000    -40.000      0.201    -39.785      1.674    -44.880
   130.000    -40.000      0.132    -47.503      0.899    -38.741
   135.000    -40.000      0.000      0.000      0.000      0.000
   140.000    -40.000      0.000      0.000      0.000      0.000
   145.000    -40.000      0.000      0.000      0.000      0.000
   -25.000    -35.000      0.000      0.000      0.000      0.000
   -20.000    -35.000      0.000      0.000      0.000      0.000
   -15.000    -35.000      0.000      0.000      0.000      0.000
   -10.000    -35.000      0.000      0.000      0.612    -81.258
    -5.000    -35.000      0.000      0.000      0.971    -82.485
     0.000    -35.000      0.000      0.000      1.268    -82.311
     5.000    -35.000      0.000      0.000      1.452    -79.585
    10.000    -35.000      0.000      0.000      1.411    -79.469
    15.000    -35.000      0.000      0.000      0.977    -84.404
    20.000    -35.000      0.000      0.000      1.076    -97.460
    25.000    -35.000      0.000      0.000      1.163   -102.569
    30.000    -35.000      0.003    -10.344      1.623   -111.881
    35.000    -35.000      0.021    102.017      2.600   -118.483
    40.000    -35.000      0.043   -145.508      3.933   -119.593
    45.000    -35.000      0.112    -95.735      5.212   -119.991
    50.000    -35.000      0.181    -82.210      5.847   -122.968
    55.000    -35.000      0.233    -73.715      6.105   -124.014
    60.000    -35.000      0.270    -67.400      6.121   -121.755
    65.000    -35.000      0.287    -61.324      5.868   -118.134
    70.000    -35.000      0.296    -54.740      5.110   -114.722
    75.000    -35.000      0.297    -48.030      4.120   -111.758
    80.000    -35.000      0.298    -42.780      3.640   -109.534
    85.000    -35.000      0.302    -39.370      3.292   -107.225
    90.000    -35.000      0.310    -37.232      3.393   -101.802
    95.000    -35.000      0.316    -35.356      3.342    -95.663
   100.000    -35.000      0.320    -33.454      2.948    -91.575
   105.000    -35.000      0.317    -31.752      2.435    -84.726
   110.000    -35.000      0.304    -30.085      2.188    -74.830
   115.000    -35.000      0.282    -29.763      2.129    -65.782
   120.000    -35.000      0.250    -31.241      2.048    -58.427
   125.000    -35.000      0.203    -34.047      1.696    -53.705
   130.000    -35.000      0.125    -36.015      0.883    -47.202
   135.000    -35.000      0.000      0.000      0.000      0.000
   140.000    -35.000      0.000      0.000      0.000      0.000
   145.000    -35.000      0.000      0.000      0.000      0.000
   -25.000    -30.000      0.000      0.000      0.000      0.000
   -20.000    -30.000      0.000      0.000      0.000      0.000
   -15.000    -30.000      0.000      0.000      0.000      0.000
   -10.000    -30.000      0.000      0.000      1.164    -92.656
    -5.000    -30.000      0.000      0.000      2.130    -93.745
     0.000    -30.000      0.000      0.000      3.036    -92.377
     5.000    -30.000      0.000      0.000      3.631    -90.920
    10.000    -30.000      0.000      0.000      3.814    -91.862
    15.000    -30.000      0.000      0.000      3.756    -95.413
    20.000    -30.000      0.000      0.000      3.899    -96.649
    25.000    -30.000      0.000      0.000      4.164    -99.194
    30.000    -30.000      0.000      0.000      4.612   -103.170
    35.000    -30.000      0.000    -80.395      5.746   -107.555
    40.000    -30.000      0.049    179.413      6.830   -111.692
    45.000    -30.000      0.074   -129.420      7.812   -114.806
    50.000    -30.000      0.110    -93.269      8.419   -118.059
    55.000    -30.000      0.162    -76.951      8.513   -120.923
    60.000    -30.000      0.200    -68.402      8.362   -121.211
    65.000    -30.000      0.219    -61.534      7.920   -119.048
    70.000    -30.000      0.230    -54.963      7.239   -115.510
    75.000    -30.000      0.239    -49.185      6.008   -112.242
    80.000    -30.000      0.245    -44.046      4.878   -110.546
    85.000    -30.000      0.252    -39.515      4.201   -108.396
    90.000    -30.000      0.260    -35.849      3.788   -103.932
    95.000    -30.000      0.267    -33.553      3.640    -99.461
   100.000    -30.000      0.270    -32.022      3.307    -95.774
   105.000    -30.000      0.267    -31.323      2.584    -88.908
   110.000    -30.000      0.257    -30.628      2.392    -82.032
   115.000    -30.000      0.237    -29.692      2.334    -74.488
   120.000    -30.000      0.207    -29.131      2.139    -68.210
   125.000    -30.000      0.163    -27.045      1.633    -66.059
   130.000    -30.000      0.096    -23.873      0.885    -68.767
   135.000    -30.000      0.000      0.000      0.000      0.000
   140.000    -30.000      0.000      0.000      0.000      0.000
   145.000    -30.000      0.000      0.000      0.000      0.000
   -25.000    -25.000      0.000      0.000      0.000      0.000
   -20.000    -25.000      0.000      0.000      0.000      0.000
   -15.000    -25.000      0.000      0.000      0.000      0.000
   -10.000    -25.000      0.000      0.000      1.739    -95.584
    -5.000    -25.000      0.000      0.000      3.252    -94.995
     0.000    -25.000      0.000      0.000      4.531    -93.554
     5.000    -25.000      0.000      0.000      5.346    -91.606
    10.000    -25.000      0.000      0.000      5.847    -91.181
    15.000    -25.000      0.000      0.000      6.081    -93.538
    20.000    -25.000      0.000      0.000      6.513    -95.028
    25.000    -25.000      0.000      0.000      7.120    -97.788
    30.000    -25.000      0.000      0.000      7.712   -100.568
    35.000    -25.000      0.000      0.000      8.591   -103.491
    40.000    -25.000      0.001   -134.745      9.486   -107.369
    45.000    -25.000      0.045    -94.817     10.421   -110.737
    50.000    -25.000      0.073    -89.982     10.742   -114.654
    55.000    -25.000      0.108    -73.383     10.761   -117.759
    60.000    -25.000      0.140    -62.937     10.440   -119.777
    65.000    -25.000      0.157    -54.997      9.831   -120.187
    70.000    -25.000      0.170    -47.016      8.938   -116.907
    75.000    -25.000      0.183    -40.844      7.776   -113.154
    80.000    -25.000      0.189    -36.513      6.354   -111.617
    85.000    -25.000      0.193    -35.132      4.944   -110.535
    90.000    -25.000      0.191    -34.372      4.162   -107.996
    95.000    -25.000      0.190    -34.678      3.551   -104.333
   100.000    -25.000      0.190    -35.984      3.267   -101.190
   105.000    -25.000      0.186    -39.153      2.739    -94.815
   110.000    -25.000      0.177    -42.124      2.428    -86.853
   115.000    -25.000      0.167    -41.213      2.354    -82.168
   120.000    -25.000      0.148    -37.882      2.106    -79.046
   125.000    -25.000      0.117    -31.058      1.551    -77.816
   130.000    -25.000      0.067    -15.404      0.799    -83.341
   135.000    -25.000      0.000      0.000      0.000      0.000
   140.000    -25.000      0.000      0.000      0.000      0.000
   145.000    -25.000      0.000      0.000      0.000      0.000
   -25.000    -20.000      0.000      0.000      0.000      0.000
   -20.000    -20.000      0.000      0.000      0.000      0.000
   -15.000    -20.000      0.000      0.000      0.000      0.000
   -10.000    -20.000      0.000      0.000      2.180    -86.882
    -5.000    -20.000      0.000      0.000      4.023    -87.523
     0.000    -20.000      0.000      0.000      5.498    -87.984
     5.000    -20.000      0.000      0.000      6.551    -87.982
    10.000    -20.000      0.000      0.000      7.263    -88.220
    15.000    -20.000      0.000      0.000      7.835    -88.907
    20.000    -20.000      0.000      0.000      8.430    -90.474
    25.000    -20.000      0.000      0.000      9.320    -94.221
    30.000    -20.000      0.000      0.000     10.267    -97.892
    35.000    -20.000      0.000      0.000     11.231   -101.479
    40.000    -20.000      0.000      0.000     12.043   -104.623
    45.000    -20.000      0.030    -65.712     12.769   -107.896
    50.000    -20.000      0.059    -78.118     12.818   -111.983
    55.000    -20.000      0.084    -61.639     12.498   -115.101
    60.000    -20.000      0.099    -45.532     12.029   -117.683
    65.000    -20.000      0.109    -33.002     11.355   -119.502
    70.000    -20.000      0.113    -25.371     10.354   -118.964
    75.000    -20.000      0.116    -22.829      9.116   -116.770
    80.000    -20.000      0.118    -20.044      7.579   -114.237
    85.000    -20.000      0.121    -22.194      5.673   -112.697
    90.000    -20.000      0.117    -28.583      4.361   -110.418
    95.000    -20.000      0.112    -39.001      3.278   -108.834
   100.000    -20.000      0.113    -49.323      2.682   -106.776
   105.000    -20.000      0.119    -57.359      2.370   -100.584
   110.000    -20.000      0.120    -62.182      2.200    -91.883
   115.000    -20.000      0.118    -65.637      2.293    -88.083
   120.000    -20.000      0.109    -66.953      1.974    -87.564
   125.000    -20.000      0.085    -64.754      1.384    -89.850
   130.000    -20.000      0.043    -58.421      0.695    -94.942
   135.000    -20.000      0.000      0.000      0.000      0.000
   140.000    -20.000      0.000      0.000      0.000      0.000
   145.000    -20.000      0.000      0.000      0.000      0.000
   -25.000    -15.000      0.000      0.000      0.000      0.000
   -20.000    -15.000      0.000      0.000      0.000      0.000
   -15.000    -15.000      0.000      0.000      0.000      0.000
   -10.000    -15.000      0.000      0.000      2.372    -82.223
    -5.000    -15.000      0.000      0.000      4.522    -82.477
     0.000    -15.000      0.000      0.000      6.092    -81.362
     5.000    -15.000      0.000      0.000      7.252    -80.904
    10.000    -15.000      0.000      0.000      8.031    -81.813
    15.000    -15.000      0.000      0.000      8.873    -83.222
    20.000    -15.000      0.000      0.000      9.605    -85.807
    25.000    -15.000      0.000      0.000     10.472    -90.475
    30.000    -15.000      0.000      0.000     11.454    -95.026
    35.000    -15.000      0.000      0.000     12.774    -99.449
    40.000    -15.000      0.000      0.000     13.821   -103.333
    45.000    -15.000      0.002   -117.255     14.257   -106.489
    50.000    -15.000      0.075    -85.513     14.274   -110.055
    55.000    -15.000      0.089    -69.361     13.621   -113.656
    60.000    -15.000      0.080    -52.335     13.039   -116.569
    65.000    -15.000      0.070    -27.291     12.205   -118.739
    70.000    -15.000      0.069     -1.509     11.135   -120.251
    75.000    -15.000      0.074     17.867      9.830   -119.909
    80.000    -15.000      0.077     26.475      8.177   -117.930
    85.000    -15.000      0.073     23.792      6.238   -116.248
    90.000    -15.000      0.062     11.327      4.387   -113.163
    95.000    -15.000      0.052    -15.287      2.950   -111.073
   100.000    -15.000      0.057    -43.211      1.970   -110.642
   105.000    -15.000      0.070    -65.303      1.775   -105.721
   110.000    -15.000      0.087    -82.044      1.838    -98.181
   115.000    -15.000      0.102    -94.318      1.898    -93.869
   120.000    -15.000      0.112   -104.896      1.716    -94.254
   125.000    -15.000      0.109   -114.887      1.173   -100.791
   130.000    -15.000      0.079   -123.871      0.626   -105.881
   135.000    -15.000      0.000      0.000      0.000      0.000
   140.000    -15.000      0.000      0.000      0.000      0.000
   145.000    -15.000      0.000      0.000      0.000      0.000
   -25.000    -10.000      0.000      0.000      0.000      0.000
   -20.000    -10.000      0.000      0.000      0.000      0.000
   -15.000    -10.000      0.000      0.000      0.000      0.000
   -10.000    -10.000      0.000      0.000      2.227    -73.096
    -5.000    -10.000      0.000      0.000      4.160    -69.066
     0.000    -10.000      0.000      0.000      5.742    -66.678
     5.000    -10.000      0.000      0.000      7.025    -66.873
    10.000    -10.000      0.000      0.000      8.004    -70.354
    15.000    -10.000      0.000      0.000      8.902    -75.331
    20.000    -10.000      0.000      0.000      9.880    -79.831
    25.000    -10.000      0.000      0.000     11.019    -85.533
    30.000    -10.000      0.000      0.000     11.749    -90.853
    35.000    -10.000      0.000      0.000     12.795    -96.948
    40.000    -10.000      0.000      0.000     14.275   -101.844
    45.000    -10.000      0.003    -62.985     14.811   -105.052
    50.000    -10.000      0.082    -83.976     14.570   -108.707
    55.000    -10.000      0.079    -70.824     14.133   -112.267
    60.000    -10.000      0.051    -44.111     13.129   -115.489
    65.000    -10.000      0.047     18.213     12.189   -117.864
    70.000    -10.000      0.076     46.863     10.949   -120.476
    75.000    -10.000      0.101     57.058      9.620   -122.137
    80.000    -10.000      0.115     62.761      8.115   -121.881
    85.000    -10.000      0.111     64.895      6.323   -119.980
    90.000    -10.000      0.095     65.414      4.203   -117.567
    95.000    -10.000      0.063     64.445      2.441   -114.873
   100.000    -10.000      0.019     55.889      1.260   -114.612
   105.000    -10.000      0.033   -111.020      1.000   -111.464
   110.000    -10.000      0.082   -117.488      1.288   -105.566
   115.000    -10.000      0.122   -122.686      1.363   -100.333
   120.000    -10.000      0.148   -128.221      1.230   -100.741
   125.000    -10.000      0.145   -133.756      0.896   -104.434
   130.000    -10.000      0.100   -139.722      0.482   -110.108
   135.000    -10.000      0.000      0.000      0.000      0.000
   140.000    -10.000      0.000      0.000      0.000      0.000
   145.000    -10.000      0.000      0.000      0.000      0.000
   -25.000     -5.000      0.000      0.000      0.000      0.000
   -20.000     -5.000      0.000      0.000      0.000      0.000
   -15.000     -5.000      0.000      0.000      0.000      0.000
   -10.000     -5.000      0.000      0.000      2.090    -55.720
    -5.000     -5.000      0.000      0.000      3.744    -50.939
     0.000     -5.000      0.000      0.000      5.227    -50.109
     5.000     -5.000      0.000      0.000      6.492    -52.177
    10.000     -5.000      0.000      0.000      7.413    -57.277
    15.000     -5.000      0.000      0.000      8.364    -64.629
    20.000     -5.000      0.000      0.000      9.434    -73.360
    25.000     -5.000      0.000      0.000     10.705    -81.334
    30.000     -5.000      0.000      0.000     11.439    -87.309
    35.000     -5.000      0.000      0.000     12.216    -93.883
    40.000     -5.000      0.000      0.000     13.421   -100.514
    45.000     -5.000      0.002    -23.044     14.025   -103.998
    50.000     -5.000      0.052    -51.161     13.566   -107.235
    55.000     -5.000      0.065    -53.825     13.067   -110.741
    60.000     -5.000      0.052    -18.790     12.282   -114.237
    65.000     -5.000      0.066     29.425     11.008   -117.527
    70.000     -5.000      0.100     53.344      9.635   -120.632
    75.000     -5.000      0.126     63.888      8.463   -123.321
    80.000     -5.000      0.142     70.073      7.120   -125.059
    85.000     -5.000      0.140     74.258      5.540   -124.121
    90.000     -5.000      0.116     80.242      3.706   -123.502
    95.000     -5.000      0.079     93.082      2.041   -122.951
   100.000     -5.000      0.043    136.859      0.886   -116.719
   105.000     -5.000      0.066   -158.872      0.454   -113.224
   110.000     -5.000      0.112   -142.177      0.584   -121.083
   115.000     -5.000      0.152   -137.105      0.794   -114.882
   120.000     -5.000      0.173   -137.821      0.642   -114.887
   125.000     -5.000      0.157   -141.384      0.617   -113.976
   130.000     -5.000      0.096   -145.990      0.421   -105.023
   135.000     -5.000      0.000      0.000      0.000      0.000
   140.000     -5.000      0.000      0.000      0.000      0.000
   145.000     -5.000      0.000      0.000      0.000      0.000
   -25.000      0.000      0.000      0.000      0.000      0.000
   -20.000      0.000      0.000      0.000      0.000      0.000
   -15.000      0.000      0.000      0.000      0.000      0.000
   -10.000      0.000      0.000      0.000      1.682    -32.771
    -5.000      0.000      0.000      0.000      3.295    -33.149
     0.000      0.000      0.000      0.000      4.600    -34.078
     5.000      0.000      0.000      0.000      5.611    -37.582
    10.000      0.000      0.000      0.000      6.401    -45.192
    15.000      0.000      0.000      0.000      7.351    -55.643
    20.000      0.000      0.000      0.000      8.388    -67.046
    25.000      0.000      0.000      0.000      9.486    -77.587
    30.000      0.000      0.000      0.000     10.210    -85.139
    35.000      0.000      0.000      0.000     10.549    -92.071
    40.000      0.000      0.000      0.000     11.249    -98.866
    45.000      0.000      0.003    -73.710     11.989   -103.605
    50.000      0.000      0.032    -24.977     11.748   -106.292
    55.000      0.000      0.052    -17.343     11.105   -109.475
    60.000      0.000      0.065      6.463     10.500   -112.778
    65.000      0.000      0.084     32.321      9.254   -116.636
    70.000      0.000      0.109     49.071      7.950   -120.075
    75.000      0.000      0.130     60.105      6.824   -124.334
    80.000      0.000      0.143     70.589      5.704   -126.902
    85.000      0.000      0.135     81.213      4.532   -127.622
    90.000      0.000      0.116     93.975      3.143   -127.501
    95.000      0.000      0.089    114.674      1.645   -130.234
   100.000      0.000      0.078    150.548      0.688   -127.305
   105.000      0.000      0.096   -176.843      0.099   -136.967
   110.000      0.000      0.126   -158.266      0.166    109.855
   115.000      0.000      0.148   -147.385      0.258   -154.616
   120.000      0.000      0.150   -141.002      0.293   -164.412
   125.000      0.000      0.123   -136.931      0.311   -146.568
   130.000      0.000      0.065   -134.071      0.311   -128.657
   135.000      0.000      0.000      0.000      0.000      0.000
   140.000      0.000      0.000      0.000      0.000      0.000
   145.000      0.000      0.000      0.000      0.000      0.000
   -25.000      5.000      0.000      0.000      0.000      0.000
   -20.000      5.000      0.000      0.000      0.000      0.000
   -15.000      5.000      0.000      0.000      0.000      0.000
   -10.000      5.000      0.000      0.000      1.249     -9.619
    -5.000      5.000      0.000      0.000      2.599    -26.139
     0.000      5.000      0.000      0.000      3.694    -28.950
     5.000      5.000      0.000      0.000      4.393    -31.121
    10.000      5.000      0.000      0.000      4.802    -35.460
    15.000      5.000      0.000      0.000      5.604    -49.050
    20.000      5.000      0.000      0.000      6.439    -62.503
    25.000      5.000      0.000      0.000      7.095    -73.151
    30.000      5.000      0.000      0.000      7.582    -83.366
    35.000      5.000      0.000      0.000      8.032    -90.997
    40.000      5.000      0.000      0.000      8.290    -97.501
    45.000      5.000      0.001    -88.466      8.733   -102.961
    50.000      5.000      0.007    -14.518      8.870   -106.373
    55.000      5.000      0.045     26.073      8.232   -108.899
    60.000      5.000      0.070     34.952      7.395   -112.300
    65.000      5.000      0.094     45.253      6.544   -116.423
    70.000      5.000      0.114     54.724      5.621   -120.125
    75.000      5.000      0.122     63.945      4.664   -124.690
    80.000      5.000      0.122     74.345      3.829   -127.970
    85.000      5.000      0.112     86.869      3.094   -130.866
    90.000      5.000      0.101    102.873      2.221   -132.055
    95.000      5.000      0.088    124.838      1.203   -137.436
   100.000      5.000      0.083    153.586      0.416   -159.315
   105.000      5.000      0.092    179.422      0.177    122.931
   110.000      5.000      0.104   -162.030      0.414     75.025
   115.000      5.000      0.109   -148.804      0.310     96.149
   120.000      5.000      0.104   -137.157      0.195    147.407
   125.000      5.000      0.084   -125.984      0.188    155.008
   130.000      5.000      0.050   -112.500      0.182   -169.073
   135.000      5.000      0.000      0.000      0.000      0.000
   140.000      5.000      0.000      0.000      0.000      0.000
   145.000      5.000      0.000      0.000      0.000      0.000
   -25.000     10.000      0.000      0.000      0.000      0.000
   -20.000     10.000      0.000      0.000      0.000      0.000
   -15.000     10.000      0.000      0.000      0.000      0.000
   -10.000     10.000      0.000      0.000      0.694     -8.087
    -5.000     10.000      0.000      0.000      1.583    -29.388
     0.000     10.000      0.000      0.000      2.184    -30.097
     5.000     10.000      0.000      0.000      2.497    -29.656
    10.000     10.000      0.000      0.000      2.631    -28.305
    15.000     10.000      0.000      0.000      3.107    -45.071
    20.000     10.000      0.000      0.000      3.641    -59.268
    25.000     10.000      0.000      0.000      3.971    -71.109
    30.000     10.000      0.000      0.000      4.213    -82.086
    35.000     10.000      0.000      0.000      4.521    -88.984
    40.000     10.000      0.000      0.000      4.735    -95.816
    45.000     10.000      0.001    -63.291      4.776   -101.196
    50.000     10.000      0.015    -11.984      4.630   -105.817
    55.000     10.000      0.034     23.171      4.335   -109.465
    60.000     10.000      0.046     38.883      3.784   -112.027
    65.000     10.000      0.056     53.221      3.483   -116.139
    70.000     10.000      0.065     65.527      2.861   -121.645
    75.000     10.000      0.071     72.600      2.311   -126.109
    80.000     10.000      0.070     77.345      1.866   -129.901
    85.000     10.000      0.061     85.301      1.354   -135.146
    90.000     10.000      0.046    101.829      1.102   -136.928
    95.000     10.000      0.034    133.939      0.637   -137.788
   100.000     10.000      0.034    170.051      0.192   -165.184
   105.000     10.000      0.038   -166.366      0.198     96.661
   110.000     10.000      0.048   -152.605      0.285     84.877
   115.000     10.000      0.057   -145.839      0.419     83.416
   120.000     10.000      0.065   -139.235      0.190    108.878
   125.000     10.000      0.063   -132.424      0.215    119.141
   130.000     10.000      0.049   -124.543      0.072    159.277
   135.000     10.000      0.000      0.000      0.000      0.000
   140.000     10.000      0.000      0.000      0.000      0.000
   145.000     10.000      0.000      0.000      0.000      0.000
   -25.000     15.000      0.000      0.000      0.000      0.000
   -20.000     15.000      0.000      0.000      0.000      0.000
   -15.000     15.000      0.000      0.000      0.000      0.000
   -10.000     15.000      0.000      0.000      0.000      0.000
    -5.000     15.000      0.000      0.000      0.000      0.000
     0.000     15.000      0.000      0.000      0.000      0.000
     5.000     15.000      0.000      0.000      0.000      0.000
    10.000     15.000      0.000      0.000      0.000      0.000
    15.000     15.000      0.000      0.000      0.000      0.000
    20.000     15.000      0.000      0.000      0.000      0.000
    25.000     15.000      0.000      0.000      0.000      0.000
    30.000     15.000      0.000      0.000      0.000      0.000
    35.000     15.000      0.000      0.000      0.000      0.000
    40.000     15.000      0.000      0.000      0.000      0.000
    45.000     15.000      0.000      0.000      0.000      0.000
    50.000     15.000      0.000      0.000      0.000      0.000
    55.000     15.000      0.000      0.000      0.000      0.000
    60.000     15.000      0.000      0.000      0.000      0.000
    65.000     15.000      0.000      0.000      0.000      0.000
    70.000     15.000      0.000      0.000      0.000      0.000
    75.000     15.000      0.000      0.000      0.000      0.000
    80.000     15.000      0.000      0.000      0.000      0.000
    85.000     15.000      0.000      0.000      0.000      0.000
    90.000     15.000      0.000      0.000      0.000      0.000
    95.000     15.000      0.000      0.000      0.000      0.000
   100.000     15.000      0.000      0.000      0.000      0.000
   105.000     15.000      0.000      0.000      0.000      0.000
   110.000     15.000      0.000      0.000      0.000      0.000
   115.000     15.000      0.000      0.000      0.000      0.000
   120.000     15.000      0.000      0.000      0.000      0.000
   125.000     15.000      0.000      0.000      0.000      0.000
   130.000     15.000      0.000      0.000      0.000      0.000
   135.000     15.000      0.000      0.000      0.000      0.000
   140.000     15.000      0.000      0.000      0.000      0.000
   145.000     15.000      0.000      0.000      0.000      0.000
   -25.000     20.000      0.000      0.000      0.000      0.000
   -20.000     20.000      0.000      0.000      0.000      0.000
   -15.000     20.000      0.000      0.000      0.000      0.000
   -10.000     20.000      0.000      0.000      0.000      0.000
    -5.000     20.000      0.000      0.000      0.000      0.000
     0.000     20.000      0.000      0.000      0.000      0.000
     5.000     20.000      0.000      0.000      0.000      0.000
    10.000     20.000      0.000      0.000      0.000      0.000
    15.000     20.000      0.000      0.000      0.000      0.000
    20.000     20.000      0.000      0.000      0.000      0.000
    25.000     20.000      0.000      0.000      0.000      0.000
    30.000     20.000      0.000      0.000      0.000      0.000
    35.000     20.000      0.000      0.000      0.000      0.000
    40.000     20.000      0.000      0.000      0.000      0.000
    45.000     20.000      0.000      0.000      0.000      0.000
    50.000     20.000      0.000      0.000      0.000      0.000
    55.000     20.000      0.000      0.000      0.000      0.000
    60.000     20.000      0.000      0.000      0.000      0.000
    65.000     20.000      0.000      0.000      0.000      0.000
    70.000     20.000      0.000      0.000      0.000      0.000
    75.000     20.000      0.000      0.000      0.000      0.000
    80.000     20.000      0.000      0.000      0.000      0.000
    85.000     20.000      0.000      0.000      0.000      0.000
    90.000     20.000      0.000      0.000      0.000      0.000
    95.000     20.000      0.000      0.000      0.000      0.000
   100.000     20.000      0.000      0.000      0.000      0.000
   105.000     20.000      0.000      0.000      0.000      0.000
   110.000     20.000      0.000      0.000      0.000      0.000
   115.000     20.000      0.000      0.000      0.000      0.000
   120.000     20.000      0.000      0.000      0.000      0.000
   125.000     20.000      0.000      0.000      0.000      0.000
   130.000     20.000      0.000      0.000      0.000      0.000
   135.000     20.000      0.000      0.000      0.000      0.000
   140.000     20.000      0.000      0.000      0.000      0.000
   145.000     20.000      0.000      0.000      0.000      0.000
   -25.000     25.000      0.000      0.000      0.000      0.000
   -20.000     25.000      0.000      0.000      0.000      0.000
   -15.000     25.000      0.000      0.000      0.000      0.000
   -10.000     25.000      0.000      0.000      0.000      0.000
    -5.000     25.000      0.000      0.000      0.000      0.000
     0.000     25.000      0.000      0.000      0.000      0.000
     5.000     25.000      0.000      0.000      0.000      0.000
    10.000     25.000      0.000      0.000      0.000      0.000
    15.000     25.000      0.000      0.000      0.000      0.000
    20.000     25.000      0.000      0.000      0.000      0.000
    25.000     25.000      0.000      0.000      0.000      0.000
    30.000     25.000      0.000      0.000      0.000      0.000
    35.000     25.000      0.000      0.000      0.000      0.000
    40.000     25.000      0.000      0.000      0.000      0.000
    45.000     25.000      0.000      0.000      0.000      0.000
    50.000     25.000      0.000      0.000      0.000      0.000
    55.000     25.000      0.000      0.000      0.000      0.000
    60.000     25.000      0.000      0.000      0.000      0.000
    65.000     25.000      0.000      0.000      0.000      0.000
    70.000     25.000      0.000      0.000      0.000      0.000
    75.000     25.000      0.000      0.000      0.000      0.000
    80.000     25.000      0.000      0.000      0.000      0.000
    85.000     25.000      0.000      0.000      0.000      0.000
    90.000     25.000      0.000      0.000      0.000      0.000
    95.000     25.000      0.000      0.000      0.000      0.000
   100.000     25.000      0.000      0.000      0.000      0.000
   105.000     25.000      0.000      0.000      0.000      0.000
   110.000     25.000      0.000      0.000      0.000      0.000
   115.000     25.000      0.000      0.000      0.000      0.000
   120.000     25.000      0.000      0.000      0.000      0.000
   125.000     25.000      0.000      0.000      0.000      0.000
   130.000     25.000      0.000      0.000      0.000      0.000
   135.000     25.000      0.000      0.000      0.000      0.000
   140.000     25.000      0.000      0.000      0.000      0.000
   145.000     25.000      0.000      0.000      0.000      0.000
