   -25.000    -65.000      0.000      0.000      0.000      0.000
   -20.000    -65.000      0.000      0.000      0.000      0.000
   -15.000    -65.000      0.000      0.000      0.000      0.000
   -10.000    -65.000      0.000      0.000      0.000      0.000
    -5.000    -65.000      0.000      0.000      0.000      0.000
     0.000    -65.000      0.000      0.000      0.000      0.000
     5.000    -65.000      0.000      0.000      0.000      0.000
    10.000    -65.000      0.000      0.000      0.000      0.000
    15.000    -65.000      0.000      0.000      0.000      0.000
    20.000    -65.000      0.000      0.000      0.000      0.000
    25.000    -65.000      0.000      0.000      0.000      0.000
    30.000    -65.000      0.000      0.000      0.000      0.000
    35.000    -65.000      0.000      0.000      0.000      0.000
    40.000    -65.000      0.000      0.000      0.000      0.000
    45.000    -65.000      0.000      0.000      0.000      0.000
    50.000    -65.000      0.000      0.000      0.000      0.000
    55.000    -65.000      0.000      0.000      0.000      0.000
    60.000    -65.000      0.000      0.000      0.000      0.000
    65.000    -65.000      0.000      0.000      0.000      0.000
    70.000    -65.000      0.000      0.000      0.000      0.000
    75.000    -65.000      0.000      0.000      0.000      0.000
    80.000    -65.000      0.000      0.000      0.000      0.000
    85.000    -65.000      0.000      0.000      0.000      0.000
    90.000    -65.000      0.000      0.000      0.000      0.000
    95.000    -65.000      0.000      0.000      0.000      0.000
   100.000    -65.000      0.000      0.000      0.000      0.000
   105.000    -65.000      0.000      0.000      0.000      0.000
   110.000    -65.000      0.000      0.000      0.000      0.000
   115.000    -65.000      0.000      0.000      0.000      0.000
   120.000    -65.000      0.000      0.000      0.000      0.000
   125.000    -65.000      0.000      0.000      0.000      0.000
   130.000    -65.000      0.000      0.000      0.000      0.000
   135.000    -65.000      0.000      0.000      0.000      0.000
   140.000    -65.000      0.000      0.000      0.000      0.000
   145.000    -65.000      0.000      0.000      0.000      0.000
   -25.000    -60.000      0.000      0.000      0.000      0.000
   -20.000    -60.000      0.000      0.000      0.000      0.000
   -15.000    -60.000      0.000      0.000      0.000      0.000
   -10.000    -60.000      0.000      0.000      0.000      0.000
    -5.000    -60.000      0.000      0.000      0.000      0.000
     0.000    -60.000      0.000      0.000      0.000      0.000
     5.000    -60.000      0.000      0.000      0.000      0.000
    10.000    -60.000      0.000      0.000      0.000      0.000
    15.000    -60.000      0.000      0.000      0.000      0.000
    20.000    -60.000      0.000      0.000      0.000      0.000
    25.000    -60.000      0.000      0.000      0.000      0.000
    30.000    -60.000      0.000      0.000      0.000      0.000
    35.000    -60.000      0.000      0.000      0.000      0.000
    40.000    -60.000      0.000      0.000      0.000      0.000
    45.000    -60.000      0.000      0.000      0.000      0.000
    50.000    -60.000      0.000      0.000      0.000      0.000
    55.000    -60.000      0.000      0.000      0.000      0.000
    60.000    -60.000      0.000      0.000      0.000      0.000
    65.000    -60.000      0.000      0.000      0.000      0.000
    70.000    -60.000      0.000      0.000      0.000      0.000
    75.000    -60.000      0.000      0.000      0.000      0.000
    80.000    -60.000      0.000      0.000      0.000      0.000
    85.000    -60.000      0.000      0.000      0.000      0.000
    90.000    -60.000      0.000      0.000      0.000      0.000
    95.000    -60.000      0.000      0.000      0.000      0.000
   100.000    -60.000      0.000      0.000      0.000      0.000
   105.000    -60.000      0.000      0.000      0.000      0.000
   110.000    -60.000      0.000      0.000      0.000      0.000
   115.000    -60.000      0.000      0.000      0.000      0.000
   120.000    -60.000      0.000      0.000      0.000      0.000
   125.000    -60.000      0.000      0.000      0.000      0.000
   130.000    -60.000      0.000      0.000      0.000      0.000
   135.000    -60.000      0.000      0.000      0.000      0.000
   140.000    -60.000      0.000      0.000      0.000      0.000
   145.000    -60.000      0.000      0.000      0.000      0.000
   -25.000    -55.000      0.000      0.000      0.000      0.000
   -20.000    -55.000      0.000      0.000      0.000      0.000
   -15.000    -55.000      0.000      0.000      0.000      0.000
   -10.000    -55.000      0.000      0.000      0.000      0.000
    -5.000    -55.000      0.000      0.000      0.000      0.000
     0.000    -55.000      0.000      0.000      0.000      0.000
     5.000    -55.000      0.000      0.000      0.000      0.000
    10.000    -55.000      0.000      0.000      0.000      0.000
    15.000    -55.000      0.000      0.000      0.000      0.000
    20.000    -55.000      0.000      0.000      0.000      0.000
    25.000    -55.000      0.000      0.000      0.000      0.000
    30.000    -55.000      0.000      0.000      0.000      0.000
    35.000    -55.000      0.000      0.000      0.000      0.000
    40.000    -55.000      0.000      0.000      0.000      0.000
    45.000    -55.000      0.000      0.000      0.000      0.000
    50.000    -55.000      0.000      0.000      0.000      0.000
    55.000    -55.000      0.000      0.000      0.000      0.000
    60.000    -55.000      0.000      0.000      0.000      0.000
    65.000    -55.000      0.000      0.000      0.000      0.000
    70.000    -55.000      0.000      0.000      0.000      0.000
    75.000    -55.000      0.000      0.000      0.000      0.000
    80.000    -55.000      0.000      0.000      0.000      0.000
    85.000    -55.000      0.000      0.000      0.000      0.000
    90.000    -55.000      0.000      0.000      0.000      0.000
    95.000    -55.000      0.000      0.000      0.000      0.000
   100.000    -55.000      0.000      0.000      0.000      0.000
   105.000    -55.000      0.000      0.000      0.000      0.000
   110.000    -55.000      0.000      0.000      0.000      0.000
   115.000    -55.000      0.000      0.000      0.000      0.000
   120.000    -55.000      0.000      0.000      0.000      0.000
   125.000    -55.000      0.000      0.000      0.000      0.000
   130.000    -55.000      0.000      0.000      0.000      0.000
   135.000    -55.000      0.000      0.000      0.000      0.000
   140.000    -55.000      0.000      0.000      0.000      0.000
   145.000    -55.000      0.000      0.000      0.000      0.000
   -25.000    -50.000      0.000      0.000      0.000      0.000
   -20.000    -50.000      0.000      0.000      0.000      0.000
   -15.000    -50.000      0.000      0.000      0.000      0.000
   -10.000    -50.000      0.059     61.491      0.574     67.511
    -5.000    -50.000      0.074     45.876      0.829     70.181
     0.000    -50.000      0.086     28.796      1.006     80.038
     5.000    -50.000      0.098     15.097      1.221     88.582
    10.000    -50.000      0.112      6.978      1.430     94.409
    15.000    -50.000      0.126      1.917      1.566     98.070
    20.000    -50.000      0.134      0.567      1.642     99.652
    25.000    -50.000      0.137      1.808      1.648    106.380
    30.000    -50.000      0.131      3.788      1.503    113.416
    35.000    -50.000      0.118      5.642      1.305    125.632
    40.000    -50.000      0.104     10.051      1.191    136.422
    45.000    -50.000      0.088     10.893      1.146    143.458
    50.000    -50.000      0.075     14.535      1.237    143.699
    55.000    -50.000      0.063     25.062      1.092    137.578
    60.000    -50.000      0.053     42.632      0.983    142.899
    65.000    -50.000      0.040     58.222      0.705    158.974
    70.000    -50.000      0.017     66.337      0.537    148.169
    75.000    -50.000      0.009   -133.464      0.470    125.849
    80.000    -50.000      0.042   -116.953      0.291    121.372
    85.000    -50.000      0.071   -119.766      0.276    118.463
    90.000    -50.000      0.096   -119.713      0.166    176.713
    95.000    -50.000      0.107   -117.347      0.289   -126.879
   100.000    -50.000      0.083   -120.190      0.329   -107.081
   105.000    -50.000      0.025    168.807      0.036   -178.007
   110.000    -50.000      0.039     86.964      0.039     86.964
   115.000    -50.000      0.000      0.000      0.000      0.000
   120.000    -50.000      0.000      0.000      0.000      0.000
   125.000    -50.000      0.000      0.000      0.000      0.000
   130.000    -50.000      0.000      0.000      0.000      0.000
   135.000    -50.000      0.000      0.000      0.000      0.000
   140.000    -50.000      0.000      0.000      0.000      0.000
   145.000    -50.000      0.000      0.000      0.000      0.000
   -25.000    -45.000      0.000      0.000      0.000      0.000
   -20.000    -45.000      0.000      0.000      0.000      0.000
   -15.000    -45.000      0.000      0.000      0.000      0.000
   -10.000    -45.000      0.062     66.042      0.398     67.929
    -5.000    -45.000      0.086     47.039      0.799     78.238
     0.000    -45.000      0.113     29.006      1.125     85.379
     5.000    -45.000      0.142     15.993      1.396     91.936
    10.000    -45.000      0.172      9.671      1.652     98.651
    15.000    -45.000      0.195      5.113      1.965    103.380
    20.000    -45.000      0.208      1.162      2.473    104.248
    25.000    -45.000      0.214     -2.342      2.624    108.328
    30.000    -45.000      0.213     -7.021      2.458    117.915
    35.000    -45.000      0.205    -11.867      1.970    134.539
    40.000    -45.000      0.187    -15.066      1.881    153.939
    45.000    -45.000      0.162    -16.550      2.062    163.318
    50.000    -45.000      0.137    -17.660      2.338    165.986
    55.000    -45.000      0.109    -19.138      2.170    166.683
    60.000    -45.000      0.077    -28.240      1.817    166.030
    65.000    -45.000      0.050    -55.684      1.455    169.104
    70.000    -45.000      0.050   -106.490      1.010    166.781
    75.000    -45.000      0.082   -129.738      0.868    142.843
    80.000    -45.000      0.126   -132.204      0.648    149.313
    85.000    -45.000      0.167   -130.819      0.524    151.303
    90.000    -45.000      0.204   -129.143      0.348   -174.629
    95.000    -45.000      0.221   -128.755      0.491   -123.037
   100.000    -45.000      0.196   -132.474      0.573   -109.660
   105.000    -45.000      0.118   -147.453      0.229   -138.362
   110.000    -45.000      0.017    154.351      0.017    154.351
   115.000    -45.000      0.002    128.125      0.002    128.125
   120.000    -45.000      0.000      0.000      0.000      0.000
   125.000    -45.000      0.000      0.000      0.000      0.000
   130.000    -45.000      0.000      0.000      0.000      0.000
   135.000    -45.000      0.000      0.000      0.000      0.000
   140.000    -45.000      0.000      0.000      0.000      0.000
   145.000    -45.000      0.000      0.000      0.000      0.000
   -25.000    -40.000      0.000      0.000      0.000      0.000
   -20.000    -40.000      0.000      0.000      0.000      0.000
   -15.000    -40.000      0.000      0.000      0.000      0.000
   -10.000    -40.000      0.038     45.058      0.162     34.375
    -5.000    -40.000      0.075     19.733      0.422     72.483
     0.000    -40.000      0.118      9.437      0.590    105.799
     5.000    -40.000      0.158      3.316      0.808    131.560
    10.000    -40.000      0.194     -0.016      1.072    140.539
    15.000    -40.000      0.221     -4.502      1.414    138.878
    20.000    -40.000      0.240    -10.344      1.888    134.880
    25.000    -40.000      0.250    -17.459      2.314    130.596
    30.000    -40.000      0.255    -25.864      2.363    141.916
    35.000    -40.000      0.258    -33.914      2.258    164.170
    40.000    -40.000      0.252    -39.921      2.466   -177.938
    45.000    -40.000      0.241    -45.674      2.914   -168.997
    50.000    -40.000      0.218    -52.402      3.374   -169.186
    55.000    -40.000      0.179    -62.292      3.316   -170.479
    60.000    -40.000      0.152    -78.593      2.973   -168.632
    65.000    -40.000      0.140    -99.253      2.435   -168.727
    70.000    -40.000      0.145   -121.253      1.672   -172.791
    75.000    -40.000      0.171   -137.039      1.186    173.486
    80.000    -40.000      0.206   -141.679      0.932    166.848
    85.000    -40.000      0.237   -141.697      0.828    175.464
    90.000    -40.000      0.264   -137.860      0.703   -150.095
    95.000    -40.000      0.273   -133.434      0.640   -122.784
   100.000    -40.000      0.242   -131.743      0.650   -110.855
   105.000    -40.000      0.158   -136.847      0.296   -119.463
   110.000    -40.000      0.060   -142.484      0.079   -129.712
   115.000    -40.000      0.002    121.488      0.002    121.488
   120.000    -40.000      0.000      0.000      0.000      0.000
   125.000    -40.000      0.000      0.000      0.000      0.000
   130.000    -40.000      0.000      0.000      0.000      0.000
   135.000    -40.000      0.000      0.000      0.000      0.000
   140.000    -40.000      0.000      0.000      0.000      0.000
   145.000    -40.000      0.000      0.000      0.000      0.000
   -25.000    -35.000      0.000      0.000      0.000      0.000
   -20.000    -35.000      0.000      0.000      0.000      0.000
   -15.000    -35.000      0.000      0.000      0.000      0.000
   -10.000    -35.000      0.041    -41.764      0.473    -95.117
    -5.000    -35.000      0.097    -24.561      0.811   -102.859
     0.000    -35.000      0.156    -19.603      1.233   -110.976
     5.000    -35.000      0.203    -17.842      1.538   -118.220
    10.000    -35.000      0.238    -19.360      1.582   -129.247
    15.000    -35.000      0.258    -24.298      1.524   -151.377
    20.000    -35.000      0.269    -31.625      1.825   -160.982
    25.000    -35.000      0.278    -39.687      2.027   -167.316
    30.000    -35.000      0.286    -46.545      2.476   -166.098
    35.000    -35.000      0.294    -54.794      3.113   -157.934
    40.000    -35.000      0.299    -62.983      3.825   -149.746
    45.000    -35.000      0.305    -71.355      4.530   -146.117
    50.000    -35.000      0.308    -80.081      4.846   -149.407
    55.000    -35.000      0.302    -89.688      4.819   -151.982
    60.000    -35.000      0.293    -99.765      4.467   -150.995
    65.000    -35.000      0.289   -111.010      3.866   -148.575
    70.000    -35.000      0.288   -121.767      2.912   -149.963
    75.000    -35.000      0.288   -130.918      1.908   -158.598
    80.000    -35.000      0.290   -136.831      1.416   -163.175
    85.000    -35.000      0.287   -139.305      1.070   -165.543
    90.000    -35.000      0.274   -139.317      0.953   -140.242
    95.000    -35.000      0.245   -137.485      0.893   -117.458
   100.000    -35.000      0.196   -136.375      0.651   -115.953
   105.000    -35.000      0.126   -139.170      0.273   -129.047
   110.000    -35.000      0.064   -150.604      0.079   -150.388
   115.000    -35.000      0.024   -161.899      0.024   -161.899
   120.000    -35.000      0.000      0.000      0.000      0.000
   125.000    -35.000      0.000      0.000      0.000      0.000
   130.000    -35.000      0.000      0.000      0.000      0.000
   135.000    -35.000      0.000      0.000      0.000      0.000
   140.000    -35.000      0.000      0.000      0.000      0.000
   145.000    -35.000      0.000      0.000      0.000      0.000
   -25.000    -30.000      0.000      0.000      0.000      0.000
   -20.000    -30.000      0.000      0.000      0.000      0.000
   -15.000    -30.000      0.000      0.000      0.000      0.000
   -10.000    -30.000      0.053    -41.253      0.928   -102.404
    -5.000    -30.000      0.121    -27.872      1.820   -102.960
     0.000    -30.000      0.178    -25.663      2.795   -102.679
     5.000    -30.000      0.216    -25.917      3.502   -103.787
    10.000    -30.000      0.246    -28.590      3.722   -107.269
    15.000    -30.000      0.275    -34.907      3.653   -113.647
    20.000    -30.000      0.294    -42.607      3.668   -119.561
    25.000    -30.000      0.307    -52.652      3.853   -124.426
    30.000    -30.000      0.317    -62.851      4.188   -129.336
    35.000    -30.000      0.333    -74.188      5.104   -130.348
    40.000    -30.000      0.354    -84.186      5.840   -130.604
    45.000    -30.000      0.385    -92.795      6.390   -132.572
    50.000    -30.000      0.415    -99.386      6.682   -136.356
    55.000    -30.000      0.438   -104.848      6.579   -140.869
    60.000    -30.000      0.446   -109.424      6.213   -142.380
    65.000    -30.000      0.440   -114.015      5.524   -140.939
    70.000    -30.000      0.418   -118.573      4.619   -137.783
    75.000    -30.000      0.390   -122.875      3.305   -137.861
    80.000    -30.000      0.361   -127.051      2.248   -142.683
    85.000    -30.000      0.323   -131.824      1.632   -144.769
    90.000    -30.000      0.273   -137.158      1.201   -138.295
    95.000    -30.000      0.214   -144.165      1.064   -125.122
   100.000    -30.000      0.153   -155.684      0.825   -121.852
   105.000    -30.000      0.102   -175.556      0.220   -154.617
   110.000    -30.000      0.064    156.000      0.105    167.890
   115.000    -30.000      0.015    149.834      0.015    149.834
   120.000    -30.000      0.000      0.000      0.000      0.000
   125.000    -30.000      0.000      0.000      0.000      0.000
   130.000    -30.000      0.000      0.000      0.000      0.000
   135.000    -30.000      0.000      0.000      0.000      0.000
   140.000    -30.000      0.000      0.000      0.000      0.000
   145.000    -30.000      0.000      0.000      0.000      0.000
   -25.000    -25.000      0.000      0.000      0.000      0.000
   -20.000    -25.000      0.000      0.000      0.000      0.000
   -15.000    -25.000      0.000      0.000      0.000      0.000
   -10.000    -25.000      0.057    -27.726      1.508   -100.043
    -5.000    -25.000      0.124    -24.276      2.937    -98.771
     0.000    -25.000      0.178    -23.410      4.257    -96.995
     5.000    -25.000      0.210    -26.088      5.132    -95.480
    10.000    -25.000      0.232    -33.539      5.605    -96.056
    15.000    -25.000      0.264    -43.713      5.773   -100.300
    20.000    -25.000      0.293    -53.978      5.935   -104.080
    25.000    -25.000      0.318    -65.052      6.291   -108.610
    30.000    -25.000      0.347    -77.352      6.659   -113.014
    35.000    -25.000      0.389    -89.169      7.228   -116.693
    40.000    -25.000      0.434    -98.262      7.856   -119.873
    45.000    -25.000      0.481   -105.212      8.353   -122.819
    50.000    -25.000      0.522   -110.477      8.372   -127.582
    55.000    -25.000      0.547   -113.747      8.209   -131.949
    60.000    -25.000      0.556   -115.460      7.807   -135.219
    65.000    -25.000      0.550   -117.142      7.156   -136.513
    70.000    -25.000      0.524   -118.677      6.136   -133.114
    75.000    -25.000      0.480   -121.059      4.915   -129.350
    80.000    -25.000      0.420   -124.586      3.591   -130.342
    85.000    -25.000      0.351   -129.915      2.340   -135.341
    90.000    -25.000      0.279   -138.219      1.656   -136.122
    95.000    -25.000      0.211   -149.340      1.114   -135.940
   100.000    -25.000      0.151   -165.196      0.883   -133.987
   105.000    -25.000      0.102    170.709      0.373   -144.994
   110.000    -25.000      0.065    140.723      0.078    145.774
   115.000    -25.000      0.021    105.158      0.021    105.158
   120.000    -25.000      0.000    143.471      0.000    143.471
   125.000    -25.000      0.000      0.000      0.000      0.000
   130.000    -25.000      0.000      0.000      0.000      0.000
   135.000    -25.000      0.000      0.000      0.000      0.000
   140.000    -25.000      0.000      0.000      0.000      0.000
   145.000    -25.000      0.000      0.000      0.000      0.000
   -25.000    -20.000      0.000      0.000      0.000      0.000
   -20.000    -20.000      0.000      0.000      0.000      0.000
   -15.000    -20.000      0.000      0.000      0.000      0.000
   -10.000    -20.000      0.069    -22.790      2.249    -89.729
    -5.000    -20.000      0.122    -27.298      4.052    -90.616
     0.000    -20.000      0.158    -29.992      5.521    -90.633
     5.000    -20.000      0.179    -34.900      6.572    -89.706
    10.000    -20.000      0.200    -44.875      7.201    -89.490
    15.000    -20.000      0.240    -58.470      7.473    -91.191
    20.000    -20.000      0.295    -72.226      7.809    -93.954
    25.000    -20.000      0.349    -83.290      8.291    -98.448
    30.000    -20.000      0.407    -92.963      8.942   -102.975
    35.000    -20.000      0.465   -101.024      9.537   -107.590
    40.000    -20.000      0.520   -107.208     10.014   -111.200
    45.000    -20.000      0.571   -111.775     10.250   -114.885
    50.000    -20.000      0.608   -115.026      9.949   -120.212
    55.000    -20.000      0.629   -117.419      9.463   -124.800
    60.000    -20.000      0.632   -119.564      8.992   -128.627
    65.000    -20.000      0.622   -121.626      8.419   -131.307
    70.000    -20.000      0.587   -123.447      7.509   -131.015
    75.000    -20.000      0.525   -125.410      6.358   -128.669
    80.000    -20.000      0.450   -127.949      4.948   -126.465
    85.000    -20.000      0.365   -131.963      3.223   -128.245
    90.000    -20.000      0.275   -138.092      2.053   -129.983
    95.000    -20.000      0.193   -149.021      1.128   -140.379
   100.000    -20.000      0.128   -166.381      0.673   -158.417
   105.000    -20.000      0.082    165.601      0.357   -176.888
   110.000    -20.000      0.046    139.043      0.137    123.059
   115.000    -20.000      0.029    -90.648      0.041    -88.662
   120.000    -20.000      0.001    -68.785      0.001    -68.785
   125.000    -20.000      0.000      0.000      0.000      0.000
   130.000    -20.000      0.000      0.000      0.000      0.000
   135.000    -20.000      0.000      0.000      0.000      0.000
   140.000    -20.000      0.000      0.000      0.000      0.000
   145.000    -20.000      0.000      0.000      0.000      0.000
   -25.000    -15.000      0.000      0.000      0.000      0.000
   -20.000    -15.000      0.000      0.000      0.000      0.000
   -15.000    -15.000      0.000      0.000      0.000      0.000
   -10.000    -15.000      0.071    -48.060      2.451    -84.373
    -5.000    -15.000      0.110    -56.695      4.462    -83.050
     0.000    -15.000      0.117    -54.046      6.019    -81.696
     5.000    -15.000      0.115    -53.865      7.185    -81.201
    10.000    -15.000      0.133    -64.911      7.935    -81.968
    15.000    -15.000      0.203    -79.522      8.529    -83.398
    20.000    -15.000      0.290    -88.698      9.030    -86.329
    25.000    -15.000      0.368    -95.875      9.479    -90.996
    30.000    -15.000      0.444   -102.241     10.120    -95.954
    35.000    -15.000      0.514   -107.345     11.072   -100.832
    40.000    -15.000      0.571   -111.573     11.671   -105.295
    45.000    -15.000      0.615   -115.091     11.593   -109.178
    50.000    -15.000      0.650   -118.345     11.140   -114.323
    55.000    -15.000      0.672   -121.167     10.333   -119.750
    60.000    -15.000      0.672   -123.193      9.800   -123.929
    65.000    -15.000      0.650   -124.961      9.145   -126.918
    70.000    -15.000      0.606   -126.190      8.328   -128.934
    75.000    -15.000      0.543   -127.450      7.271   -128.561
    80.000    -15.000      0.458   -129.160      5.844   -126.479
    85.000    -15.000      0.354   -132.123      4.133   -125.894
    90.000    -15.000      0.250   -137.858      2.450   -125.256
    95.000    -15.000      0.160   -150.448      1.154   -132.600
   100.000    -15.000      0.103   -172.911      0.460    178.704
   105.000    -15.000      0.079    158.641      0.339    151.417
   110.000    -15.000      0.057    144.994      0.157    144.050
   115.000    -15.000      0.015   -179.750      0.022    158.664
   120.000    -15.000      0.002    -83.196      0.002    -83.196
   125.000    -15.000      0.000      0.000      0.000      0.000
   130.000    -15.000      0.000      0.000      0.000      0.000
   135.000    -15.000      0.000      0.000      0.000      0.000
   140.000    -15.000      0.000      0.000      0.000      0.000
   145.000    -15.000      0.000      0.000      0.000      0.000
   -25.000    -10.000      0.000      0.000      0.000      0.000
   -20.000    -10.000      0.000      0.000      0.000      0.000
   -15.000    -10.000      0.000      0.000      0.000      0.000
   -10.000    -10.000      0.015      7.410      2.226    -73.258
    -5.000    -10.000      0.005     23.582      4.160    -69.066
     0.000    -10.000      0.017    -15.572      5.742    -66.678
     5.000    -10.000      0.023    -59.784      7.025    -66.873
    10.000    -10.000      0.067    -82.555      7.994    -70.348
    15.000    -10.000      0.184    -95.341      8.729    -74.704
    20.000    -10.000      0.293    -99.768      9.429    -78.904
    25.000    -10.000      0.381   -103.406     10.217    -84.139
    30.000    -10.000      0.455   -107.524     10.690    -89.389
    35.000    -10.000      0.514   -111.807     11.357    -95.417
    40.000    -10.000      0.564   -115.811     12.308   -100.773
    45.000    -10.000      0.610   -119.178     12.252   -104.894
    50.000    -10.000      0.646   -121.632     11.506   -110.048
    55.000    -10.000      0.661   -123.349     10.905   -115.144
    60.000    -10.000      0.657   -124.763      9.978   -119.748
    65.000    -10.000      0.632   -125.924      9.270   -122.907
    70.000    -10.000      0.583   -126.646      8.357   -126.248
    75.000    -10.000      0.514   -127.579      7.378   -128.169
    80.000    -10.000      0.431   -128.790      6.196   -127.680
    85.000    -10.000      0.339   -130.911      4.685   -125.498
    90.000    -10.000      0.242   -135.718      2.790   -123.988
    95.000    -10.000      0.152   -145.853      1.173   -125.666
   100.000    -10.000      0.089   -165.718      0.227    163.852
   105.000    -10.000      0.059    169.404      0.318    106.525
   110.000    -10.000      0.034    167.254      0.108    152.285
   115.000    -10.000      0.014   -107.871      0.021   -113.908
   120.000    -10.000      0.001    -73.175      0.001    -73.175
   125.000    -10.000      0.000      0.000      0.000      0.000
   130.000    -10.000      0.000      0.000      0.000      0.000
   135.000    -10.000      0.000      0.000      0.000      0.000
   140.000    -10.000      0.000      0.000      0.000      0.000
   145.000    -10.000      0.000      0.000      0.000      0.000
   -25.000     -5.000      0.000      0.000      0.000      0.000
   -20.000     -5.000      0.000      0.000      0.000      0.000
   -15.000     -5.000      0.000      0.000      0.000      0.000
   -10.000     -5.000      0.009    -74.344      2.090    -55.720
    -5.000     -5.000      0.000   -157.039      3.744    -50.939
     0.000     -5.000      0.000    169.576      5.227    -50.109
     5.000     -5.000      0.000   -135.905      6.492    -52.177
    10.000     -5.000      0.024   -118.210      7.413    -57.277
    15.000     -5.000      0.160   -101.779      8.286    -64.174
    20.000     -5.000      0.257   -104.567      9.217    -72.219
    25.000     -5.000      0.329   -108.705     10.145    -79.116
    30.000     -5.000      0.391   -113.021     10.680    -84.494
    35.000     -5.000      0.445   -116.683     11.215    -90.565
    40.000     -5.000      0.492   -119.755     11.765    -97.139
    45.000     -5.000      0.532   -121.952     11.823   -101.524
    50.000     -5.000      0.567   -123.508     10.924   -106.075
    55.000     -5.000      0.588   -124.368     10.237   -111.001
    60.000     -5.000      0.595   -125.158      9.517   -115.828
    65.000     -5.000      0.584   -125.869      8.480   -120.237
    70.000     -5.000      0.558   -126.428      7.448   -124.125
    75.000     -5.000      0.510   -127.244      6.655   -127.039
    80.000     -5.000      0.440   -127.927      5.678   -128.529
    85.000     -5.000      0.354   -128.618      4.411   -126.664
    90.000     -5.000      0.254   -129.514      2.827   -125.320
    95.000     -5.000      0.157   -131.048      1.331   -124.025
   100.000     -5.000      0.072   -136.420      0.259   -103.793
   105.000     -5.000      0.020   -160.417      0.192     44.184
   110.000     -5.000      0.016   -143.238      0.106     89.576
   115.000     -5.000      0.057   -115.983      0.084   -116.645
   120.000     -5.000      0.001     61.267      0.001     61.267
   125.000     -5.000      0.000      0.000      0.000      0.000
   130.000     -5.000      0.000      0.000      0.000      0.000
   135.000     -5.000      0.000      0.000      0.000      0.000
   140.000     -5.000      0.000      0.000      0.000      0.000
   145.000     -5.000      0.000      0.000      0.000      0.000
   -25.000      0.000      0.000      0.000      0.000      0.000
   -20.000      0.000      0.000      0.000      0.000      0.000
   -15.000      0.000      0.000      0.000      0.000      0.000
   -10.000      0.000      0.006   -122.084      1.682    -32.771
    -5.000      0.000      0.000    132.378      3.295    -33.149
     0.000      0.000      0.000    133.746      4.600    -34.078
     5.000      0.000      0.000   -161.356      5.611    -37.582
    10.000      0.000      0.017   -126.764      6.401    -45.192
    15.000      0.000      0.126   -100.376      7.295    -55.352
    20.000      0.000      0.195   -103.618      8.217    -65.754
    25.000      0.000      0.251   -107.929      9.102    -75.001
    30.000      0.000      0.305   -112.532      9.728    -81.591
    35.000      0.000      0.355   -115.940      9.914    -87.379
    40.000      0.000      0.400   -118.655     10.114    -93.732
    45.000      0.000      0.445   -120.649     10.278    -99.353
    50.000      0.000      0.490   -122.322      9.704   -103.082
    55.000      0.000      0.526   -122.984      8.917   -107.510
    60.000      0.000      0.547   -123.118      8.359   -112.062
    65.000      0.000      0.554   -123.083      7.309   -117.010
    70.000      0.000      0.541   -123.379      6.297   -121.121
    75.000      0.000      0.504   -123.873      5.509   -125.780
    80.000      0.000      0.440   -124.426      4.718   -127.783
    85.000      0.000      0.358   -124.310      3.840   -127.117
    90.000      0.000      0.262   -123.841      2.694   -124.807
    95.000      0.000      0.159   -121.369      1.367   -122.967
   100.000      0.000      0.062   -110.729      0.549   -104.576
   105.000      0.000      0.027      9.291      0.196    -20.538
   110.000      0.000      0.049     26.180      0.276     45.092
   115.000      0.000      0.028    -44.819      0.040    -40.604
   120.000      0.000      0.002     98.440      0.002     98.440
   125.000      0.000      0.000      0.000      0.000      0.000
   130.000      0.000      0.000      0.000      0.000      0.000
   135.000      0.000      0.000      0.000      0.000      0.000
   140.000      0.000      0.000      0.000      0.000      0.000
   145.000      0.000      0.000      0.000      0.000      0.000
   -25.000      5.000      0.000      0.000      0.000      0.000
   -20.000      5.000      0.000      0.000      0.000      0.000
   -15.000      5.000      0.000      0.000      0.000      0.000
   -10.000      5.000      0.014     99.085      1.249     -9.619
    -5.000      5.000      0.000   -100.429      2.599    -26.139
     0.000      5.000      0.000   -113.199      3.694    -28.950
     5.000      5.000      0.000   -136.975      4.393    -31.121
    10.000      5.000      0.033    -90.173      4.802    -35.460
    15.000      5.000      0.111    -95.915      5.567    -48.693
    20.000      5.000      0.171    -98.688      6.346    -61.352
    25.000      5.000      0.218   -102.242      6.951    -71.236
    30.000      5.000      0.260   -106.502      7.414    -79.480
    35.000      5.000      0.297   -110.657      7.663    -85.562
    40.000      5.000      0.328   -114.225      7.631    -91.233
    45.000      5.000      0.362   -116.982      7.666    -97.335
    50.000      5.000      0.395   -119.206      7.523   -101.838
    55.000      5.000      0.432   -120.170      6.797   -105.342
    60.000      5.000      0.457   -120.546      5.985   -109.798
    65.000      5.000      0.469   -120.282      5.260   -114.964
    70.000      5.000      0.460   -119.973      4.538   -119.217
    75.000      5.000      0.433   -119.319      3.818   -123.957
    80.000      5.000      0.383   -118.360      3.226   -126.468
    85.000      5.000      0.311   -116.666      2.711   -127.906
    90.000      5.000      0.226   -113.829      2.031   -126.382
    95.000      5.000      0.138   -106.370      1.156   -125.494
   100.000      5.000      0.056    -75.727      0.435   -122.093
   105.000      5.000      0.064     24.521      0.117    -78.715
   110.000      5.000      0.110     44.455      0.255     34.605
   115.000      5.000      0.097     51.900      0.134     50.656
   120.000      5.000      0.000     24.656      0.000     24.656
   125.000      5.000      0.000      0.000      0.000      0.000
   130.000      5.000      0.000      0.000      0.000      0.000
   135.000      5.000      0.000      0.000      0.000      0.000
   140.000      5.000      0.000      0.000      0.000      0.000
   145.000      5.000      0.000      0.000      0.000      0.000
   -25.000     10.000      0.000      0.000      0.000      0.000
   -20.000     10.000      0.000      0.000      0.000      0.000
   -15.000     10.000      0.000      0.000      0.000      0.000
   -10.000     10.000      0.014    120.171      0.700     -8.768
    -5.000     10.000      0.042    -86.323      1.583    -29.388
     0.000     10.000      0.047   -105.421      2.184    -30.097
     5.000     10.000      0.043   -117.342      2.497    -29.656
    10.000     10.000      0.008     -1.198      2.630    -28.577
    15.000     10.000      0.060    -93.494      3.091    -44.485
    20.000     10.000      0.108   -100.973      3.537    -58.128
    25.000     10.000      0.140   -104.538      3.919    -69.398
    30.000     10.000      0.157   -108.193      4.130    -78.098
    35.000     10.000      0.174   -112.329      4.313    -83.497
    40.000     10.000      0.189   -115.635      4.429    -89.827
    45.000     10.000      0.207   -118.328      4.273    -95.210
    50.000     10.000      0.223   -119.947      3.984   -100.546
    55.000     10.000      0.234   -120.337      3.632   -105.105
    60.000     10.000      0.241   -119.642      3.089   -108.124
    65.000     10.000      0.245   -118.085      2.841   -113.217
    70.000     10.000      0.243   -116.113      2.310   -119.380
    75.000     10.000      0.233   -113.343      1.880   -123.824
    80.000     10.000      0.213   -110.102      1.565   -126.890
    85.000     10.000      0.188   -106.585      1.176   -130.471
    90.000     10.000      0.152   -102.591      1.041   -130.117
    95.000     10.000      0.104    -95.895      0.679   -125.429
   100.000     10.000      0.049    -74.677      0.282   -122.751
   105.000     10.000      0.040     28.480      0.043   -126.704
   110.000     10.000      0.092     59.467      0.028     72.447
   115.000     10.000      0.128     71.429      0.173     73.878
   120.000     10.000      0.001     46.940      0.001     46.940
   125.000     10.000      0.000      0.000      0.000      0.000
   130.000     10.000      0.000      0.000      0.000      0.000
   135.000     10.000      0.000      0.000      0.000      0.000
   140.000     10.000      0.000      0.000      0.000      0.000
   145.000     10.000      0.000      0.000      0.000      0.000
   -25.000     15.000      0.000      0.000      0.000      0.000
   -20.000     15.000      0.000      0.000      0.000      0.000
   -15.000     15.000      0.000      0.000      0.000      0.000
   -10.000     15.000      0.000      0.000      0.000      0.000
    -5.000     15.000      0.000      0.000      0.000      0.000
     0.000     15.000      0.000      0.000      0.000      0.000
     5.000     15.000      0.000      0.000      0.000      0.000
    10.000     15.000      0.000      0.000      0.000      0.000
    15.000     15.000      0.000      0.000      0.000      0.000
    20.000     15.000      0.000      0.000      0.000      0.000
    25.000     15.000      0.000      0.000      0.000      0.000
    30.000     15.000      0.000      0.000      0.000      0.000
    35.000     15.000      0.000      0.000      0.000      0.000
    40.000     15.000      0.000      0.000      0.000      0.000
    45.000     15.000      0.000      0.000      0.000      0.000
    50.000     15.000      0.000      0.000      0.000      0.000
    55.000     15.000      0.000      0.000      0.000      0.000
    60.000     15.000      0.000      0.000      0.000      0.000
    65.000     15.000      0.000      0.000      0.000      0.000
    70.000     15.000      0.000      0.000      0.000      0.000
    75.000     15.000      0.000      0.000      0.000      0.000
    80.000     15.000      0.000      0.000      0.000      0.000
    85.000     15.000      0.000      0.000      0.000      0.000
    90.000     15.000      0.000      0.000      0.000      0.000
    95.000     15.000      0.000      0.000      0.000      0.000
   100.000     15.000      0.000      0.000      0.000      0.000
   105.000     15.000      0.000      0.000      0.000      0.000
   110.000     15.000      0.000      0.000      0.000      0.000
   115.000     15.000      0.000      0.000      0.000      0.000
   120.000     15.000      0.000      0.000      0.000      0.000
   125.000     15.000      0.000      0.000      0.000      0.000
   130.000     15.000      0.000      0.000      0.000      0.000
   135.000     15.000      0.000      0.000      0.000      0.000
   140.000     15.000      0.000      0.000      0.000      0.000
   145.000     15.000      0.000      0.000      0.000      0.000
   -25.000     20.000      0.000      0.000      0.000      0.000
   -20.000     20.000      0.000      0.000      0.000      0.000
   -15.000     20.000      0.000      0.000      0.000      0.000
   -10.000     20.000      0.000      0.000      0.000      0.000
    -5.000     20.000      0.000      0.000      0.000      0.000
     0.000     20.000      0.000      0.000      0.000      0.000
     5.000     20.000      0.000      0.000      0.000      0.000
    10.000     20.000      0.000      0.000      0.000      0.000
    15.000     20.000      0.000      0.000      0.000      0.000
    20.000     20.000      0.000      0.000      0.000      0.000
    25.000     20.000      0.000      0.000      0.000      0.000
    30.000     20.000      0.000      0.000      0.000      0.000
    35.000     20.000      0.000      0.000      0.000      0.000
    40.000     20.000      0.000      0.000      0.000      0.000
    45.000     20.000      0.000      0.000      0.000      0.000
    50.000     20.000      0.000      0.000      0.000      0.000
    55.000     20.000      0.000      0.000      0.000      0.000
    60.000     20.000      0.000      0.000      0.000      0.000
    65.000     20.000      0.000      0.000      0.000      0.000
    70.000     20.000      0.000      0.000      0.000      0.000
    75.000     20.000      0.000      0.000      0.000      0.000
    80.000     20.000      0.000      0.000      0.000      0.000
    85.000     20.000      0.000      0.000      0.000      0.000
    90.000     20.000      0.000      0.000      0.000      0.000
    95.000     20.000      0.000      0.000      0.000      0.000
   100.000     20.000      0.000      0.000      0.000      0.000
   105.000     20.000      0.000      0.000      0.000      0.000
   110.000     20.000      0.000      0.000      0.000      0.000
   115.000     20.000      0.000      0.000      0.000      0.000
   120.000     20.000      0.000      0.000      0.000      0.000
   125.000     20.000      0.000      0.000      0.000      0.000
   130.000     20.000      0.000      0.000      0.000      0.000
   135.000     20.000      0.000      0.000      0.000      0.000
   140.000     20.000      0.000      0.000      0.000      0.000
   145.000     20.000      0.000      0.000      0.000      0.000
   -25.000     25.000      0.000      0.000      0.000      0.000
   -20.000     25.000      0.000      0.000      0.000      0.000
   -15.000     25.000      0.000      0.000      0.000      0.000
   -10.000     25.000      0.000      0.000      0.000      0.000
    -5.000     25.000      0.000      0.000      0.000      0.000
     0.000     25.000      0.000      0.000      0.000      0.000
     5.000     25.000      0.000      0.000      0.000      0.000
    10.000     25.000      0.000      0.000      0.000      0.000
    15.000     25.000      0.000      0.000      0.000      0.000
    20.000     25.000      0.000      0.000      0.000      0.000
    25.000     25.000      0.000      0.000      0.000      0.000
    30.000     25.000      0.000      0.000      0.000      0.000
    35.000     25.000      0.000      0.000      0.000      0.000
    40.000     25.000      0.000      0.000      0.000      0.000
    45.000     25.000      0.000      0.000      0.000      0.000
    50.000     25.000      0.000      0.000      0.000      0.000
    55.000     25.000      0.000      0.000      0.000      0.000
    60.000     25.000      0.000      0.000      0.000      0.000
    65.000     25.000      0.000      0.000      0.000      0.000
    70.000     25.000      0.000      0.000      0.000      0.000
    75.000     25.000      0.000      0.000      0.000      0.000
    80.000     25.000      0.000      0.000      0.000      0.000
    85.000     25.000      0.000      0.000      0.000      0.000
    90.000     25.000      0.000      0.000      0.000      0.000
    95.000     25.000      0.000      0.000      0.000      0.000
   100.000     25.000      0.000      0.000      0.000      0.000
   105.000     25.000      0.000      0.000      0.000      0.000
   110.000     25.000      0.000      0.000      0.000      0.000
   115.000     25.000      0.000      0.000      0.000      0.000
   120.000     25.000      0.000      0.000      0.000      0.000
   125.000     25.000      0.000      0.000      0.000      0.000
   130.000     25.000      0.000      0.000      0.000      0.000
   135.000     25.000      0.000      0.000      0.000      0.000
   140.000     25.000      0.000      0.000      0.000      0.000
   145.000     25.000      0.000      0.000      0.000      0.000
