   -25.000    -25.000      0.000      0.000      0.000      0.000
   -20.000    -25.000      0.000      0.000      0.000      0.000
   -15.000    -25.000      0.000      0.000      0.000      0.000
   -10.000    -25.000      0.000      0.000      0.000      0.000
    -5.000    -25.000      0.000      0.000      0.000      0.000
     0.000    -25.000      0.000      0.000      0.000      0.000
     5.000    -25.000      0.000      0.000      0.000      0.000
    10.000    -25.000      0.000      0.000      0.000      0.000
    15.000    -25.000      0.000      0.000      0.000      0.000
    20.000    -25.000      0.000      0.000      0.000      0.000
    25.000    -25.000      0.000      0.000      0.000      0.000
    30.000    -25.000      0.000      0.000      0.000      0.000
    35.000    -25.000      0.000      0.000      0.000      0.000
    40.000    -25.000      0.000      0.000      0.000      0.000
    45.000    -25.000      0.000      0.000      0.000      0.000
    50.000    -25.000      0.000      0.000      0.000      0.000
    55.000    -25.000      0.000      0.000      0.000      0.000
    60.000    -25.000      0.000      0.000      0.000      0.000
    65.000    -25.000      0.000      0.000      0.000      0.000
    70.000    -25.000      0.000      0.000      0.000      0.000
    75.000    -25.000      0.000      0.000      0.000      0.000
    80.000    -25.000      0.000      0.000      0.000      0.000
    85.000    -25.000      0.000      0.000      0.000      0.000
    90.000    -25.000      0.000      0.000      0.000      0.000
    95.000    -25.000      0.000      0.000      0.000      0.000
   100.000    -25.000      0.000      0.000      0.000      0.000
   105.000    -25.000      0.000      0.000      0.000      0.000
   110.000    -25.000      0.000      0.000      0.000      0.000
   115.000    -25.000      0.000      0.000      0.000      0.000
   120.000    -25.000      0.000      0.000      0.000      0.000
   125.000    -25.000      0.000      0.000      0.000      0.000
   130.000    -25.000      0.000      0.000      0.000      0.000
   135.000    -25.000      0.000      0.000      0.000      0.000
   140.000    -25.000      0.000      0.000      0.000      0.000
   145.000    -25.000      0.000      0.000      0.000      0.000
   -25.000    -20.000      0.000      0.000      0.000      0.000
   -20.000    -20.000      0.000      0.000      0.000      0.000
   -15.000    -20.000      0.000      0.000      0.000      0.000
   -10.000    -20.000      0.000      0.000      0.000      0.000
    -5.000    -20.000      0.000      0.000      0.000      0.000
     0.000    -20.000      0.000      0.000      0.000      0.000
     5.000    -20.000      0.000      0.000      0.000      0.000
    10.000    -20.000      0.000      0.000      0.000      0.000
    15.000    -20.000      0.000      0.000      0.000      0.000
    20.000    -20.000      0.000      0.000      0.000      0.000
    25.000    -20.000      0.000      0.000      0.000      0.000
    30.000    -20.000      0.000      0.000      0.000      0.000
    35.000    -20.000      0.000      0.000      0.000      0.000
    40.000    -20.000      0.000      0.000      0.000      0.000
    45.000    -20.000      0.000      0.000      0.000      0.000
    50.000    -20.000      0.000      0.000      0.000      0.000
    55.000    -20.000      0.000      0.000      0.000      0.000
    60.000    -20.000      0.000      0.000      0.000      0.000
    65.000    -20.000      0.000      0.000      0.000      0.000
    70.000    -20.000      0.000      0.000      0.000      0.000
    75.000    -20.000      0.000      0.000      0.000      0.000
    80.000    -20.000      0.000      0.000      0.000      0.000
    85.000    -20.000      0.000      0.000      0.000      0.000
    90.000    -20.000      0.000      0.000      0.000      0.000
    95.000    -20.000      0.000      0.000      0.000      0.000
   100.000    -20.000      0.000      0.000      0.000      0.000
   105.000    -20.000      0.000      0.000      0.000      0.000
   110.000    -20.000      0.000      0.000      0.000      0.000
   115.000    -20.000      0.000      0.000      0.000      0.000
   120.000    -20.000      0.000      0.000      0.000      0.000
   125.000    -20.000      0.000      0.000      0.000      0.000
   130.000    -20.000      0.000      0.000      0.000      0.000
   135.000    -20.000      0.000      0.000      0.000      0.000
   140.000    -20.000      0.000      0.000      0.000      0.000
   145.000    -20.000      0.000      0.000      0.000      0.000
   -25.000    -15.000      0.000      0.000      0.000      0.000
   -20.000    -15.000      0.000      0.000      0.000      0.000
   -15.000    -15.000      0.000      0.000      0.000      0.000
   -10.000    -15.000      0.000      0.000      0.000      0.000
    -5.000    -15.000      0.000      0.000      0.000      0.000
     0.000    -15.000      0.000      0.000      0.000      0.000
     5.000    -15.000      0.000      0.000      0.000      0.000
    10.000    -15.000      0.000      0.000      0.000      0.000
    15.000    -15.000      0.000      0.000      0.000      0.000
    20.000    -15.000      0.000      0.000      0.000      0.000
    25.000    -15.000      0.000      0.000      0.000      0.000
    30.000    -15.000      0.000      0.000      0.000      0.000
    35.000    -15.000      0.000      0.000      0.000      0.000
    40.000    -15.000      0.000      0.000      0.000      0.000
    45.000    -15.000      0.000      0.000      0.000      0.000
    50.000    -15.000      0.000      0.000      0.000      0.000
    55.000    -15.000      0.000      0.000      0.000      0.000
    60.000    -15.000      0.000      0.000      0.000      0.000
    65.000    -15.000      0.000      0.000      0.000      0.000
    70.000    -15.000      0.000      0.000      0.000      0.000
    75.000    -15.000      0.000      0.000      0.000      0.000
    80.000    -15.000      0.000      0.000      0.000      0.000
    85.000    -15.000      0.000      0.000      0.000      0.000
    90.000    -15.000      0.000      0.000      0.000      0.000
    95.000    -15.000      0.000      0.000      0.000      0.000
   100.000    -15.000      0.000      0.000      0.000      0.000
   105.000    -15.000      0.000      0.000      0.000      0.000
   110.000    -15.000      0.000      0.000      0.000      0.000
   115.000    -15.000      0.000      0.000      0.000      0.000
   120.000    -15.000      0.000      0.000      0.000      0.000
   125.000    -15.000      0.000      0.000      0.000      0.000
   130.000    -15.000      0.000      0.000      0.000      0.000
   135.000    -15.000      0.000      0.000      0.000      0.000
   140.000    -15.000      0.000      0.000      0.000      0.000
   145.000    -15.000      0.000      0.000      0.000      0.000
   -25.000    -10.000      0.000      0.000      0.000      0.000
   -20.000    -10.000      0.000      0.000      0.000      0.000
   -15.000    -10.000      0.000      0.000      0.000      0.000
   -10.000    -10.000      0.041    -36.359      1.776     57.217
    -5.000    -10.000      0.093    -16.183      2.615     53.440
     0.000    -10.000      0.128     -8.544      2.773     49.605
     5.000    -10.000      0.137     -4.635      2.553     45.211
    10.000    -10.000      0.137      3.425      2.161     39.259
    15.000    -10.000      0.132     10.401      1.399     31.510
    20.000    -10.000      0.115     15.605      1.154     25.600
    25.000    -10.000      0.086     19.010      0.929     21.593
    30.000    -10.000      0.054     14.460      0.962     58.407
    35.000    -10.000      0.027     -9.375      0.528    107.931
    40.000    -10.000      0.023    -78.761      0.788    150.726
    45.000    -10.000      0.033   -118.787      0.680    163.252
    50.000    -10.000      0.044   -139.772      0.424    152.905
    55.000    -10.000      0.055   -157.553      0.214    101.894
    60.000    -10.000      0.052    174.055      0.107    125.901
    65.000    -10.000      0.064    126.956      0.209   -109.625
    70.000    -10.000      0.100    101.562      0.107    114.789
    75.000    -10.000      0.111    103.506      0.453     70.992
    80.000    -10.000      0.076    134.144      0.354     83.952
    85.000    -10.000      0.156   -135.124      0.197   -134.096
    90.000    -10.000      0.000      0.000      0.000      0.000
    95.000    -10.000      0.000      0.000      0.000      0.000
   100.000    -10.000      0.000      0.000      0.000      0.000
   105.000    -10.000      0.000      0.000      0.000      0.000
   110.000    -10.000      0.000      0.000      0.000      0.000
   115.000    -10.000      0.000      0.000      0.000      0.000
   120.000    -10.000      0.000      0.000      0.000      0.000
   125.000    -10.000      0.000      0.000      0.000      0.000
   130.000    -10.000      0.000      0.000      0.000      0.000
   135.000    -10.000      0.000      0.000      0.000      0.000
   140.000    -10.000      0.000      0.000      0.000      0.000
   145.000    -10.000      0.000      0.000      0.000      0.000
   -25.000     -5.000      0.000      0.000      0.000      0.000
   -20.000     -5.000      0.000      0.000      0.000      0.000
   -15.000     -5.000      0.000      0.000      0.000      0.000
   -10.000     -5.000      0.101    -19.578      2.382     56.074
    -5.000     -5.000      0.191     -0.960      3.956     53.058
     0.000     -5.000      0.258      8.773      4.247     49.801
     5.000     -5.000      0.293     14.405      3.712     42.452
    10.000     -5.000      0.294     18.883      2.988     29.563
    15.000     -5.000      0.259     20.568      1.886     15.878
    20.000     -5.000      0.201     16.994      1.388      0.726
    25.000     -5.000      0.143     10.773      0.905     -6.424
    30.000     -5.000      0.081     -4.957      0.375     36.837
    35.000     -5.000      0.049    -69.772      0.824   -153.323
    40.000     -5.000      0.083   -114.184      1.337   -155.210
    45.000     -5.000      0.109   -128.481      1.435   -154.063
    50.000     -5.000      0.114   -134.266      0.764   -170.173
    55.000     -5.000      0.093   -145.577      0.286    177.296
    60.000     -5.000      0.070   -162.466      0.145   -164.905
    65.000     -5.000      0.059    155.310      0.264   -157.836
    70.000     -5.000      0.072    118.362      0.240   -178.340
    75.000     -5.000      0.100     99.642      0.416     98.199
    80.000     -5.000      0.099     84.818      0.540     79.783
    85.000     -5.000      0.020     53.968      0.030     64.136
    90.000     -5.000      0.000      0.000      0.000      0.000
    95.000     -5.000      0.000      0.000      0.000      0.000
   100.000     -5.000      0.000      0.000      0.000      0.000
   105.000     -5.000      0.000      0.000      0.000      0.000
   110.000     -5.000      0.000      0.000      0.000      0.000
   115.000     -5.000      0.000      0.000      0.000      0.000
   120.000     -5.000      0.000      0.000      0.000      0.000
   125.000     -5.000      0.000      0.000      0.000      0.000
   130.000     -5.000      0.000      0.000      0.000      0.000
   135.000     -5.000      0.000      0.000      0.000      0.000
   140.000     -5.000      0.000      0.000      0.000      0.000
   145.000     -5.000      0.000      0.000      0.000      0.000
   -25.000      0.000      0.000      0.000      0.000      0.000
   -20.000      0.000      0.000      0.000      0.000      0.000
   -15.000      0.000      0.000      0.000      0.000      0.000
   -10.000      0.000      0.172     -3.104      2.243     45.236
    -5.000      0.000      0.317     10.416      3.205     39.782
     0.000      0.000      0.401     15.112      3.038     28.748
     5.000      0.000      0.415     17.023      2.485      9.515
    10.000      0.000      0.374     17.328      2.165    -12.089
    15.000      0.000      0.300     16.386      1.865    -35.366
    20.000      0.000      0.211     13.487      1.876    -65.549
    25.000      0.000      0.117     -4.318      1.621    -89.129
    30.000      0.000      0.079    -63.470      1.831   -120.494
    35.000      0.000      0.127   -100.863      2.525   -133.006
    40.000      0.000      0.172   -112.597      2.902   -135.398
    45.000      0.000      0.203   -117.129      2.938   -135.269
    50.000      0.000      0.209   -119.740      2.035   -133.356
    55.000      0.000      0.185   -121.663      1.224   -123.950
    60.000      0.000      0.160   -125.296      0.961   -108.692
    65.000      0.000      0.136   -134.900      0.691   -131.007
    70.000      0.000      0.120   -142.949      0.548   -159.194
    75.000      0.000      0.086   -148.026      0.421    173.488
    80.000      0.000      0.040   -128.083      0.189   -157.658
    85.000      0.000      0.051    -39.707      0.062    -46.314
    90.000      0.000      0.000      0.000      0.000      0.000
    95.000      0.000      0.000      0.000      0.000      0.000
   100.000      0.000      0.000      0.000      0.000      0.000
   105.000      0.000      0.000      0.000      0.000      0.000
   110.000      0.000      0.000      0.000      0.000      0.000
   115.000      0.000      0.000      0.000      0.000      0.000
   120.000      0.000      0.000      0.000      0.000      0.000
   125.000      0.000      0.000      0.000      0.000      0.000
   130.000      0.000      0.000      0.000      0.000      0.000
   135.000      0.000      0.000      0.000      0.000      0.000
   140.000      0.000      0.000      0.000      0.000      0.000
   145.000      0.000      0.000      0.000      0.000      0.000
   -25.000      5.000      0.000      0.000      0.000      0.000
   -20.000      5.000      0.000      0.000      0.000      0.000
   -15.000      5.000      0.000      0.000      0.000      0.000
   -10.000      5.000      0.245     12.750      1.475     32.029
    -5.000      5.000      0.404     12.068      1.758     -8.431
     0.000      5.000      0.462     11.708      2.329    -51.134
     5.000      5.000      0.448     10.908      3.388    -71.948
    10.000      5.000      0.370      7.004      4.023    -77.254
    15.000      5.000      0.266     -1.439      4.327    -84.972
    20.000      5.000      0.168    -25.264      4.842    -95.923
    25.000      5.000      0.138    -72.089      4.669   -104.538
    30.000      5.000      0.193   -105.274      5.017   -117.200
    35.000      5.000      0.270   -115.388      5.238   -125.938
    40.000      5.000      0.328   -118.004      5.257   -127.639
    45.000      5.000      0.346   -118.392      4.807   -128.043
    50.000      5.000      0.350   -119.255      3.996   -123.927
    55.000      5.000      0.340   -122.759      3.137   -117.929
    60.000      5.000      0.328   -126.469      2.070   -113.574
    65.000      5.000      0.306   -132.257      1.365   -121.963
    70.000      5.000      0.286   -137.004      0.702   -155.845
    75.000      5.000      0.236   -138.040      0.713   -152.038
    80.000      5.000      0.126   -129.087      0.464   -129.084
    85.000      5.000      0.067     32.030      0.081     33.701
    90.000      5.000      0.000      0.000      0.000      0.000
    95.000      5.000      0.000      0.000      0.000      0.000
   100.000      5.000      0.000      0.000      0.000      0.000
   105.000      5.000      0.000      0.000      0.000      0.000
   110.000      5.000      0.000      0.000      0.000      0.000
   115.000      5.000      0.000      0.000      0.000      0.000
   120.000      5.000      0.000      0.000      0.000      0.000
   125.000      5.000      0.000      0.000      0.000      0.000
   130.000      5.000      0.000      0.000      0.000      0.000
   135.000      5.000      0.000      0.000      0.000      0.000
   140.000      5.000      0.000      0.000      0.000      0.000
   145.000      5.000      0.000      0.000      0.000      0.000
   -25.000     10.000      0.000      0.000      0.000      0.000
   -20.000     10.000      0.000      0.000      0.000      0.000
   -15.000     10.000      0.000      0.000      0.000      0.000
   -10.000     10.000      0.255      1.078      0.694    -43.380
    -5.000     10.000      0.374      0.336      2.156    -72.718
     0.000     10.000      0.406     -3.184      4.112    -86.499
     5.000     10.000      0.377     -7.497      5.925    -91.878
    10.000     10.000      0.302    -16.925      6.818    -93.043
    15.000     10.000      0.228    -36.128      7.075    -97.412
    20.000     10.000      0.198    -69.766      7.881   -104.648
    25.000     10.000      0.259   -100.318      8.045   -108.427
    30.000     10.000      0.342   -114.898      8.054   -114.496
    35.000     10.000      0.423   -121.180      7.972   -121.370
    40.000     10.000      0.494   -124.697      7.397   -125.848
    45.000     10.000      0.554   -125.631      6.572   -126.641
    50.000     10.000      0.581   -126.365      5.635   -123.434
    55.000     10.000      0.559   -127.630      4.694   -116.702
    60.000     10.000      0.517   -130.723      3.157   -116.411
    65.000     10.000      0.451   -134.637      1.706   -125.040
    70.000     10.000      0.370   -137.276      0.862   -150.342
    75.000     10.000      0.269   -136.608      0.753   -147.511
    80.000     10.000      0.147   -119.939      0.391   -131.399
    85.000     10.000      0.056    -49.877      0.068    -44.867
    90.000     10.000      0.000      0.000      0.000      0.000
    95.000     10.000      0.000      0.000      0.000      0.000
   100.000     10.000      0.000      0.000      0.000      0.000
   105.000     10.000      0.000      0.000      0.000      0.000
   110.000     10.000      0.000      0.000      0.000      0.000
   115.000     10.000      0.000      0.000      0.000      0.000
   120.000     10.000      0.000      0.000      0.000      0.000
   125.000     10.000      0.000      0.000      0.000      0.000
   130.000     10.000      0.000      0.000      0.000      0.000
   135.000     10.000      0.000      0.000      0.000      0.000
   140.000     10.000      0.000      0.000      0.000      0.000
   145.000     10.000      0.000      0.000      0.000      0.000
   -25.000     15.000      0.000      0.000      0.000      0.000
   -20.000     15.000      0.000      0.000      0.000      0.000
   -15.000     15.000      0.000      0.000      0.000      0.000
   -10.000     15.000      0.186    -10.852      1.502   -103.709
    -5.000     15.000      0.298    -17.120      3.138    -96.461
     0.000     15.000      0.337    -23.702      5.394    -98.113
     5.000     15.000      0.334    -32.969      7.662    -98.628
    10.000     15.000      0.317    -48.178      9.181    -98.885
    15.000     15.000      0.316    -69.094      9.762   -103.632
    20.000     15.000      0.367    -92.441     10.395   -107.869
    25.000     15.000      0.452   -108.512     10.453   -111.409
    30.000     15.000      0.555   -118.156     10.298   -115.159
    35.000     15.000      0.657   -123.916     10.015   -122.242
    40.000     15.000      0.758   -126.219      9.217   -127.134
    45.000     15.000      0.810   -127.744      8.190   -128.447
    50.000     15.000      0.805   -128.618      6.896   -123.995
    55.000     15.000      0.749   -129.323      5.952   -117.248
    60.000     15.000      0.653   -130.687      4.133   -113.826
    65.000     15.000      0.516   -134.017      2.187   -117.279
    70.000     15.000      0.374   -141.130      1.231   -137.569
    75.000     15.000      0.257   -147.599      0.611   -155.745
    80.000     15.000      0.141   -140.868      0.173   -154.942
    85.000     15.000      0.105   -109.096      0.120   -110.879
    90.000     15.000      0.000      0.000      0.000      0.000
    95.000     15.000      0.000      0.000      0.000      0.000
   100.000     15.000      0.000      0.000      0.000      0.000
   105.000     15.000      0.000      0.000      0.000      0.000
   110.000     15.000      0.000      0.000      0.000      0.000
   115.000     15.000      0.000      0.000      0.000      0.000
   120.000     15.000      0.000      0.000      0.000      0.000
   125.000     15.000      0.000      0.000      0.000      0.000
   130.000     15.000      0.000      0.000      0.000      0.000
   135.000     15.000      0.000      0.000      0.000      0.000
   140.000     15.000      0.000      0.000      0.000      0.000
   145.000     15.000      0.000      0.000      0.000      0.000
   -25.000     20.000      0.000      0.000      0.000      0.000
   -20.000     20.000      0.000      0.000      0.000      0.000
   -15.000     20.000      0.000      0.000      0.000      0.000
   -10.000     20.000      0.127    -36.371      1.771   -106.037
    -5.000     20.000      0.239    -35.918      3.898   -101.620
     0.000     20.000      0.308    -42.424      6.271    -99.607
     5.000     20.000      0.333    -54.816      8.583   -100.837
    10.000     20.000      0.358    -72.533     10.387   -103.945
    15.000     20.000      0.413    -90.623     11.315   -107.554
    20.000     20.000      0.509   -104.919     11.736   -110.592
    25.000     20.000      0.625   -115.437     11.501   -114.972
    30.000     20.000      0.765   -121.537     11.376   -118.871
    35.000     20.000      0.890   -124.139     10.969   -124.256
    40.000     20.000      0.969   -125.502      9.943   -128.628
    45.000     20.000      0.994   -126.101      8.957   -129.101
    50.000     20.000      0.966   -126.218      7.840   -125.956
    55.000     20.000      0.878   -126.996      6.572   -120.063
    60.000     20.000      0.737   -129.079      4.460   -113.374
    65.000     20.000      0.570   -133.985      2.397   -112.988
    70.000     20.000      0.399   -145.404      1.096   -125.319
    75.000     20.000      0.277   -161.648      0.601   -159.955
    80.000     20.000      0.188   -164.080      0.273    175.837
    85.000     20.000      0.059   -112.160      0.059   -112.160
    90.000     20.000      0.000      0.000      0.000      0.000
    95.000     20.000      0.000      0.000      0.000      0.000
   100.000     20.000      0.000      0.000      0.000      0.000
   105.000     20.000      0.000      0.000      0.000      0.000
   110.000     20.000      0.000      0.000      0.000      0.000
   115.000     20.000      0.000      0.000      0.000      0.000
   120.000     20.000      0.000      0.000      0.000      0.000
   125.000     20.000      0.000      0.000      0.000      0.000
   130.000     20.000      0.000      0.000      0.000      0.000
   135.000     20.000      0.000      0.000      0.000      0.000
   140.000     20.000      0.000      0.000      0.000      0.000
   145.000     20.000      0.000      0.000      0.000      0.000
   -25.000     25.000      0.000      0.000      0.000      0.000
   -20.000     25.000      0.000      0.000      0.000      0.000
   -15.000     25.000      0.000      0.000      0.000      0.000
   -10.000     25.000      0.104    -49.312      1.513   -102.392
    -5.000     25.000      0.186    -56.338      3.476   -101.966
     0.000     25.000      0.251    -68.541      5.813   -101.794
     5.000     25.000      0.311    -82.585      8.270   -103.939
    10.000     25.000      0.384    -96.216     10.303   -107.402
    15.000     25.000      0.486   -106.991     11.279   -110.816
    20.000     25.000      0.614   -114.594     11.606   -113.841
    25.000     25.000      0.753   -119.411     11.448   -119.204
    30.000     25.000      0.890   -122.309     11.320   -123.834
    35.000     25.000      1.008   -124.214     10.777   -127.016
    40.000     25.000      1.092   -125.212      9.928   -130.146
    45.000     25.000      1.116   -125.663      9.138   -131.075
    50.000     25.000      1.078   -126.046      8.133   -128.634
    55.000     25.000      0.971   -126.278      6.681   -123.034
    60.000     25.000      0.805   -127.310      4.435   -116.214
    65.000     25.000      0.592   -132.582      2.540   -111.543
    70.000     25.000      0.376   -148.601      0.934   -118.464
    75.000     25.000      0.264   -175.865      0.406    157.209
    80.000     25.000      0.213    176.858      0.326    179.098
    85.000     25.000      0.059    137.546      0.059    137.546
    90.000     25.000      0.000      0.000      0.000      0.000
    95.000     25.000      0.000      0.000      0.000      0.000
   100.000     25.000      0.000      0.000      0.000      0.000
   105.000     25.000      0.000      0.000      0.000      0.000
   110.000     25.000      0.000      0.000      0.000      0.000
   115.000     25.000      0.000      0.000      0.000      0.000
   120.000     25.000      0.000      0.000      0.000      0.000
   125.000     25.000      0.000      0.000      0.000      0.000
   130.000     25.000      0.000      0.000      0.000      0.000
   135.000     25.000      0.000      0.000      0.000      0.000
   140.000     25.000      0.000      0.000      0.000      0.000
   145.000     25.000      0.000      0.000      0.000      0.000
   -25.000     30.000      0.000      0.000      0.000      0.000
   -20.000     30.000      0.000      0.000      0.000      0.000
   -15.000     30.000      0.000      0.000      0.000      0.000
   -10.000     30.000      0.072    -77.524      1.642   -109.981
    -5.000     30.000      0.177    -81.436      3.584   -107.627
     0.000     30.000      0.279    -88.646      5.709   -106.300
     5.000     30.000      0.382    -97.191      7.768   -107.260
    10.000     30.000      0.486   -105.846      9.351   -110.432
    15.000     30.000      0.613   -112.966     10.257   -114.117
    20.000     30.000      0.742   -118.213     10.355   -117.549
    25.000     30.000      0.862   -122.259     10.327   -123.407
    30.000     30.000      0.979   -124.623     10.305   -127.906
    35.000     30.000      1.079   -125.977      9.682   -130.738
    40.000     30.000      1.140   -126.567      9.000   -132.973
    45.000     30.000      1.161   -126.637      8.473   -133.841
    50.000     30.000      1.116   -126.254      7.394   -131.608
    55.000     30.000      0.996   -125.872      6.104   -127.791
    60.000     30.000      0.794   -126.394      4.296   -121.906
    65.000     30.000      0.537   -129.921      2.269   -112.869
    70.000     30.000      0.276   -145.811      0.737   -112.379
    75.000     30.000      0.172    161.570      0.123    165.187
    80.000     30.000      0.178    143.157      0.212    141.072
    85.000     30.000      0.000      0.000      0.000      0.000
    90.000     30.000      0.000      0.000      0.000      0.000
    95.000     30.000      0.000      0.000      0.000      0.000
   100.000     30.000      0.000      0.000      0.000      0.000
   105.000     30.000      0.000      0.000      0.000      0.000
   110.000     30.000      0.000      0.000      0.000      0.000
   115.000     30.000      0.000      0.000      0.000      0.000
   120.000     30.000      0.000      0.000      0.000      0.000
   125.000     30.000      0.000      0.000      0.000      0.000
   130.000     30.000      0.000      0.000      0.000      0.000
   135.000     30.000      0.000      0.000      0.000      0.000
   140.000     30.000      0.000      0.000      0.000      0.000
   145.000     30.000      0.000      0.000      0.000      0.000
   -25.000     35.000      0.000      0.000      0.000      0.000
   -20.000     35.000      0.000      0.000      0.000      0.000
   -15.000     35.000      0.000      0.000      0.000      0.000
   -10.000     35.000      0.121    -88.864      1.541   -119.173
    -5.000     35.000      0.228    -92.693      3.293   -115.758
     0.000     35.000      0.314    -98.375      5.078   -112.489
     5.000     35.000      0.409   -105.369      6.685   -112.231
    10.000     35.000      0.513   -111.729      7.858   -114.261
    15.000     35.000      0.627   -116.554      8.274   -117.608
    20.000     35.000      0.735   -121.282      8.301   -122.484
    25.000     35.000      0.846   -125.080      8.562   -128.171
    30.000     35.000      0.966   -127.801      8.607   -132.876
    35.000     35.000      1.076   -129.012      7.999   -135.130
    40.000     35.000      1.134   -129.158      7.381   -136.360
    45.000     35.000      1.136   -128.253      6.851   -136.978
    50.000     35.000      1.080   -126.900      6.067   -134.797
    55.000     35.000      0.957   -125.005      5.162   -132.610
    60.000     35.000      0.752   -122.679      3.775   -125.082
    65.000     35.000      0.481   -119.782      1.926   -116.193
    70.000     35.000      0.174   -118.981      0.459   -109.810
    75.000     35.000      0.076     84.096      0.143     81.621
    80.000     35.000      0.110     87.595      0.131     87.301
    85.000     35.000      0.000      0.000      0.000      0.000
    90.000     35.000      0.000      0.000      0.000      0.000
    95.000     35.000      0.000      0.000      0.000      0.000
   100.000     35.000      0.000      0.000      0.000      0.000
   105.000     35.000      0.000      0.000      0.000      0.000
   110.000     35.000      0.000      0.000      0.000      0.000
   115.000     35.000      0.000      0.000      0.000      0.000
   120.000     35.000      0.000      0.000      0.000      0.000
   125.000     35.000      0.000      0.000      0.000      0.000
   130.000     35.000      0.000      0.000      0.000      0.000
   135.000     35.000      0.000      0.000      0.000      0.000
   140.000     35.000      0.000      0.000      0.000      0.000
   145.000     35.000      0.000      0.000      0.000      0.000
   -25.000     40.000      0.000      0.000      0.000      0.000
   -20.000     40.000      0.000      0.000      0.000      0.000
   -15.000     40.000      0.000      0.000      0.000      0.000
   -10.000     40.000      0.152    -90.833      1.442   -129.903
    -5.000     40.000      0.236    -94.744      2.858   -126.319
     0.000     40.000      0.294   -101.101      4.121   -123.668
     5.000     40.000      0.355   -108.905      5.118   -122.002
    10.000     40.000      0.428   -116.687      5.745   -121.818
    15.000     40.000      0.515   -123.305      5.945   -124.287
    20.000     40.000      0.612   -127.797      6.139   -126.717
    25.000     40.000      0.709   -130.647      6.365   -132.872
    30.000     40.000      0.797   -131.833      6.350   -138.915
    35.000     40.000      0.877   -132.022      5.892   -141.137
    40.000     40.000      0.934   -131.792      5.341   -140.882
    45.000     40.000      0.956   -130.417      4.825   -140.621
    50.000     40.000      0.937   -127.890      4.619   -137.704
    55.000     40.000      0.859   -124.817      4.095   -134.661
    60.000     40.000      0.701   -121.148      3.053   -129.091
    65.000     40.000      0.475   -115.595      1.668   -125.064
    70.000     40.000      0.212   -102.859      0.423   -122.311
    75.000     40.000      0.068    -16.004      0.080    -14.530
    80.000     40.000      0.025     34.644      0.025     34.644
    85.000     40.000      0.000      0.000      0.000      0.000
    90.000     40.000      0.000      0.000      0.000      0.000
    95.000     40.000      0.000      0.000      0.000      0.000
   100.000     40.000      0.000      0.000      0.000      0.000
   105.000     40.000      0.000      0.000      0.000      0.000
   110.000     40.000      0.000      0.000      0.000      0.000
   115.000     40.000      0.000      0.000      0.000      0.000
   120.000     40.000      0.000      0.000      0.000      0.000
   125.000     40.000      0.000      0.000      0.000      0.000
   130.000     40.000      0.000      0.000      0.000      0.000
   135.000     40.000      0.000      0.000      0.000      0.000
   140.000     40.000      0.000      0.000      0.000      0.000
   145.000     40.000      0.000      0.000      0.000      0.000
   -25.000     45.000      0.000      0.000      0.000      0.000
   -20.000     45.000      0.000      0.000      0.000      0.000
   -15.000     45.000      0.000      0.000      0.000      0.000
   -10.000     45.000      0.081    -99.209      1.044   -141.317
    -5.000     45.000      0.158   -101.089      1.909   -137.470
     0.000     45.000      0.220   -105.978      2.780   -134.325
     5.000     45.000      0.270   -112.199      3.453   -131.895
    10.000     45.000      0.319   -118.999      3.799   -129.890
    15.000     45.000      0.372   -124.837      3.946   -129.311
    20.000     45.000      0.424   -130.256      4.095   -130.452
    25.000     45.000      0.486   -133.815      4.083   -137.445
    30.000     45.000      0.546   -135.608      3.965   -143.423
    35.000     45.000      0.602   -136.270      3.783   -146.911
    40.000     45.000      0.640   -136.154      3.225   -147.360
    45.000     45.000      0.657   -134.467      3.052   -143.130
    50.000     45.000      0.659   -131.908      2.993   -140.808
    55.000     45.000      0.637   -128.650      2.762   -134.210
    60.000     45.000      0.561   -125.086      1.984   -132.912
    65.000     45.000      0.413   -121.597      1.263   -128.887
    70.000     45.000      0.212   -115.467      0.405   -116.870
    75.000     45.000      0.045   -101.147      0.057   -104.476
    80.000     45.000      0.000      0.000      0.000      0.000
    85.000     45.000      0.000      0.000      0.000      0.000
    90.000     45.000      0.000      0.000      0.000      0.000
    95.000     45.000      0.000      0.000      0.000      0.000
   100.000     45.000      0.000      0.000      0.000      0.000
   105.000     45.000      0.000      0.000      0.000      0.000
   110.000     45.000      0.000      0.000      0.000      0.000
   115.000     45.000      0.000      0.000      0.000      0.000
   120.000     45.000      0.000      0.000      0.000      0.000
   125.000     45.000      0.000      0.000      0.000      0.000
   130.000     45.000      0.000      0.000      0.000      0.000
   135.000     45.000      0.000      0.000      0.000      0.000
   140.000     45.000      0.000      0.000      0.000      0.000
   145.000     45.000      0.000      0.000      0.000      0.000
   -25.000     50.000      0.000      0.000      0.000      0.000
   -20.000     50.000      0.000      0.000      0.000      0.000
   -15.000     50.000      0.000      0.000      0.000      0.000
   -10.000     50.000      0.044   -144.025      0.626   -139.192
    -5.000     50.000      0.077   -129.463      1.105   -138.685
     0.000     50.000      0.116   -120.912      1.578   -138.120
     5.000     50.000      0.157   -118.291      1.905   -137.282
    10.000     50.000      0.187   -119.889      2.000   -134.135
    15.000     50.000      0.208   -122.025      1.980   -131.376
    20.000     50.000      0.226   -123.639      2.040   -133.299
    25.000     50.000      0.250   -127.039      1.936   -139.341
    30.000     50.000      0.276   -131.093      1.838   -149.172
    35.000     50.000      0.303   -134.210      1.888   -144.870
    40.000     50.000      0.335   -135.661      1.593   -149.012
    45.000     50.000      0.365   -136.900      1.441   -142.811
    50.000     50.000      0.382   -137.499      1.372   -142.542
    55.000     50.000      0.377   -136.818      1.232   -133.163
    60.000     50.000      0.343   -134.118      1.008   -124.461
    65.000     50.000      0.245   -130.492      0.645   -122.800
    70.000     50.000      0.074   -123.950      0.080   -122.794
    75.000     50.000      0.046   -132.278      0.046   -132.278
    80.000     50.000      0.000      0.000      0.000      0.000
    85.000     50.000      0.000      0.000      0.000      0.000
    90.000     50.000      0.000      0.000      0.000      0.000
    95.000     50.000      0.000      0.000      0.000      0.000
   100.000     50.000      0.000      0.000      0.000      0.000
   105.000     50.000      0.000      0.000      0.000      0.000
   110.000     50.000      0.000      0.000      0.000      0.000
   115.000     50.000      0.000      0.000      0.000      0.000
   120.000     50.000      0.000      0.000      0.000      0.000
   125.000     50.000      0.000      0.000      0.000      0.000
   130.000     50.000      0.000      0.000      0.000      0.000
   135.000     50.000      0.000      0.000      0.000      0.000
   140.000     50.000      0.000      0.000      0.000      0.000
   145.000     50.000      0.000      0.000      0.000      0.000
   -25.000     55.000      0.000      0.000      0.000      0.000
   -20.000     55.000      0.000      0.000      0.000      0.000
   -15.000     55.000      0.000      0.000      0.000      0.000
   -10.000     55.000      0.000      0.000      0.000      0.000
    -5.000     55.000      0.000      0.000      0.000      0.000
     0.000     55.000      0.000      0.000      0.000      0.000
     5.000     55.000      0.000      0.000      0.000      0.000
    10.000     55.000      0.000      0.000      0.000      0.000
    15.000     55.000      0.000      0.000      0.000      0.000
    20.000     55.000      0.000      0.000      0.000      0.000
    25.000     55.000      0.000      0.000      0.000      0.000
    30.000     55.000      0.000      0.000      0.000      0.000
    35.000     55.000      0.000      0.000      0.000      0.000
    40.000     55.000      0.000      0.000      0.000      0.000
    45.000     55.000      0.000      0.000      0.000      0.000
    50.000     55.000      0.000      0.000      0.000      0.000
    55.000     55.000      0.000      0.000      0.000      0.000
    60.000     55.000      0.000      0.000      0.000      0.000
    65.000     55.000      0.000      0.000      0.000      0.000
    70.000     55.000      0.000      0.000      0.000      0.000
    75.000     55.000      0.000      0.000      0.000      0.000
    80.000     55.000      0.000      0.000      0.000      0.000
    85.000     55.000      0.000      0.000      0.000      0.000
    90.000     55.000      0.000      0.000      0.000      0.000
    95.000     55.000      0.000      0.000      0.000      0.000
   100.000     55.000      0.000      0.000      0.000      0.000
   105.000     55.000      0.000      0.000      0.000      0.000
   110.000     55.000      0.000      0.000      0.000      0.000
   115.000     55.000      0.000      0.000      0.000      0.000
   120.000     55.000      0.000      0.000      0.000      0.000
   125.000     55.000      0.000      0.000      0.000      0.000
   130.000     55.000      0.000      0.000      0.000      0.000
   135.000     55.000      0.000      0.000      0.000      0.000
   140.000     55.000      0.000      0.000      0.000      0.000
   145.000     55.000      0.000      0.000      0.000      0.000
   -25.000     60.000      0.000      0.000      0.000      0.000
   -20.000     60.000      0.000      0.000      0.000      0.000
   -15.000     60.000      0.000      0.000      0.000      0.000
   -10.000     60.000      0.000      0.000      0.000      0.000
    -5.000     60.000      0.000      0.000      0.000      0.000
     0.000     60.000      0.000      0.000      0.000      0.000
     5.000     60.000      0.000      0.000      0.000      0.000
    10.000     60.000      0.000      0.000      0.000      0.000
    15.000     60.000      0.000      0.000      0.000      0.000
    20.000     60.000      0.000      0.000      0.000      0.000
    25.000     60.000      0.000      0.000      0.000      0.000
    30.000     60.000      0.000      0.000      0.000      0.000
    35.000     60.000      0.000      0.000      0.000      0.000
    40.000     60.000      0.000      0.000      0.000      0.000
    45.000     60.000      0.000      0.000      0.000      0.000
    50.000     60.000      0.000      0.000      0.000      0.000
    55.000     60.000      0.000      0.000      0.000      0.000
    60.000     60.000      0.000      0.000      0.000      0.000
    65.000     60.000      0.000      0.000      0.000      0.000
    70.000     60.000      0.000      0.000      0.000      0.000
    75.000     60.000      0.000      0.000      0.000      0.000
    80.000     60.000      0.000      0.000      0.000      0.000
    85.000     60.000      0.000      0.000      0.000      0.000
    90.000     60.000      0.000      0.000      0.000      0.000
    95.000     60.000      0.000      0.000      0.000      0.000
   100.000     60.000      0.000      0.000      0.000      0.000
   105.000     60.000      0.000      0.000      0.000      0.000
   110.000     60.000      0.000      0.000      0.000      0.000
   115.000     60.000      0.000      0.000      0.000      0.000
   120.000     60.000      0.000      0.000      0.000      0.000
   125.000     60.000      0.000      0.000      0.000      0.000
   130.000     60.000      0.000      0.000      0.000      0.000
   135.000     60.000      0.000      0.000      0.000      0.000
   140.000     60.000      0.000      0.000      0.000      0.000
   145.000     60.000      0.000      0.000      0.000      0.000
   -25.000     65.000      0.000      0.000      0.000      0.000
   -20.000     65.000      0.000      0.000      0.000      0.000
   -15.000     65.000      0.000      0.000      0.000      0.000
   -10.000     65.000      0.000      0.000      0.000      0.000
    -5.000     65.000      0.000      0.000      0.000      0.000
     0.000     65.000      0.000      0.000      0.000      0.000
     5.000     65.000      0.000      0.000      0.000      0.000
    10.000     65.000      0.000      0.000      0.000      0.000
    15.000     65.000      0.000      0.000      0.000      0.000
    20.000     65.000      0.000      0.000      0.000      0.000
    25.000     65.000      0.000      0.000      0.000      0.000
    30.000     65.000      0.000      0.000      0.000      0.000
    35.000     65.000      0.000      0.000      0.000      0.000
    40.000     65.000      0.000      0.000      0.000      0.000
    45.000     65.000      0.000      0.000      0.000      0.000
    50.000     65.000      0.000      0.000      0.000      0.000
    55.000     65.000      0.000      0.000      0.000      0.000
    60.000     65.000      0.000      0.000      0.000      0.000
    65.000     65.000      0.000      0.000      0.000      0.000
    70.000     65.000      0.000      0.000      0.000      0.000
    75.000     65.000      0.000      0.000      0.000      0.000
    80.000     65.000      0.000      0.000      0.000      0.000
    85.000     65.000      0.000      0.000      0.000      0.000
    90.000     65.000      0.000      0.000      0.000      0.000
    95.000     65.000      0.000      0.000      0.000      0.000
   100.000     65.000      0.000      0.000      0.000      0.000
   105.000     65.000      0.000      0.000      0.000      0.000
   110.000     65.000      0.000      0.000      0.000      0.000
   115.000     65.000      0.000      0.000      0.000      0.000
   120.000     65.000      0.000      0.000      0.000      0.000
   125.000     65.000      0.000      0.000      0.000      0.000
   130.000     65.000      0.000      0.000      0.000      0.000
   135.000     65.000      0.000      0.000      0.000      0.000
   140.000     65.000      0.000      0.000      0.000      0.000
   145.000     65.000      0.000      0.000      0.000      0.000
