   -25.000    -25.000      0.000      0.000      0.000      0.000
   -20.000    -25.000      0.000      0.000      0.000      0.000
   -15.000    -25.000      0.000      0.000      0.000      0.000
   -10.000    -25.000      0.000      0.000      0.000      0.000
    -5.000    -25.000      0.000      0.000      0.000      0.000
     0.000    -25.000      0.000      0.000      0.000      0.000
     5.000    -25.000      0.000      0.000      0.000      0.000
    10.000    -25.000      0.000      0.000      0.000      0.000
    15.000    -25.000      0.000      0.000      0.000      0.000
    20.000    -25.000      0.000      0.000      0.000      0.000
    25.000    -25.000      0.000      0.000      0.000      0.000
    30.000    -25.000      0.000      0.000      0.000      0.000
    35.000    -25.000      0.000      0.000      0.000      0.000
    40.000    -25.000      0.000      0.000      0.000      0.000
    45.000    -25.000      0.000      0.000      0.000      0.000
    50.000    -25.000      0.000      0.000      0.000      0.000
    55.000    -25.000      0.000      0.000      0.000      0.000
    60.000    -25.000      0.000      0.000      0.000      0.000
    65.000    -25.000      0.000      0.000      0.000      0.000
    70.000    -25.000      0.000      0.000      0.000      0.000
    75.000    -25.000      0.000      0.000      0.000      0.000
    80.000    -25.000      0.000      0.000      0.000      0.000
    85.000    -25.000      0.000      0.000      0.000      0.000
    90.000    -25.000      0.000      0.000      0.000      0.000
    95.000    -25.000      0.000      0.000      0.000      0.000
   100.000    -25.000      0.000      0.000      0.000      0.000
   105.000    -25.000      0.000      0.000      0.000      0.000
   110.000    -25.000      0.000      0.000      0.000      0.000
   115.000    -25.000      0.000      0.000      0.000      0.000
   120.000    -25.000      0.000      0.000      0.000      0.000
   125.000    -25.000      0.000      0.000      0.000      0.000
   130.000    -25.000      0.000      0.000      0.000      0.000
   135.000    -25.000      0.000      0.000      0.000      0.000
   140.000    -25.000      0.000      0.000      0.000      0.000
   145.000    -25.000      0.000      0.000      0.000      0.000
   -25.000    -20.000      0.000      0.000      0.000      0.000
   -20.000    -20.000      0.000      0.000      0.000      0.000
   -15.000    -20.000      0.000      0.000      0.000      0.000
   -10.000    -20.000      0.000      0.000      0.000      0.000
    -5.000    -20.000      0.000      0.000      0.000      0.000
     0.000    -20.000      0.000      0.000      0.000      0.000
     5.000    -20.000      0.000      0.000      0.000      0.000
    10.000    -20.000      0.000      0.000      0.000      0.000
    15.000    -20.000      0.000      0.000      0.000      0.000
    20.000    -20.000      0.000      0.000      0.000      0.000
    25.000    -20.000      0.000      0.000      0.000      0.000
    30.000    -20.000      0.000      0.000      0.000      0.000
    35.000    -20.000      0.000      0.000      0.000      0.000
    40.000    -20.000      0.000      0.000      0.000      0.000
    45.000    -20.000      0.000      0.000      0.000      0.000
    50.000    -20.000      0.000      0.000      0.000      0.000
    55.000    -20.000      0.000      0.000      0.000      0.000
    60.000    -20.000      0.000      0.000      0.000      0.000
    65.000    -20.000      0.000      0.000      0.000      0.000
    70.000    -20.000      0.000      0.000      0.000      0.000
    75.000    -20.000      0.000      0.000      0.000      0.000
    80.000    -20.000      0.000      0.000      0.000      0.000
    85.000    -20.000      0.000      0.000      0.000      0.000
    90.000    -20.000      0.000      0.000      0.000      0.000
    95.000    -20.000      0.000      0.000      0.000      0.000
   100.000    -20.000      0.000      0.000      0.000      0.000
   105.000    -20.000      0.000      0.000      0.000      0.000
   110.000    -20.000      0.000      0.000      0.000      0.000
   115.000    -20.000      0.000      0.000      0.000      0.000
   120.000    -20.000      0.000      0.000      0.000      0.000
   125.000    -20.000      0.000      0.000      0.000      0.000
   130.000    -20.000      0.000      0.000      0.000      0.000
   135.000    -20.000      0.000      0.000      0.000      0.000
   140.000    -20.000      0.000      0.000      0.000      0.000
   145.000    -20.000      0.000      0.000      0.000      0.000
   -25.000    -15.000      0.000      0.000      0.000      0.000
   -20.000    -15.000      0.000      0.000      0.000      0.000
   -15.000    -15.000      0.000      0.000      0.000      0.000
   -10.000    -15.000      0.000      0.000      0.000      0.000
    -5.000    -15.000      0.000      0.000      0.000      0.000
     0.000    -15.000      0.000      0.000      0.000      0.000
     5.000    -15.000      0.000      0.000      0.000      0.000
    10.000    -15.000      0.000      0.000      0.000      0.000
    15.000    -15.000      0.000      0.000      0.000      0.000
    20.000    -15.000      0.000      0.000      0.000      0.000
    25.000    -15.000      0.000      0.000      0.000      0.000
    30.000    -15.000      0.000      0.000      0.000      0.000
    35.000    -15.000      0.000      0.000      0.000      0.000
    40.000    -15.000      0.000      0.000      0.000      0.000
    45.000    -15.000      0.000      0.000      0.000      0.000
    50.000    -15.000      0.000      0.000      0.000      0.000
    55.000    -15.000      0.000      0.000      0.000      0.000
    60.000    -15.000      0.000      0.000      0.000      0.000
    65.000    -15.000      0.000      0.000      0.000      0.000
    70.000    -15.000      0.000      0.000      0.000      0.000
    75.000    -15.000      0.000      0.000      0.000      0.000
    80.000    -15.000      0.000      0.000      0.000      0.000
    85.000    -15.000      0.000      0.000      0.000      0.000
    90.000    -15.000      0.000      0.000      0.000      0.000
    95.000    -15.000      0.000      0.000      0.000      0.000
   100.000    -15.000      0.000      0.000      0.000      0.000
   105.000    -15.000      0.000      0.000      0.000      0.000
   110.000    -15.000      0.000      0.000      0.000      0.000
   115.000    -15.000      0.000      0.000      0.000      0.000
   120.000    -15.000      0.000      0.000      0.000      0.000
   125.000    -15.000      0.000      0.000      0.000      0.000
   130.000    -15.000      0.000      0.000      0.000      0.000
   135.000    -15.000      0.000      0.000      0.000      0.000
   140.000    -15.000      0.000      0.000      0.000      0.000
   145.000    -15.000      0.000      0.000      0.000      0.000
   -25.000    -10.000      0.000      0.000      0.000      0.000
   -20.000    -10.000      0.000      0.000      0.000      0.000
   -15.000    -10.000      0.000      0.000      0.000      0.000
   -10.000    -10.000      0.010    116.299      1.879     53.834
    -5.000    -10.000      0.017     53.591      2.815     50.184
     0.000    -10.000      0.043     15.788      3.063     46.296
     5.000    -10.000      0.083     -1.195      2.926     41.749
    10.000    -10.000      0.122     -7.411      2.587     35.763
    15.000    -10.000      0.144    -16.106      1.843     27.621
    20.000    -10.000      0.162    -26.571      1.587     21.410
    25.000    -10.000      0.177    -33.354      1.342     15.815
    30.000    -10.000      0.184    -39.591      1.201     40.400
    35.000    -10.000      0.178    -46.783      0.455     60.000
    40.000    -10.000      0.166    -49.486      0.389    144.705
    45.000    -10.000      0.160    -51.298      0.298   -177.442
    50.000    -10.000      0.150    -50.959      0.069   -132.624
    55.000    -10.000      0.131    -50.442      0.262    -13.472
    60.000    -10.000      0.117    -52.736      0.281    -47.778
    65.000    -10.000      0.127    -61.828      0.548    -77.661
    70.000    -10.000      0.159    -72.664      0.315    -78.540
    75.000    -10.000      0.198    -82.680      0.180    -17.591
    80.000    -10.000      0.246    -89.591      0.234    -96.989
    85.000    -10.000      0.263    -94.189      0.851   -108.286
    90.000    -10.000      0.237    -97.133      0.612    -96.596
    95.000    -10.000      0.131    -96.629      0.190   -101.053
   100.000    -10.000      0.015     66.752      0.015     66.752
   105.000    -10.000      0.000      0.000      0.000      0.000
   110.000    -10.000      0.000      0.000      0.000      0.000
   115.000    -10.000      0.000      0.000      0.000      0.000
   120.000    -10.000      0.000      0.000      0.000      0.000
   125.000    -10.000      0.000      0.000      0.000      0.000
   130.000    -10.000      0.000      0.000      0.000      0.000
   135.000    -10.000      0.000      0.000      0.000      0.000
   140.000    -10.000      0.000      0.000      0.000      0.000
   145.000    -10.000      0.000      0.000      0.000      0.000
   -25.000     -5.000      0.000      0.000      0.000      0.000
   -20.000     -5.000      0.000      0.000      0.000      0.000
   -15.000     -5.000      0.000      0.000      0.000      0.000
   -10.000     -5.000      0.046     94.396      2.584     51.706
    -5.000     -5.000      0.047     77.230      4.323     48.840
     0.000     -5.000      0.070     42.814      4.760     45.242
     5.000     -5.000      0.111     14.766      4.357     37.656
    10.000     -5.000      0.153     -1.424      3.725     25.552
    15.000     -5.000      0.190    -15.136      2.647     12.906
    20.000     -5.000      0.225    -27.519      2.124      0.096
    25.000     -5.000      0.264    -36.890      1.598     -8.263
    30.000     -5.000      0.291    -42.225      0.923     -1.938
    35.000     -5.000      0.301    -44.858      0.770   -102.759
    40.000     -5.000      0.299    -46.444      1.264   -123.953
    45.000     -5.000      0.292    -47.917      1.469   -125.188
    50.000     -5.000      0.274    -48.714      0.852   -116.868
    55.000     -5.000      0.254    -50.533      0.660    -90.397
    60.000     -5.000      0.247    -58.125      0.741    -85.869
    65.000     -5.000      0.249    -68.735      0.839    -99.539
    70.000     -5.000      0.265    -81.269      0.795   -106.018
    75.000     -5.000      0.295    -91.804      0.418   -105.904
    80.000     -5.000      0.326    -99.639      0.359    -96.321
    85.000     -5.000      0.330   -106.313      0.927   -102.914
    90.000     -5.000      0.293   -112.145      0.885   -109.777
    95.000     -5.000      0.160   -122.257      0.347   -117.235
   100.000     -5.000      0.058    101.008      0.058    101.008
   105.000     -5.000      0.000      0.000      0.000      0.000
   110.000     -5.000      0.000      0.000      0.000      0.000
   115.000     -5.000      0.000      0.000      0.000      0.000
   120.000     -5.000      0.000      0.000      0.000      0.000
   125.000     -5.000      0.000      0.000      0.000      0.000
   130.000     -5.000      0.000      0.000      0.000      0.000
   135.000     -5.000      0.000      0.000      0.000      0.000
   140.000     -5.000      0.000      0.000      0.000      0.000
   145.000     -5.000      0.000      0.000      0.000      0.000
   -25.000      0.000      0.000      0.000      0.000      0.000
   -20.000      0.000      0.000      0.000      0.000      0.000
   -15.000      0.000      0.000      0.000      0.000      0.000
   -10.000      0.000      0.035     79.552      2.547     39.616
    -5.000      0.000      0.062     55.837      3.781     34.051
     0.000      0.000      0.090     34.732      3.863     23.796
     5.000      0.000      0.119     12.352      3.477      8.293
    10.000      0.000      0.152     -5.230      3.173     -7.756
    15.000      0.000      0.192    -19.863      2.766    -24.945
    20.000      0.000      0.236    -32.114      2.567    -49.528
    25.000      0.000      0.288    -41.243      2.186    -68.942
    30.000      0.000      0.343    -48.676      2.207    -98.070
    35.000      0.000      0.387    -52.973      2.926   -115.252
    40.000      0.000      0.421    -56.108      3.460   -119.938
    45.000      0.000      0.432    -58.058      3.655   -120.882
    50.000      0.000      0.418    -61.676      2.918   -116.622
    55.000      0.000      0.386    -66.995      2.275   -108.112
    60.000      0.000      0.357    -73.700      2.074   -101.687
    65.000      0.000      0.333    -82.008      1.713   -111.216
    70.000      0.000      0.321    -91.089      1.400   -119.675
    75.000      0.000      0.307   -100.341      1.092   -122.453
    80.000      0.000      0.315   -110.770      1.051   -107.710
    85.000      0.000      0.294   -121.534      0.941    -97.965
    90.000      0.000      0.238   -132.956      0.811   -113.445
    95.000      0.000      0.137   -159.693      0.277   -137.155
   100.000      0.000      0.035    124.145      0.035    124.145
   105.000      0.000      0.000      0.000      0.000      0.000
   110.000      0.000      0.000      0.000      0.000      0.000
   115.000      0.000      0.000      0.000      0.000      0.000
   120.000      0.000      0.000      0.000      0.000      0.000
   125.000      0.000      0.000      0.000      0.000      0.000
   130.000      0.000      0.000      0.000      0.000      0.000
   135.000      0.000      0.000      0.000      0.000      0.000
   140.000      0.000      0.000      0.000      0.000      0.000
   145.000      0.000      0.000      0.000      0.000      0.000
   -25.000      5.000      0.000      0.000      0.000      0.000
   -20.000      5.000      0.000      0.000      0.000      0.000
   -15.000      5.000      0.000      0.000      0.000      0.000
   -10.000      5.000      0.020    -22.573      1.894     23.832
    -5.000      5.000      0.060     -4.864      2.613     -6.085
     0.000      5.000      0.122     -3.396      3.167    -35.724
     5.000      5.000      0.178    -10.410      4.018    -55.645
    10.000      5.000      0.215    -20.135      4.634    -63.224
    15.000      5.000      0.247    -35.441      4.918    -72.842
    20.000      5.000      0.289    -49.235      5.435    -86.128
    25.000      5.000      0.336    -58.050      5.385    -95.780
    30.000      5.000      0.377    -63.123      5.853   -109.018
    35.000      5.000      0.416    -65.902      6.251   -117.837
    40.000      5.000      0.455    -69.900      6.500   -120.089
    45.000      5.000      0.478    -74.177      6.240   -120.727
    50.000      5.000      0.489    -78.682      5.573   -117.709
    55.000      5.000      0.479    -83.537      4.764   -113.787
    60.000      5.000      0.466    -89.372      3.649   -111.394
    65.000      5.000      0.447    -96.306      2.821   -115.819
    70.000      5.000      0.417   -101.853      1.872   -125.431
    75.000      5.000      0.360   -105.956      1.703   -124.115
    80.000      5.000      0.287   -111.220      1.332   -110.475
    85.000      5.000      0.207   -119.404      0.640    -89.944
    90.000      5.000      0.106   -141.595      0.420   -103.732
    95.000      5.000      0.067    141.806      0.085    128.047
   100.000      5.000      0.023   -162.842      0.023   -162.842
   105.000      5.000      0.000      0.000      0.000      0.000
   110.000      5.000      0.000      0.000      0.000      0.000
   115.000      5.000      0.000      0.000      0.000      0.000
   120.000      5.000      0.000      0.000      0.000      0.000
   125.000      5.000      0.000      0.000      0.000      0.000
   130.000      5.000      0.000      0.000      0.000      0.000
   135.000      5.000      0.000      0.000      0.000      0.000
   140.000      5.000      0.000      0.000      0.000      0.000
   145.000      5.000      0.000      0.000      0.000      0.000
   -25.000     10.000      0.000      0.000      0.000      0.000
   -20.000     10.000      0.000      0.000      0.000      0.000
   -15.000     10.000      0.000      0.000      0.000      0.000
   -10.000     10.000      0.055    -13.757      1.202    -25.425
    -5.000     10.000      0.119    -11.483      2.727    -52.725
     0.000     10.000      0.177    -13.005      4.559    -70.864
     5.000     10.000      0.215    -18.660      6.352    -80.079
    10.000     10.000      0.241    -31.064      7.377    -83.634
    15.000     10.000      0.268    -41.805      7.773    -89.703
    20.000     10.000      0.297    -52.829      8.760    -98.801
    25.000     10.000      0.329    -63.399      9.212   -103.938
    30.000     10.000      0.365    -73.649      9.517   -110.576
    35.000     10.000      0.419    -82.828      9.712   -117.308
    40.000     10.000      0.470    -88.989      9.361   -121.421
    45.000     10.000      0.521    -94.688      8.690   -122.389
    50.000     10.000      0.562    -99.108      7.822   -120.428
    55.000     10.000      0.578   -101.461      6.847   -116.308
    60.000     10.000      0.574   -103.117      5.162   -116.900
    65.000     10.000      0.533   -104.277      3.496   -122.049
    70.000     10.000      0.462   -104.211      2.313   -130.408
    75.000     10.000      0.376   -102.302      1.910   -128.393
    80.000     10.000      0.263    -96.859      1.264   -116.118
    85.000     10.000      0.140    -84.055      0.603    -91.091
    90.000     10.000      0.043     -5.177      0.211    -85.446
    95.000     10.000      0.110     63.239      0.285     83.376
   100.000     10.000      0.045     21.201      0.045     21.201
   105.000     10.000      0.000      0.000      0.000      0.000
   110.000     10.000      0.000      0.000      0.000      0.000
   115.000     10.000      0.000      0.000      0.000      0.000
   120.000     10.000      0.000      0.000      0.000      0.000
   125.000     10.000      0.000      0.000      0.000      0.000
   130.000     10.000      0.000      0.000      0.000      0.000
   135.000     10.000      0.000      0.000      0.000      0.000
   140.000     10.000      0.000      0.000      0.000      0.000
   145.000     10.000      0.000      0.000      0.000      0.000
   -25.000     15.000      0.000      0.000      0.000      0.000
   -20.000     15.000      0.000      0.000      0.000      0.000
   -15.000     15.000      0.000      0.000      0.000      0.000
   -10.000     15.000      0.078     11.803      1.563    -80.645
    -5.000     15.000      0.147     -6.063      3.417    -78.797
     0.000     15.000      0.199    -16.014      5.771    -85.693
     5.000     15.000      0.227    -23.677      8.197    -89.892
    10.000     15.000      0.239    -33.975      9.947    -92.597
    15.000     15.000      0.250    -46.214     10.762    -98.786
    20.000     15.000      0.277    -63.265     11.714   -104.353
    25.000     15.000      0.329    -78.160     12.148   -108.820
    30.000     15.000      0.392    -90.280     12.364   -113.112
    35.000     15.000      0.472    -99.566     12.390   -119.719
    40.000     15.000      0.553   -105.210     11.810   -124.096
    45.000     15.000      0.611   -109.203     10.902   -125.497
    50.000     15.000      0.650   -111.862      9.620   -122.745
    55.000     15.000      0.649   -113.406      8.532   -118.834
    60.000     15.000      0.611   -113.529      6.434   -118.062
    65.000     15.000      0.545   -111.261      4.181   -122.680
    70.000     15.000      0.456   -107.423      2.873   -133.584
    75.000     15.000      0.338   -101.950      1.808   -139.008
    80.000     15.000      0.201    -88.207      0.972   -130.493
    85.000     15.000      0.108    -43.236      0.506   -106.658
    90.000     15.000      0.129      2.969      0.160      3.154
    95.000     15.000      0.126      8.343      0.164      7.841
   100.000     15.000      0.043    -39.780      0.043    -39.780
   105.000     15.000      0.000      0.000      0.000      0.000
   110.000     15.000      0.000      0.000      0.000      0.000
   115.000     15.000      0.000      0.000      0.000      0.000
   120.000     15.000      0.000      0.000      0.000      0.000
   125.000     15.000      0.000      0.000      0.000      0.000
   130.000     15.000      0.000      0.000      0.000      0.000
   135.000     15.000      0.000      0.000      0.000      0.000
   140.000     15.000      0.000      0.000      0.000      0.000
   145.000     15.000      0.000      0.000      0.000      0.000
   -25.000     20.000      0.000      0.000      0.000      0.000
   -20.000     20.000      0.000      0.000      0.000      0.000
   -15.000     20.000      0.000      0.000      0.000      0.000
   -10.000     20.000      0.096     -7.109      1.858    -88.850
    -5.000     20.000      0.182    -17.454      4.200    -88.901
     0.000     20.000      0.237    -23.563      6.806    -90.530
     5.000     20.000      0.262    -31.741      9.338    -94.365
    10.000     20.000      0.273    -46.002     11.405    -99.301
    15.000     20.000      0.283    -64.212     12.666   -104.238
    20.000     20.000      0.316    -83.451     13.476   -108.401
    25.000     20.000      0.392    -97.740     13.664   -113.333
    30.000     20.000      0.488   -106.571     13.940   -117.545
    35.000     20.000      0.592   -111.810     13.865   -122.579
    40.000     20.000      0.664   -115.280     13.054   -126.446
    45.000     20.000      0.701   -117.936     12.152   -127.294
    50.000     20.000      0.706   -119.380     10.969   -125.629
    55.000     20.000      0.678   -120.894      9.459   -122.443
    60.000     20.000      0.617   -122.605      6.935   -120.073
    65.000     20.000      0.529   -123.953      4.426   -124.351
    70.000     20.000      0.413   -123.551      2.736   -136.311
    75.000     20.000      0.283   -118.063      1.807   -153.088
    80.000     20.000      0.153    -96.691      0.969   -161.014
    85.000     20.000      0.118    -34.372      0.216   -134.511
    90.000     20.000      0.193     -8.266      0.345     35.573
    95.000     20.000      0.202     -8.454      0.326     -9.190
   100.000     20.000      0.055    -10.854      0.055    -10.854
   105.000     20.000      0.000      0.000      0.000      0.000
   110.000     20.000      0.000      0.000      0.000      0.000
   115.000     20.000      0.000      0.000      0.000      0.000
   120.000     20.000      0.000      0.000      0.000      0.000
   125.000     20.000      0.000      0.000      0.000      0.000
   130.000     20.000      0.000      0.000      0.000      0.000
   135.000     20.000      0.000      0.000      0.000      0.000
   140.000     20.000      0.000      0.000      0.000      0.000
   145.000     20.000      0.000      0.000      0.000      0.000
   -25.000     25.000      0.000      0.000      0.000      0.000
   -20.000     25.000      0.000      0.000      0.000      0.000
   -15.000     25.000      0.000      0.000      0.000      0.000
   -10.000     25.000      0.144    -35.022      1.749    -88.496
    -5.000     25.000      0.218    -32.891      3.928    -91.580
     0.000     25.000      0.244    -36.984      6.490    -94.574
     5.000     25.000      0.252    -47.141      9.192    -99.022
    10.000     25.000      0.263    -63.468     11.525   -104.047
    15.000     25.000      0.306    -83.282     12.873   -108.556
    20.000     25.000      0.396    -99.237     13.626   -112.463
    25.000     25.000      0.505   -109.393     13.910   -118.023
    30.000     25.000      0.606   -115.364     14.197   -122.605
    35.000     25.000      0.693   -119.641     14.000   -125.692
    40.000     25.000      0.755   -122.212     13.369   -128.497
    45.000     25.000      0.776   -124.560     12.643   -129.636
    50.000     25.000      0.755   -127.199     11.533   -128.467
    55.000     25.000      0.687   -130.947      9.769   -125.577
    60.000     25.000      0.593   -135.232      7.011   -123.478
    65.000     25.000      0.480   -138.987      4.523   -125.697
    70.000     25.000      0.351   -141.908      2.472   -140.193
    75.000     25.000      0.219   -141.375      1.530   -174.219
    80.000     25.000      0.098   -117.770      1.072   -178.570
    85.000     25.000      0.107    -34.373      0.253    153.920
    90.000     25.000      0.200    -15.051      0.320     -4.819
    95.000     25.000      0.205    -20.292      0.241    -20.905
   100.000     25.000      0.059     -8.144      0.059     -8.144
   105.000     25.000      0.000      0.000      0.000      0.000
   110.000     25.000      0.000      0.000      0.000      0.000
   115.000     25.000      0.000      0.000      0.000      0.000
   120.000     25.000      0.000      0.000      0.000      0.000
   125.000     25.000      0.000      0.000      0.000      0.000
   130.000     25.000      0.000      0.000      0.000      0.000
   135.000     25.000      0.000      0.000      0.000      0.000
   140.000     25.000      0.000      0.000      0.000      0.000
   145.000     25.000      0.000      0.000      0.000      0.000
   -25.000     30.000      0.000      0.000      0.000      0.000
   -20.000     30.000      0.000      0.000      0.000      0.000
   -15.000     30.000      0.000      0.000      0.000      0.000
   -10.000     30.000      0.115    -36.089      1.882   -101.167
    -5.000     30.000      0.175    -38.408      4.054   -100.928
     0.000     30.000      0.199    -45.351      6.425   -101.626
     5.000     30.000      0.217    -62.354      8.764   -104.180
    10.000     30.000      0.265    -84.227     10.676   -108.422
    15.000     30.000      0.353   -100.109     11.967   -112.856
    20.000     30.000      0.460   -109.594     12.497   -116.813
    25.000     30.000      0.570   -115.999     12.915   -122.443
    30.000     30.000      0.675   -120.684     13.311   -126.625
    35.000     30.000      0.758   -124.209     13.033   -129.171
    40.000     30.000      0.792   -127.148     12.570   -131.097
    45.000     30.000      0.787   -130.122     12.099   -132.030
    50.000     30.000      0.741   -133.721     10.899   -130.887
    55.000     30.000      0.655   -138.009      9.281   -129.104
    60.000     30.000      0.540   -144.033      6.938   -127.131
    65.000     30.000      0.424   -151.249      4.226   -127.004
    70.000     30.000      0.309   -160.633      2.135   -140.885
    75.000     30.000      0.202   -168.693      1.200   -173.130
    80.000     30.000      0.094   -172.495      0.901    168.353
    85.000     30.000      0.024    -41.960      0.175   -165.281
    90.000     30.000      0.120    -24.555      0.196    -19.626
    95.000     30.000      0.133    -46.203      0.160    -47.186
   100.000     30.000      0.000      0.000      0.000      0.000
   105.000     30.000      0.000      0.000      0.000      0.000
   110.000     30.000      0.000      0.000      0.000      0.000
   115.000     30.000      0.000      0.000      0.000      0.000
   120.000     30.000      0.000      0.000      0.000      0.000
   125.000     30.000      0.000      0.000      0.000      0.000
   130.000     30.000      0.000      0.000      0.000      0.000
   135.000     30.000      0.000      0.000      0.000      0.000
   140.000     30.000      0.000      0.000      0.000      0.000
   145.000     30.000      0.000      0.000      0.000      0.000
   -25.000     35.000      0.000      0.000      0.000      0.000
   -20.000     35.000      0.000      0.000      0.000      0.000
   -15.000     35.000      0.000      0.000      0.000      0.000
   -10.000     35.000      0.057    -23.314      1.753   -113.389
    -5.000     35.000      0.107    -39.156      3.751   -111.131
     0.000     35.000      0.146    -56.018      5.808   -109.318
     5.000     35.000      0.188    -75.824      7.707   -110.258
    10.000     35.000      0.252    -96.304      9.211   -113.179
    15.000     35.000      0.345   -110.512     10.000   -117.081
    20.000     35.000      0.453   -119.010     10.442   -121.960
    25.000     35.000      0.553   -124.284     11.120   -127.116
    30.000     35.000      0.635   -127.810     11.542   -131.097
    35.000     35.000      0.693   -130.414     11.237   -132.896
    40.000     35.000      0.714   -132.403     10.827   -133.791
    45.000     35.000      0.694   -134.751     10.354   -134.286
    50.000     35.000      0.636   -137.725      9.463   -132.987
    55.000     35.000      0.555   -142.049      8.246   -132.019
    60.000     35.000      0.464   -149.090      6.329   -128.590
    65.000     35.000      0.371   -158.960      3.790   -127.723
    70.000     35.000      0.289   -173.865      1.675   -140.224
    75.000     35.000      0.225    171.172      0.801    178.716
    80.000     35.000      0.162    160.072      0.620    159.464
    85.000     35.000      0.088    154.132      0.365   -168.397
    90.000     35.000      0.027     82.047      0.033     30.614
    95.000     35.000      0.011     57.121      0.011     57.121
   100.000     35.000      0.000      0.000      0.000      0.000
   105.000     35.000      0.000      0.000      0.000      0.000
   110.000     35.000      0.000      0.000      0.000      0.000
   115.000     35.000      0.000      0.000      0.000      0.000
   120.000     35.000      0.000      0.000      0.000      0.000
   125.000     35.000      0.000      0.000      0.000      0.000
   130.000     35.000      0.000      0.000      0.000      0.000
   135.000     35.000      0.000      0.000      0.000      0.000
   140.000     35.000      0.000      0.000      0.000      0.000
   145.000     35.000      0.000      0.000      0.000      0.000
   -25.000     40.000      0.000      0.000      0.000      0.000
   -20.000     40.000      0.000      0.000      0.000      0.000
   -15.000     40.000      0.000      0.000      0.000      0.000
   -10.000     40.000      0.049    -62.365      1.657   -124.287
    -5.000     40.000      0.098    -74.885      3.312   -121.733
     0.000     40.000      0.136    -87.774      4.820   -120.301
     5.000     40.000      0.174   -100.576      6.088   -119.798
    10.000     40.000      0.234   -113.188      7.020   -120.554
    15.000     40.000      0.305   -122.041      7.543   -123.432
    20.000     40.000      0.372   -127.748      8.090   -126.086
    25.000     40.000      0.438   -131.017      8.668   -131.217
    30.000     40.000      0.496   -132.843      8.973   -135.793
    35.000     40.000      0.541   -134.310      8.787   -137.234
    40.000     40.000      0.568   -135.406      8.430   -136.795
    45.000     40.000      0.568   -136.517      7.974   -136.367
    50.000     40.000      0.550   -137.737      7.679   -134.574
    55.000     40.000      0.501   -140.111      6.868   -132.776
    60.000     40.000      0.421   -144.860      5.338   -129.828
    65.000     40.000      0.327   -153.143      3.308   -129.109
    70.000     40.000      0.250   -166.871      1.371   -134.924
    75.000     40.000      0.202    178.565      0.377   -159.665
    80.000     40.000      0.169    168.688      0.302    154.889
    85.000     40.000      0.136    166.309      0.307   -173.816
    90.000     40.000      0.086    154.157      0.148    170.379
    95.000     40.000      0.040     73.169      0.040     73.169
   100.000     40.000      0.000      0.000      0.000      0.000
   105.000     40.000      0.000      0.000      0.000      0.000
   110.000     40.000      0.000      0.000      0.000      0.000
   115.000     40.000      0.000      0.000      0.000      0.000
   120.000     40.000      0.000      0.000      0.000      0.000
   125.000     40.000      0.000      0.000      0.000      0.000
   130.000     40.000      0.000      0.000      0.000      0.000
   135.000     40.000      0.000      0.000      0.000      0.000
   140.000     40.000      0.000      0.000      0.000      0.000
   145.000     40.000      0.000      0.000      0.000      0.000
   -25.000     45.000      0.000      0.000      0.000      0.000
   -20.000     45.000      0.000      0.000      0.000      0.000
   -15.000     45.000      0.000      0.000      0.000      0.000
   -10.000     45.000      0.024   -115.561      1.237   -132.705
    -5.000     45.000      0.060   -102.895      2.278   -130.401
     0.000     45.000      0.105   -107.490      3.325   -129.137
     5.000     45.000      0.154   -112.142      4.205   -128.152
    10.000     45.000      0.201   -118.280      4.791   -127.402
    15.000     45.000      0.253   -123.913      5.199   -127.822
    20.000     45.000      0.301   -127.655      5.631   -129.389
    25.000     45.000      0.345   -129.947      5.889   -134.766
    30.000     45.000      0.388   -131.816      6.013   -138.791
    35.000     45.000      0.428   -132.557      6.035   -140.681
    40.000     45.000      0.457   -132.934      5.625   -140.025
    45.000     45.000      0.461   -133.451      5.527   -137.183
    50.000     45.000      0.438   -135.105      5.387   -135.678
    55.000     45.000      0.393   -137.683      4.924   -131.779
    60.000     45.000      0.331   -141.368      3.744   -130.647
    65.000     45.000      0.259   -145.070      2.502   -128.245
    70.000     45.000      0.185   -151.929      1.067   -124.052
    75.000     45.000      0.124   -162.941      0.234   -133.721
    80.000     45.000      0.087   -169.103      0.113    105.542
    85.000     45.000      0.070   -160.397      0.090   -174.876
    90.000     45.000      0.043   -146.229      0.048   -144.083
    95.000     45.000      0.000      0.000      0.000      0.000
   100.000     45.000      0.000      0.000      0.000      0.000
   105.000     45.000      0.000      0.000      0.000      0.000
   110.000     45.000      0.000      0.000      0.000      0.000
   115.000     45.000      0.000      0.000      0.000      0.000
   120.000     45.000      0.000      0.000      0.000      0.000
   125.000     45.000      0.000      0.000      0.000      0.000
   130.000     45.000      0.000      0.000      0.000      0.000
   135.000     45.000      0.000      0.000      0.000      0.000
   140.000     45.000      0.000      0.000      0.000      0.000
   145.000     45.000      0.000      0.000      0.000      0.000
   -25.000     50.000      0.000      0.000      0.000      0.000
   -20.000     50.000      0.000      0.000      0.000      0.000
   -15.000     50.000      0.000      0.000      0.000      0.000
   -10.000     50.000      0.012   -147.085      0.732   -129.485
    -5.000     50.000      0.024   -136.476      1.299   -130.882
     0.000     50.000      0.040   -130.872      1.859   -132.416
     5.000     50.000      0.060   -126.603      2.290   -133.090
    10.000     50.000      0.093   -123.408      2.518   -131.361
    15.000     50.000      0.133   -121.753      2.652   -130.021
    20.000     50.000      0.170   -125.411      2.879   -132.179
    25.000     50.000      0.213   -127.416      2.935   -136.565
    30.000     50.000      0.256   -129.314      2.969   -142.430
    35.000     50.000      0.285   -132.132      3.160   -139.604
    40.000     50.000      0.295   -133.561      2.928   -140.868
    45.000     50.000      0.288   -132.730      2.813   -136.643
    50.000     50.000      0.267   -132.139      2.686   -135.773
    55.000     50.000      0.237   -131.833      2.426   -130.273
    60.000     50.000      0.183   -133.335      1.979   -125.264
    65.000     50.000      0.118   -134.062      1.316   -123.920
    70.000     50.000      0.064   -131.819      0.440   -123.619
    75.000     50.000      0.020   -109.177      0.170   -124.818
    80.000     50.000      0.018    -51.269      0.084     19.257
    85.000     50.000      0.040    -75.543      0.055    -45.343
    90.000     50.000      0.026   -122.638      0.026   -122.638
    95.000     50.000      0.000      0.000      0.000      0.000
   100.000     50.000      0.000      0.000      0.000      0.000
   105.000     50.000      0.000      0.000      0.000      0.000
   110.000     50.000      0.000      0.000      0.000      0.000
   115.000     50.000      0.000      0.000      0.000      0.000
   120.000     50.000      0.000      0.000      0.000      0.000
   125.000     50.000      0.000      0.000      0.000      0.000
   130.000     50.000      0.000      0.000      0.000      0.000
   135.000     50.000      0.000      0.000      0.000      0.000
   140.000     50.000      0.000      0.000      0.000      0.000
   145.000     50.000      0.000      0.000      0.000      0.000
   -25.000     55.000      0.000      0.000      0.000      0.000
   -20.000     55.000      0.000      0.000      0.000      0.000
   -15.000     55.000      0.000      0.000      0.000      0.000
   -10.000     55.000      0.000      0.000      0.000      0.000
    -5.000     55.000      0.000      0.000      0.000      0.000
     0.000     55.000      0.000      0.000      0.000      0.000
     5.000     55.000      0.000      0.000      0.000      0.000
    10.000     55.000      0.000      0.000      0.000      0.000
    15.000     55.000      0.000      0.000      0.000      0.000
    20.000     55.000      0.000      0.000      0.000      0.000
    25.000     55.000      0.000      0.000      0.000      0.000
    30.000     55.000      0.000      0.000      0.000      0.000
    35.000     55.000      0.000      0.000      0.000      0.000
    40.000     55.000      0.000      0.000      0.000      0.000
    45.000     55.000      0.000      0.000      0.000      0.000
    50.000     55.000      0.000      0.000      0.000      0.000
    55.000     55.000      0.000      0.000      0.000      0.000
    60.000     55.000      0.000      0.000      0.000      0.000
    65.000     55.000      0.000      0.000      0.000      0.000
    70.000     55.000      0.000      0.000      0.000      0.000
    75.000     55.000      0.000      0.000      0.000      0.000
    80.000     55.000      0.000      0.000      0.000      0.000
    85.000     55.000      0.000      0.000      0.000      0.000
    90.000     55.000      0.000      0.000      0.000      0.000
    95.000     55.000      0.000      0.000      0.000      0.000
   100.000     55.000      0.000      0.000      0.000      0.000
   105.000     55.000      0.000      0.000      0.000      0.000
   110.000     55.000      0.000      0.000      0.000      0.000
   115.000     55.000      0.000      0.000      0.000      0.000
   120.000     55.000      0.000      0.000      0.000      0.000
   125.000     55.000      0.000      0.000      0.000      0.000
   130.000     55.000      0.000      0.000      0.000      0.000
   135.000     55.000      0.000      0.000      0.000      0.000
   140.000     55.000      0.000      0.000      0.000      0.000
   145.000     55.000      0.000      0.000      0.000      0.000
   -25.000     60.000      0.000      0.000      0.000      0.000
   -20.000     60.000      0.000      0.000      0.000      0.000
   -15.000     60.000      0.000      0.000      0.000      0.000
   -10.000     60.000      0.000      0.000      0.000      0.000
    -5.000     60.000      0.000      0.000      0.000      0.000
     0.000     60.000      0.000      0.000      0.000      0.000
     5.000     60.000      0.000      0.000      0.000      0.000
    10.000     60.000      0.000      0.000      0.000      0.000
    15.000     60.000      0.000      0.000      0.000      0.000
    20.000     60.000      0.000      0.000      0.000      0.000
    25.000     60.000      0.000      0.000      0.000      0.000
    30.000     60.000      0.000      0.000      0.000      0.000
    35.000     60.000      0.000      0.000      0.000      0.000
    40.000     60.000      0.000      0.000      0.000      0.000
    45.000     60.000      0.000      0.000      0.000      0.000
    50.000     60.000      0.000      0.000      0.000      0.000
    55.000     60.000      0.000      0.000      0.000      0.000
    60.000     60.000      0.000      0.000      0.000      0.000
    65.000     60.000      0.000      0.000      0.000      0.000
    70.000     60.000      0.000      0.000      0.000      0.000
    75.000     60.000      0.000      0.000      0.000      0.000
    80.000     60.000      0.000      0.000      0.000      0.000
    85.000     60.000      0.000      0.000      0.000      0.000
    90.000     60.000      0.000      0.000      0.000      0.000
    95.000     60.000      0.000      0.000      0.000      0.000
   100.000     60.000      0.000      0.000      0.000      0.000
   105.000     60.000      0.000      0.000      0.000      0.000
   110.000     60.000      0.000      0.000      0.000      0.000
   115.000     60.000      0.000      0.000      0.000      0.000
   120.000     60.000      0.000      0.000      0.000      0.000
   125.000     60.000      0.000      0.000      0.000      0.000
   130.000     60.000      0.000      0.000      0.000      0.000
   135.000     60.000      0.000      0.000      0.000      0.000
   140.000     60.000      0.000      0.000      0.000      0.000
   145.000     60.000      0.000      0.000      0.000      0.000
   -25.000     65.000      0.000      0.000      0.000      0.000
   -20.000     65.000      0.000      0.000      0.000      0.000
   -15.000     65.000      0.000      0.000      0.000      0.000
   -10.000     65.000      0.000      0.000      0.000      0.000
    -5.000     65.000      0.000      0.000      0.000      0.000
     0.000     65.000      0.000      0.000      0.000      0.000
     5.000     65.000      0.000      0.000      0.000      0.000
    10.000     65.000      0.000      0.000      0.000      0.000
    15.000     65.000      0.000      0.000      0.000      0.000
    20.000     65.000      0.000      0.000      0.000      0.000
    25.000     65.000      0.000      0.000      0.000      0.000
    30.000     65.000      0.000      0.000      0.000      0.000
    35.000     65.000      0.000      0.000      0.000      0.000
    40.000     65.000      0.000      0.000      0.000      0.000
    45.000     65.000      0.000      0.000      0.000      0.000
    50.000     65.000      0.000      0.000      0.000      0.000
    55.000     65.000      0.000      0.000      0.000      0.000
    60.000     65.000      0.000      0.000      0.000      0.000
    65.000     65.000      0.000      0.000      0.000      0.000
    70.000     65.000      0.000      0.000      0.000      0.000
    75.000     65.000      0.000      0.000      0.000      0.000
    80.000     65.000      0.000      0.000      0.000      0.000
    85.000     65.000      0.000      0.000      0.000      0.000
    90.000     65.000      0.000      0.000      0.000      0.000
    95.000     65.000      0.000      0.000      0.000      0.000
   100.000     65.000      0.000      0.000      0.000      0.000
   105.000     65.000      0.000      0.000      0.000      0.000
   110.000     65.000      0.000      0.000      0.000      0.000
   115.000     65.000      0.000      0.000      0.000      0.000
   120.000     65.000      0.000      0.000      0.000      0.000
   125.000     65.000      0.000      0.000      0.000      0.000
   130.000     65.000      0.000      0.000      0.000      0.000
   135.000     65.000      0.000      0.000      0.000      0.000
   140.000     65.000      0.000      0.000      0.000      0.000
   145.000     65.000      0.000      0.000      0.000      0.000
