   -25.000    -25.000      0.000      0.000      0.000      0.000
   -20.000    -25.000      0.000      0.000      0.000      0.000
   -15.000    -25.000      0.000      0.000      0.000      0.000
   -10.000    -25.000      0.000      0.000      0.000      0.000
    -5.000    -25.000      0.000      0.000      0.000      0.000
     0.000    -25.000      0.000      0.000      0.000      0.000
     5.000    -25.000      0.000      0.000      0.000      0.000
    10.000    -25.000      0.000      0.000      0.000      0.000
    15.000    -25.000      0.000      0.000      0.000      0.000
    20.000    -25.000      0.000      0.000      0.000      0.000
    25.000    -25.000      0.000      0.000      0.000      0.000
    30.000    -25.000      0.000      0.000      0.000      0.000
    35.000    -25.000      0.000      0.000      0.000      0.000
    40.000    -25.000      0.000      0.000      0.000      0.000
    45.000    -25.000      0.000      0.000      0.000      0.000
    50.000    -25.000      0.000      0.000      0.000      0.000
    55.000    -25.000      0.000      0.000      0.000      0.000
    60.000    -25.000      0.000      0.000      0.000      0.000
    65.000    -25.000      0.000      0.000      0.000      0.000
    70.000    -25.000      0.000      0.000      0.000      0.000
    75.000    -25.000      0.000      0.000      0.000      0.000
    80.000    -25.000      0.000      0.000      0.000      0.000
    85.000    -25.000      0.000      0.000      0.000      0.000
    90.000    -25.000      0.000      0.000      0.000      0.000
    95.000    -25.000      0.000      0.000      0.000      0.000
   100.000    -25.000      0.000      0.000      0.000      0.000
   105.000    -25.000      0.000      0.000      0.000      0.000
   110.000    -25.000      0.000      0.000      0.000      0.000
   115.000    -25.000      0.000      0.000      0.000      0.000
   120.000    -25.000      0.000      0.000      0.000      0.000
   125.000    -25.000      0.000      0.000      0.000      0.000
   130.000    -25.000      0.000      0.000      0.000      0.000
   135.000    -25.000      0.000      0.000      0.000      0.000
   140.000    -25.000      0.000      0.000      0.000      0.000
   145.000    -25.000      0.000      0.000      0.000      0.000
   -25.000    -20.000      0.000      0.000      0.000      0.000
   -20.000    -20.000      0.000      0.000      0.000      0.000
   -15.000    -20.000      0.000      0.000      0.000      0.000
   -10.000    -20.000      0.000      0.000      0.000      0.000
    -5.000    -20.000      0.000      0.000      0.000      0.000
     0.000    -20.000      0.000      0.000      0.000      0.000
     5.000    -20.000      0.000      0.000      0.000      0.000
    10.000    -20.000      0.000      0.000      0.000      0.000
    15.000    -20.000      0.000      0.000      0.000      0.000
    20.000    -20.000      0.000      0.000      0.000      0.000
    25.000    -20.000      0.000      0.000      0.000      0.000
    30.000    -20.000      0.000      0.000      0.000      0.000
    35.000    -20.000      0.000      0.000      0.000      0.000
    40.000    -20.000      0.000      0.000      0.000      0.000
    45.000    -20.000      0.000      0.000      0.000      0.000
    50.000    -20.000      0.000      0.000      0.000      0.000
    55.000    -20.000      0.000      0.000      0.000      0.000
    60.000    -20.000      0.000      0.000      0.000      0.000
    65.000    -20.000      0.000      0.000      0.000      0.000
    70.000    -20.000      0.000      0.000      0.000      0.000
    75.000    -20.000      0.000      0.000      0.000      0.000
    80.000    -20.000      0.000      0.000      0.000      0.000
    85.000    -20.000      0.000      0.000      0.000      0.000
    90.000    -20.000      0.000      0.000      0.000      0.000
    95.000    -20.000      0.000      0.000      0.000      0.000
   100.000    -20.000      0.000      0.000      0.000      0.000
   105.000    -20.000      0.000      0.000      0.000      0.000
   110.000    -20.000      0.000      0.000      0.000      0.000
   115.000    -20.000      0.000      0.000      0.000      0.000
   120.000    -20.000      0.000      0.000      0.000      0.000
   125.000    -20.000      0.000      0.000      0.000      0.000
   130.000    -20.000      0.000      0.000      0.000      0.000
   135.000    -20.000      0.000      0.000      0.000      0.000
   140.000    -20.000      0.000      0.000      0.000      0.000
   145.000    -20.000      0.000      0.000      0.000      0.000
   -25.000    -15.000      0.000      0.000      0.000      0.000
   -20.000    -15.000      0.000      0.000      0.000      0.000
   -15.000    -15.000      0.000      0.000      0.000      0.000
   -10.000    -15.000      0.000      0.000      0.000      0.000
    -5.000    -15.000      0.000      0.000      0.000      0.000
     0.000    -15.000      0.000      0.000      0.000      0.000
     5.000    -15.000      0.000      0.000      0.000      0.000
    10.000    -15.000      0.000      0.000      0.000      0.000
    15.000    -15.000      0.000      0.000      0.000      0.000
    20.000    -15.000      0.000      0.000      0.000      0.000
    25.000    -15.000      0.000      0.000      0.000      0.000
    30.000    -15.000      0.000      0.000      0.000      0.000
    35.000    -15.000      0.000      0.000      0.000      0.000
    40.000    -15.000      0.000      0.000      0.000      0.000
    45.000    -15.000      0.000      0.000      0.000      0.000
    50.000    -15.000      0.000      0.000      0.000      0.000
    55.000    -15.000      0.000      0.000      0.000      0.000
    60.000    -15.000      0.000      0.000      0.000      0.000
    65.000    -15.000      0.000      0.000      0.000      0.000
    70.000    -15.000      0.000      0.000      0.000      0.000
    75.000    -15.000      0.000      0.000      0.000      0.000
    80.000    -15.000      0.000      0.000      0.000      0.000
    85.000    -15.000      0.000      0.000      0.000      0.000
    90.000    -15.000      0.000      0.000      0.000      0.000
    95.000    -15.000      0.000      0.000      0.000      0.000
   100.000    -15.000      0.000      0.000      0.000      0.000
   105.000    -15.000      0.000      0.000      0.000      0.000
   110.000    -15.000      0.000      0.000      0.000      0.000
   115.000    -15.000      0.000      0.000      0.000      0.000
   120.000    -15.000      0.000      0.000      0.000      0.000
   125.000    -15.000      0.000      0.000      0.000      0.000
   130.000    -15.000      0.000      0.000      0.000      0.000
   135.000    -15.000      0.000      0.000      0.000      0.000
   140.000    -15.000      0.000      0.000      0.000      0.000
   145.000    -15.000      0.000      0.000      0.000      0.000
   -25.000    -10.000      0.000      0.000      0.000      0.000
   -20.000    -10.000      0.000      0.000      0.000      0.000
   -15.000    -10.000      0.000      0.000      0.000      0.000
   -10.000    -10.000      0.000      0.000      2.015     63.436
    -5.000    -10.000      0.000      0.000      2.954     60.970
     0.000    -10.000      0.000      0.000      3.413     56.563
     5.000    -10.000      0.000      0.000      3.379     50.631
    10.000    -10.000      0.000      0.000      2.996     41.359
    15.000    -10.000      0.000      0.000      1.997     22.206
    20.000    -10.000      0.000      0.000      1.671      6.319
    25.000    -10.000      0.000      0.000      1.697    -19.462
    30.000    -10.000      0.000      0.000      1.581    -26.903
    35.000    -10.000      0.000      0.000      1.663    -58.836
    40.000    -10.000      0.000      0.000      2.266    -82.010
    45.000    -10.000      0.002    -24.926      2.836    -78.175
    50.000    -10.000      0.053    -63.658      3.137    -71.145
    55.000    -10.000      0.072    -56.693      3.344    -64.428
    60.000    -10.000      0.069    -35.107      3.459    -64.467
    65.000    -10.000      0.068     -7.987      3.682    -65.477
    70.000    -10.000      0.076      0.824      3.389    -61.933
    75.000    -10.000      0.093      2.435      3.170    -54.375
    80.000    -10.000      0.109      4.761      3.130    -54.663
    85.000    -10.000      0.128      8.062      3.374    -58.749
    90.000    -10.000      0.150     11.976      3.194    -48.140
    95.000    -10.000      0.158     15.619      2.834    -34.652
   100.000    -10.000      0.160     17.173      2.683    -22.716
   105.000    -10.000      0.154     16.915      2.566    -20.051
   110.000    -10.000      0.141     15.776      2.362    -20.093
   115.000    -10.000      0.121     15.019      1.932    -16.839
   120.000    -10.000      0.090     15.035      1.303     -1.715
   125.000    -10.000      0.049     21.967      0.707     -3.855
   130.000    -10.000      0.013     46.168      0.427    -12.203
   135.000    -10.000      0.000      0.000      0.000      0.000
   140.000    -10.000      0.000      0.000      0.000      0.000
   145.000    -10.000      0.000      0.000      0.000      0.000
   -25.000     -5.000      0.000      0.000      0.000      0.000
   -20.000     -5.000      0.000      0.000      0.000      0.000
   -15.000     -5.000      0.000      0.000      0.000      0.000
   -10.000     -5.000      0.000      0.000      2.527     59.942
    -5.000     -5.000      0.000      0.000      4.225     57.158
     0.000     -5.000      0.000      0.000      4.941     52.004
     5.000     -5.000      0.000      0.000      4.751     43.020
    10.000     -5.000      0.000      0.000      4.147     29.813
    15.000     -5.000      0.000      0.000      3.056     11.003
    20.000     -5.000      0.000      0.000      2.721    -14.123
    25.000     -5.000      0.000      0.000      2.750    -38.878
    30.000     -5.000      0.000      0.000      3.029    -54.483
    35.000     -5.000      0.000      0.000      3.985    -77.751
    40.000     -5.000      0.000      0.000      5.050    -84.264
    45.000     -5.000      0.003    -31.932      5.869    -82.935
    50.000     -5.000      0.056      3.021      5.895    -74.599
    55.000     -5.000      0.088    -17.968      6.133    -68.757
    60.000     -5.000      0.115    -10.568      6.278    -66.354
    65.000     -5.000      0.142     -6.270      6.253    -65.852
    70.000     -5.000      0.170     -3.353      6.086    -63.458
    75.000     -5.000      0.194     -1.957      5.721    -57.521
    80.000     -5.000      0.219      0.784      5.608    -52.631
    85.000     -5.000      0.239      3.620      5.789    -52.813
    90.000     -5.000      0.255      5.702      5.477    -47.927
    95.000     -5.000      0.264      7.613      5.053    -36.748
   100.000     -5.000      0.265     10.594      4.857    -26.161
   105.000     -5.000      0.245     11.077      4.753    -25.320
   110.000     -5.000      0.223     12.391      4.149    -24.269
   115.000     -5.000      0.205     12.973      3.098    -16.882
   120.000     -5.000      0.180     11.381      2.247      1.440
   125.000     -5.000      0.137      6.805      1.501      8.365
   130.000     -5.000      0.077     -2.432      0.822      4.790
   135.000     -5.000      0.000      0.000      0.000      0.000
   140.000     -5.000      0.000      0.000      0.000      0.000
   145.000     -5.000      0.000      0.000      0.000      0.000
   -25.000      0.000      0.000      0.000      0.000      0.000
   -20.000      0.000      0.000      0.000      0.000      0.000
   -15.000      0.000      0.000      0.000      0.000      0.000
   -10.000      0.000      0.000      0.000      2.385     44.822
    -5.000      0.000      0.000      0.000      3.604     36.549
     0.000      0.000      0.000      0.000      3.883     26.477
     5.000      0.000      0.000      0.000      3.717     12.493
    10.000      0.000      0.000      0.000      3.552     -0.823
    15.000      0.000      0.000      0.000      3.348    -21.176
    20.000      0.000      0.000      0.000      3.734    -48.872
    25.000      0.000      0.000      0.000      4.346    -66.318
    30.000      0.000      0.000      0.000      5.115    -81.892
    35.000      0.000      0.000      0.000      6.439    -90.672
    40.000      0.000      0.000      0.000      7.598    -91.485
    45.000      0.000      0.007    -37.687      8.611    -88.799
    50.000      0.000      0.080     -9.661      8.601    -81.811
    55.000      0.000      0.147     -8.460      8.509    -74.765
    60.000      0.000      0.194     -6.206      8.545    -70.356
    65.000      0.000      0.231     -8.057      8.058    -68.154
    70.000      0.000      0.264     -8.724      7.614    -64.835
    75.000      0.000      0.289     -8.051      7.307    -60.044
    80.000      0.000      0.303     -5.547      7.377    -55.241
    85.000      0.000      0.312     -3.751      7.271    -50.059
    90.000      0.000      0.313     -1.102      6.804    -46.037
    95.000      0.000      0.317      1.694      6.343    -37.407
   100.000      0.000      0.320      5.717      6.203    -31.042
   105.000      0.000      0.327      9.159      5.943    -29.364
   110.000      0.000      0.330     13.365      5.101    -25.659
   115.000      0.000      0.322     16.471      3.714    -10.300
   120.000      0.000      0.298     16.398      2.787      8.320
   125.000      0.000      0.249     15.699      1.954     19.785
   130.000      0.000      0.156     16.467      1.124     35.274
   135.000      0.000      0.000      0.000      0.000      0.000
   140.000      0.000      0.000      0.000      0.000      0.000
   145.000      0.000      0.000      0.000      0.000      0.000
   -25.000      5.000      0.000      0.000      0.000      0.000
   -20.000      5.000      0.000      0.000      0.000      0.000
   -15.000      5.000      0.000      0.000      0.000      0.000
   -10.000      5.000      0.000      0.000      1.842     27.024
    -5.000      5.000      0.000      0.000      2.455     -2.832
     0.000      5.000      0.000      0.000      3.059    -32.114
     5.000      5.000      0.000      0.000      3.981    -50.312
    10.000      5.000      0.000      0.000      4.785    -58.273
    15.000      5.000      0.000      0.000      5.402    -66.452
    20.000      5.000      0.000      0.000      6.640    -79.119
    25.000      5.000      0.000      0.000      7.577    -85.826
    30.000      5.000      0.000      0.000      8.715    -94.729
    35.000      5.000      0.000      0.000      9.730    -99.237
    40.000      5.000      0.000      0.000     10.683    -98.574
    45.000      5.000      0.003    -61.604     10.999    -95.478
    50.000      5.000      0.113    -26.913     10.908    -89.477
    55.000      5.000      0.190     -8.793     10.459    -83.170
    60.000      5.000      0.252     -7.615      9.615    -76.502
    65.000      5.000      0.300     -9.209      8.780    -71.864
    70.000      5.000      0.333    -10.968      7.839    -65.595
    75.000      5.000      0.355    -12.601      7.739    -61.368
    80.000      5.000      0.361    -14.531      7.787    -54.714
    85.000      5.000      0.361    -14.342      7.517    -45.976
    90.000      5.000      0.355    -11.026      7.152    -41.940
    95.000      5.000      0.355     -3.255      6.704    -35.634
   100.000      5.000      0.370      6.869      6.456    -33.391
   105.000      5.000      0.388     14.302      5.851    -28.969
   110.000      5.000      0.394     20.040      4.877    -19.597
   115.000      5.000      0.386     25.237      3.788      0.128
   120.000      5.000      0.360     29.282      2.995     14.653
   125.000      5.000      0.308     30.517      2.279     29.656
   130.000      5.000      0.198     29.236      1.295     46.923
   135.000      5.000      0.000      0.000      0.000      0.000
   140.000      5.000      0.000      0.000      0.000      0.000
   145.000      5.000      0.000      0.000      0.000      0.000
   -25.000     10.000      0.000      0.000      0.000      0.000
   -20.000     10.000      0.000      0.000      0.000      0.000
   -15.000     10.000      0.000      0.000      0.000      0.000
   -10.000     10.000      0.000      0.000      1.147    -25.676
    -5.000     10.000      0.000      0.000      2.618    -49.759
     0.000     10.000      0.000      0.000      4.534    -68.480
     5.000     10.000      0.000      0.000      6.495    -77.161
    10.000     10.000      0.000      0.000      7.746    -80.050
    15.000     10.000      0.000      0.000      8.532    -84.685
    20.000     10.000      0.000      0.000     10.221    -92.672
    25.000     10.000      0.000      0.000     11.452    -95.872
    30.000     10.000      0.000      0.000     12.386    -99.668
    35.000     10.000      0.000      0.000     13.041   -103.385
    40.000     10.000      0.000      0.000     13.145   -103.922
    45.000     10.000      0.004    -38.437     12.717   -101.721
    50.000     10.000      0.097    -49.726     12.114    -97.208
    55.000     10.000      0.186    -13.610     11.296    -90.780
    60.000     10.000      0.264     -7.716      9.650    -84.271
    65.000     10.000      0.308     -9.977      8.028    -76.724
    70.000     10.000      0.335    -13.057      6.964    -68.180
    75.000     10.000      0.353    -15.923      6.873    -61.521
    80.000     10.000      0.364    -16.787      6.946    -52.331
    85.000     10.000      0.374    -14.348      6.942    -43.140
    90.000     10.000      0.382     -7.721      6.675    -37.928
    95.000     10.000      0.383      0.529      6.240    -32.271
   100.000     10.000      0.376     10.779      5.979    -32.289
   105.000     10.000      0.379     21.291      5.134    -28.854
   110.000     10.000      0.401     31.054      4.113    -13.575
   115.000     10.000      0.413     37.869      3.466      8.110
   120.000     10.000      0.387     41.564      2.994     23.270
   125.000     10.000      0.306     43.682      2.401     43.748
   130.000     10.000      0.174     46.719      1.314     49.334
   135.000     10.000      0.000      0.000      0.000      0.000
   140.000     10.000      0.000      0.000      0.000      0.000
   145.000     10.000      0.000      0.000      0.000      0.000
   -25.000     15.000      0.000      0.000      0.000      0.000
   -20.000     15.000      0.000      0.000      0.000      0.000
   -15.000     15.000      0.000      0.000      0.000      0.000
   -10.000     15.000      0.000      0.000      1.509    -75.053
    -5.000     15.000      0.000      0.000      3.278    -75.104
     0.000     15.000      0.000      0.000      5.640    -82.124
     5.000     15.000      0.000      0.000      8.338    -86.489
    10.000     15.000      0.000      0.000     10.679    -89.481
    15.000     15.000      0.000      0.000     11.901    -94.476
    20.000     15.000      0.000      0.000     13.490    -98.820
    25.000     15.000      0.000      0.000     14.534   -101.636
    30.000     15.000      0.000      0.000     15.252   -104.117
    35.000     15.000      0.000      0.000     15.349   -107.947
    40.000     15.000      0.000      0.000     14.742   -109.928
    45.000     15.000      0.001    -81.815     13.715   -109.652
    50.000     15.000      0.023    -56.368     12.440   -105.373
    55.000     15.000      0.089     -0.384     11.313    -99.604
    60.000     15.000      0.158      0.552      9.173    -92.705
    65.000     15.000      0.212     -5.180      6.903    -83.908
    70.000     15.000      0.254     -9.326      5.515    -75.042
    75.000     15.000      0.283    -11.015      5.003    -60.611
    80.000     15.000      0.302    -10.280      5.244    -47.161
    85.000     15.000      0.309     -6.669      5.581    -38.981
    90.000     15.000      0.317      0.184      5.596    -31.364
    95.000     15.000      0.333      9.267      5.415    -30.134
   100.000     15.000      0.361     20.226      4.809    -29.989
   105.000     15.000      0.399     31.877      3.762    -23.470
   110.000     15.000      0.428     41.055      3.145     -1.058
   115.000     15.000      0.425     48.036      3.008     20.627
   120.000     15.000      0.385     53.676      2.742     33.582
   125.000     15.000      0.295     57.243      2.164     44.774
   130.000     15.000      0.153     59.955      1.297     50.544
   135.000     15.000      0.000      0.000      0.000      0.000
   140.000     15.000      0.000      0.000      0.000      0.000
   145.000     15.000      0.000      0.000      0.000      0.000
   -25.000     20.000      0.000      0.000      0.000      0.000
   -20.000     20.000      0.000      0.000      0.000      0.000
   -15.000     20.000      0.000      0.000      0.000      0.000
   -10.000     20.000      0.000      0.000      1.913    -84.228
    -5.000     20.000      0.000      0.000      4.285    -85.504
     0.000     20.000      0.000      0.000      7.076    -87.727
     5.000     20.000      0.000      0.000      9.971    -91.839
    10.000     20.000      0.000      0.000     12.481    -96.551
    15.000     20.000      0.000      0.000     14.018   -100.715
    20.000     20.000      0.000      0.000     15.282   -103.364
    25.000     20.000      0.000      0.000     15.968   -106.574
    30.000     20.000      0.000      0.000     16.494   -109.062
    35.000     20.000      0.000      0.000     16.047   -113.122
    40.000     20.000      0.000      0.000     14.893   -116.057
    45.000     20.000      0.019    177.742     13.720   -116.710
    50.000     20.000      0.051    145.511     12.292   -114.728
    55.000     20.000      0.055     98.972     10.570   -110.032
    60.000     20.000      0.068     57.728      7.930   -102.591
    65.000     20.000      0.090     31.224      5.294    -94.291
    70.000     20.000      0.111     14.760      3.520    -81.606
    75.000     20.000      0.136     10.010      2.740    -62.058
    80.000     20.000      0.169      9.879      3.056    -39.709
    85.000     20.000      0.205     12.718      3.856    -28.222
    90.000     20.000      0.245     17.815      4.211    -20.254
    95.000     20.000      0.293     26.327      4.167    -22.044
   100.000     20.000      0.347     34.090      3.343    -19.073
   105.000     20.000      0.400     41.804      2.443     -4.694
   110.000     20.000      0.435     48.273      2.243     19.102
   115.000     20.000      0.434     53.763      2.471     39.432
   120.000     20.000      0.380     58.491      2.464     51.010
   125.000     20.000      0.269     62.544      1.848     53.282
   130.000     20.000      0.119     69.589      1.101     60.440
   135.000     20.000      0.000      0.000      0.000      0.000
   140.000     20.000      0.000      0.000      0.000      0.000
   145.000     20.000      0.000      0.000      0.000      0.000
   -25.000     25.000      0.000      0.000      0.000      0.000
   -20.000     25.000      0.000      0.000      0.000      0.000
   -15.000     25.000      0.000      0.000      0.000      0.000
   -10.000     25.000      0.000      0.000      1.989    -77.924
    -5.000     25.000      0.000      0.000      4.351    -84.295
     0.000     25.000      0.000      0.000      7.123    -89.390
     5.000     25.000      0.000      0.000     10.093    -95.270
    10.000     25.000      0.000      0.000     12.763   -100.740
    15.000     25.000      0.000      0.000     14.337   -104.351
    20.000     25.000      0.000      0.000     15.470   -106.935
    25.000     25.000      0.000      0.000     15.898   -111.492
    30.000     25.000      0.000      0.000     16.038   -115.399
    35.000     25.000      0.000      0.000     15.352   -119.335
    40.000     25.000      0.003     93.855     14.221   -122.732
    45.000     25.000      0.057    110.700     13.088   -124.865
    50.000     25.000      0.116    112.357     11.630   -124.386
    55.000     25.000      0.130    116.090      9.590   -121.115
    60.000     25.000      0.123    116.182      6.624   -116.373
    65.000     25.000      0.116    107.010      3.960   -111.472
    70.000     25.000      0.108     95.891      1.663   -103.659
    75.000     25.000      0.100     83.120      0.432    -40.230
    80.000     25.000      0.101     69.431      1.144    -13.956
    85.000     25.000      0.132     59.086      2.218     -6.452
    90.000     25.000      0.187     54.681      2.890     -8.750
    95.000     25.000      0.248     52.478      2.678     -8.519
   100.000     25.000      0.309     51.525      2.059      2.356
   105.000     25.000      0.368     51.384      1.533     28.202
   110.000     25.000      0.400     52.780      1.623     46.929
   115.000     25.000      0.393     55.311      2.055     60.332
   120.000     25.000      0.348     59.689      1.987     62.467
   125.000     25.000      0.259     64.468      1.449     61.193
   130.000     25.000      0.143     71.513      0.894     68.918
   135.000     25.000      0.000      0.000      0.000      0.000
   140.000     25.000      0.000      0.000      0.000      0.000
   145.000     25.000      0.000      0.000      0.000      0.000
   -25.000     30.000      0.000      0.000      0.000      0.000
   -20.000     30.000      0.000      0.000      0.000      0.000
   -15.000     30.000      0.000      0.000      0.000      0.000
   -10.000     30.000      0.000      0.000      2.135    -84.881
    -5.000     30.000      0.000      0.000      4.578    -89.192
     0.000     30.000      0.000      0.000      7.273    -93.659
     5.000     30.000      0.000      0.000      9.939    -98.631
    10.000     30.000      0.000      0.000     12.090   -103.928
    15.000     30.000      0.000      0.000     13.467   -108.223
    20.000     30.000      0.000      0.000     14.030   -111.113
    25.000     30.000      0.000      0.000     14.316   -116.455
    30.000     30.000      0.000      0.000     14.428   -121.238
    35.000     30.000      0.007    118.371     13.602   -126.160
    40.000     30.000      0.076    112.544     12.650   -130.423
    45.000     30.000      0.121    118.216     11.835   -133.364
    50.000     30.000      0.154    119.792     10.315   -133.943
    55.000     30.000      0.164    124.265      8.417   -133.590
    60.000     30.000      0.162    128.376      5.851   -133.189
    65.000     30.000      0.154    131.856      3.001   -136.310
    70.000     30.000      0.142    133.716      1.051   -173.529
    75.000     30.000      0.133    129.391      0.989    108.511
    80.000     30.000      0.133    115.781      1.111     76.825
    85.000     30.000      0.150     98.660      1.346     30.574
    90.000     30.000      0.180     84.337      1.683     19.189
    95.000     30.000      0.225     75.653      1.508     20.709
   100.000     30.000      0.274     70.734      1.329     44.854
   105.000     30.000      0.327     67.961      1.200     67.809
   110.000     30.000      0.369     66.004      1.340     80.083
   115.000     30.000      0.383     64.717      1.549     81.021
   120.000     30.000      0.358     64.708      1.503     74.909
   125.000     30.000      0.281     65.824      1.257     73.411
   130.000     30.000      0.158     68.750      0.713     71.056
   135.000     30.000      0.000      0.000      0.000      0.000
   140.000     30.000      0.000      0.000      0.000      0.000
   145.000     30.000      0.000      0.000      0.000      0.000
   -25.000     35.000      0.000      0.000      0.000      0.000
   -20.000     35.000      0.000      0.000      0.000      0.000
   -15.000     35.000      0.000      0.000      0.000      0.000
   -10.000     35.000      0.000      0.000      1.914    -93.464
    -5.000     35.000      0.000      0.000      4.198    -96.127
     0.000     35.000      0.000      0.000      6.621    -98.523
     5.000     35.000      0.000      0.000      8.817   -102.547
    10.000     35.000      0.000      0.000     10.487   -107.207
    15.000     35.000      0.000      0.000     11.273   -110.907
    20.000     35.000      0.000      0.000     11.498   -115.575
    25.000     35.000      0.000      0.000     11.897   -121.772
    30.000     35.000      0.004    104.609     11.949   -128.034
    35.000     35.000      0.071     92.732     11.208   -133.230
    40.000     35.000      0.143    107.999     10.474   -137.839
    45.000     35.000      0.169    122.358      9.797   -141.504
    50.000     35.000      0.191    125.664      8.663   -143.248
    55.000     35.000      0.195    131.463      7.249   -145.570
    60.000     35.000      0.183    138.718      5.135   -147.257
    65.000     35.000      0.168    145.421      2.683   -162.328
    70.000     35.000      0.153    145.217      1.691    143.500
    75.000     35.000      0.141    138.102      2.030    109.984
    80.000     35.000      0.138    129.574      1.904     99.406
    85.000     35.000      0.148    118.458      1.373     88.874
    90.000     35.000      0.171    106.046      1.374     70.890
    95.000     35.000      0.203     95.227      1.269     73.691
   100.000     35.000      0.244     86.647      1.218     83.180
   105.000     35.000      0.287     81.446      1.231     99.330
   110.000     35.000      0.320     78.052      1.458    106.712
   115.000     35.000      0.341     74.989      1.343    102.812
   120.000     35.000      0.338     72.287      1.227     89.649
   125.000     35.000      0.291     69.348      0.916     80.533
   130.000     35.000      0.183     66.119      0.460     84.179
   135.000     35.000      0.000      0.000      0.000      0.000
   140.000     35.000      0.000      0.000      0.000      0.000
   145.000     35.000      0.000      0.000      0.000      0.000
   -25.000     40.000      0.000      0.000      0.000      0.000
   -20.000     40.000      0.000      0.000      0.000      0.000
   -15.000     40.000      0.000      0.000      0.000      0.000
   -10.000     40.000      0.000      0.000      1.926   -101.341
    -5.000     40.000      0.000      0.000      3.763   -103.783
     0.000     40.000      0.000      0.000      5.452   -106.729
     5.000     40.000      0.000      0.000      6.879   -109.706
    10.000     40.000      0.000      0.000      7.879   -112.613
    15.000     40.000      0.000      0.000      8.344   -115.787
    20.000     40.000      0.000      0.000      8.682   -119.620
    25.000     40.000      0.002    -51.271      9.054   -126.453
    30.000     40.000      0.041    100.712      9.004   -134.704
    35.000     40.000      0.132     92.431      8.483   -140.869
    40.000     40.000      0.191    105.586      7.937   -145.405
    45.000     40.000      0.214    115.272      7.369   -149.505
    50.000     40.000      0.225    122.000      6.907   -151.284
    55.000     40.000      0.216    128.153      5.961   -153.772
    60.000     40.000      0.192    133.477      4.363   -158.793
    65.000     40.000      0.165    136.874      2.672   -178.769
    70.000     40.000      0.144    141.554      2.041    136.335
    75.000     40.000      0.128    145.090      2.179    110.970
    80.000     40.000      0.117    144.393      2.133    107.096
    85.000     40.000      0.114    135.665      1.744    110.369
    90.000     40.000      0.124    125.111      1.547    105.954
    95.000     40.000      0.145    114.180      1.398    100.858
   100.000     40.000      0.178    102.759      1.238    108.730
   105.000     40.000      0.220     93.311      1.318    112.944
   110.000     40.000      0.260     86.360      1.333    117.501
   115.000     40.000      0.286     80.995      1.141    118.444
   120.000     40.000      0.286     76.404      0.834    104.678
   125.000     40.000      0.247     71.992      0.670     93.423
   130.000     40.000      0.160     67.567      0.372     94.493
   135.000     40.000      0.000      0.000      0.000      0.000
   140.000     40.000      0.000      0.000      0.000      0.000
   145.000     40.000      0.000      0.000      0.000      0.000
   -25.000     45.000      0.000      0.000      0.000      0.000
   -20.000     45.000      0.000      0.000      0.000      0.000
   -15.000     45.000      0.000      0.000      0.000      0.000
   -10.000     45.000      0.002     30.572      1.354   -106.204
    -5.000     45.000      0.004     11.288      2.532   -107.533
     0.000     45.000      0.002      4.485      3.728   -112.350
     5.000     45.000      0.001    147.369      4.746   -116.289
    10.000     45.000      0.001    178.172      5.411   -118.098
    15.000     45.000      0.001    -22.891      5.751   -119.584
    20.000     45.000      0.052     74.463      5.875   -123.375
    25.000     45.000      0.087     83.723      5.887   -131.697
    30.000     45.000      0.130     90.954      5.794   -140.441
    35.000     45.000      0.204     95.452      5.659   -148.108
    40.000     45.000      0.231    102.282      5.186   -153.617
    45.000     45.000      0.233    109.415      5.006   -155.477
    50.000     45.000      0.224    115.421      4.813   -157.894
    55.000     45.000      0.206    121.369      4.229   -158.552
    60.000     45.000      0.178    128.697      3.174   -168.228
    65.000     45.000      0.148    138.312      2.220    174.959
    70.000     45.000      0.125    148.394      1.699    137.124
    75.000     45.000      0.110    158.392      1.853    115.243
    80.000     45.000      0.097    166.169      1.839    110.654
    85.000     45.000      0.083    164.080      1.550    117.276
    90.000     45.000      0.075    150.279      1.335    120.503
    95.000     45.000      0.083    128.278      1.200    121.296
   100.000     45.000      0.104    109.292      1.011    126.162
   105.000     45.000      0.138     95.836      0.930    133.952
   110.000     45.000      0.170     88.229      0.952    130.929
   115.000     45.000      0.191     83.683      0.792    131.973
   120.000     45.000      0.188     80.694      0.622    125.951
   125.000     45.000      0.154     78.364      0.506    116.256
   130.000     45.000      0.088     73.234      0.296    114.696
   135.000     45.000      0.000      0.000      0.000      0.000
   140.000     45.000      0.000      0.000      0.000      0.000
   145.000     45.000      0.000      0.000      0.000      0.000
   -25.000     50.000      0.000      0.000      0.000      0.000
   -20.000     50.000      0.000      0.000      0.000      0.000
   -15.000     50.000      0.000      0.000      0.000      0.000
   -10.000     50.000      0.044     91.045      0.757   -108.656
    -5.000     50.000      0.091     67.814      1.326   -110.107
     0.000     50.000      0.097     69.216      1.939   -116.403
     5.000     50.000      0.067     78.561      2.477   -121.175
    10.000     50.000      0.041     75.188      2.779   -121.588
    15.000     50.000      0.039     49.882      2.876   -121.568
    20.000     50.000      0.063     53.746      2.938   -126.375
    25.000     50.000      0.092     64.943      2.837   -134.680
    30.000     50.000      0.117     79.043      2.768   -146.589
    35.000     50.000      0.149     90.886      2.869   -149.473
    40.000     50.000      0.164     98.675      2.648   -157.761
    45.000     50.000      0.163    104.746      2.492   -159.144
    50.000     50.000      0.149    112.311      2.389   -163.251
    55.000     50.000      0.132    125.130      2.070   -163.608
    60.000     50.000      0.116    138.068      1.624   -168.284
    65.000     50.000      0.101    148.782      1.208    172.615
    70.000     50.000      0.087    158.404      1.069    131.627
    75.000     50.000      0.076    168.634      1.067    121.725
    80.000     50.000      0.064    174.465      1.010    112.579
    85.000     50.000      0.050    175.133      0.855    121.580
    90.000     50.000      0.035    166.417      0.828    131.930
    95.000     50.000      0.027    130.077      0.757    136.585
   100.000     50.000      0.036     97.957      0.613    145.637
   105.000     50.000      0.056     87.492      0.553    149.663
   110.000     50.000      0.074     83.689      0.443    151.047
   115.000     50.000      0.083     84.243      0.407    138.022
   120.000     50.000      0.081     87.472      0.398    142.631
   125.000     50.000      0.073     92.589      0.352    138.957
   130.000     50.000      0.049    104.306      0.216    139.693
   135.000     50.000      0.000      0.000      0.000      0.000
   140.000     50.000      0.000      0.000      0.000      0.000
   145.000     50.000      0.000      0.000      0.000      0.000
   -25.000     55.000      0.000      0.000      0.000      0.000
   -20.000     55.000      0.000      0.000      0.000      0.000
   -15.000     55.000      0.000      0.000      0.000      0.000
   -10.000     55.000      0.000      0.000      0.000      0.000
    -5.000     55.000      0.000      0.000      0.000      0.000
     0.000     55.000      0.000      0.000      0.000      0.000
     5.000     55.000      0.000      0.000      0.000      0.000
    10.000     55.000      0.000      0.000      0.000      0.000
    15.000     55.000      0.000      0.000      0.000      0.000
    20.000     55.000      0.000      0.000      0.000      0.000
    25.000     55.000      0.000      0.000      0.000      0.000
    30.000     55.000      0.000      0.000      0.000      0.000
    35.000     55.000      0.000      0.000      0.000      0.000
    40.000     55.000      0.000      0.000      0.000      0.000
    45.000     55.000      0.000      0.000      0.000      0.000
    50.000     55.000      0.000      0.000      0.000      0.000
    55.000     55.000      0.000      0.000      0.000      0.000
    60.000     55.000      0.000      0.000      0.000      0.000
    65.000     55.000      0.000      0.000      0.000      0.000
    70.000     55.000      0.000      0.000      0.000      0.000
    75.000     55.000      0.000      0.000      0.000      0.000
    80.000     55.000      0.000      0.000      0.000      0.000
    85.000     55.000      0.000      0.000      0.000      0.000
    90.000     55.000      0.000      0.000      0.000      0.000
    95.000     55.000      0.000      0.000      0.000      0.000
   100.000     55.000      0.000      0.000      0.000      0.000
   105.000     55.000      0.000      0.000      0.000      0.000
   110.000     55.000      0.000      0.000      0.000      0.000
   115.000     55.000      0.000      0.000      0.000      0.000
   120.000     55.000      0.000      0.000      0.000      0.000
   125.000     55.000      0.000      0.000      0.000      0.000
   130.000     55.000      0.000      0.000      0.000      0.000
   135.000     55.000      0.000      0.000      0.000      0.000
   140.000     55.000      0.000      0.000      0.000      0.000
   145.000     55.000      0.000      0.000      0.000      0.000
   -25.000     60.000      0.000      0.000      0.000      0.000
   -20.000     60.000      0.000      0.000      0.000      0.000
   -15.000     60.000      0.000      0.000      0.000      0.000
   -10.000     60.000      0.000      0.000      0.000      0.000
    -5.000     60.000      0.000      0.000      0.000      0.000
     0.000     60.000      0.000      0.000      0.000      0.000
     5.000     60.000      0.000      0.000      0.000      0.000
    10.000     60.000      0.000      0.000      0.000      0.000
    15.000     60.000      0.000      0.000      0.000      0.000
    20.000     60.000      0.000      0.000      0.000      0.000
    25.000     60.000      0.000      0.000      0.000      0.000
    30.000     60.000      0.000      0.000      0.000      0.000
    35.000     60.000      0.000      0.000      0.000      0.000
    40.000     60.000      0.000      0.000      0.000      0.000
    45.000     60.000      0.000      0.000      0.000      0.000
    50.000     60.000      0.000      0.000      0.000      0.000
    55.000     60.000      0.000      0.000      0.000      0.000
    60.000     60.000      0.000      0.000      0.000      0.000
    65.000     60.000      0.000      0.000      0.000      0.000
    70.000     60.000      0.000      0.000      0.000      0.000
    75.000     60.000      0.000      0.000      0.000      0.000
    80.000     60.000      0.000      0.000      0.000      0.000
    85.000     60.000      0.000      0.000      0.000      0.000
    90.000     60.000      0.000      0.000      0.000      0.000
    95.000     60.000      0.000      0.000      0.000      0.000
   100.000     60.000      0.000      0.000      0.000      0.000
   105.000     60.000      0.000      0.000      0.000      0.000
   110.000     60.000      0.000      0.000      0.000      0.000
   115.000     60.000      0.000      0.000      0.000      0.000
   120.000     60.000      0.000      0.000      0.000      0.000
   125.000     60.000      0.000      0.000      0.000      0.000
   130.000     60.000      0.000      0.000      0.000      0.000
   135.000     60.000      0.000      0.000      0.000      0.000
   140.000     60.000      0.000      0.000      0.000      0.000
   145.000     60.000      0.000      0.000      0.000      0.000
   -25.000     65.000      0.000      0.000      0.000      0.000
   -20.000     65.000      0.000      0.000      0.000      0.000
   -15.000     65.000      0.000      0.000      0.000      0.000
   -10.000     65.000      0.000      0.000      0.000      0.000
    -5.000     65.000      0.000      0.000      0.000      0.000
     0.000     65.000      0.000      0.000      0.000      0.000
     5.000     65.000      0.000      0.000      0.000      0.000
    10.000     65.000      0.000      0.000      0.000      0.000
    15.000     65.000      0.000      0.000      0.000      0.000
    20.000     65.000      0.000      0.000      0.000      0.000
    25.000     65.000      0.000      0.000      0.000      0.000
    30.000     65.000      0.000      0.000      0.000      0.000
    35.000     65.000      0.000      0.000      0.000      0.000
    40.000     65.000      0.000      0.000      0.000      0.000
    45.000     65.000      0.000      0.000      0.000      0.000
    50.000     65.000      0.000      0.000      0.000      0.000
    55.000     65.000      0.000      0.000      0.000      0.000
    60.000     65.000      0.000      0.000      0.000      0.000
    65.000     65.000      0.000      0.000      0.000      0.000
    70.000     65.000      0.000      0.000      0.000      0.000
    75.000     65.000      0.000      0.000      0.000      0.000
    80.000     65.000      0.000      0.000      0.000      0.000
    85.000     65.000      0.000      0.000      0.000      0.000
    90.000     65.000      0.000      0.000      0.000      0.000
    95.000     65.000      0.000      0.000      0.000      0.000
   100.000     65.000      0.000      0.000      0.000      0.000
   105.000     65.000      0.000      0.000      0.000      0.000
   110.000     65.000      0.000      0.000      0.000      0.000
   115.000     65.000      0.000      0.000      0.000      0.000
   120.000     65.000      0.000      0.000      0.000      0.000
   125.000     65.000      0.000      0.000      0.000      0.000
   130.000     65.000      0.000      0.000      0.000      0.000
   135.000     65.000      0.000      0.000      0.000      0.000
   140.000     65.000      0.000      0.000      0.000      0.000
   145.000     65.000      0.000      0.000      0.000      0.000
