   -25.000    -25.000      0.000      0.000      0.000      0.000
   -20.000    -25.000      0.000      0.000      0.000      0.000
   -15.000    -25.000      0.000      0.000      0.000      0.000
   -10.000    -25.000      0.000      0.000      0.000      0.000
    -5.000    -25.000      0.000      0.000      0.000      0.000
     0.000    -25.000      0.000      0.000      0.000      0.000
     5.000    -25.000      0.000      0.000      0.000      0.000
    10.000    -25.000      0.000      0.000      0.000      0.000
    15.000    -25.000      0.000      0.000      0.000      0.000
    20.000    -25.000      0.000      0.000      0.000      0.000
    25.000    -25.000      0.000      0.000      0.000      0.000
    30.000    -25.000      0.000      0.000      0.000      0.000
    35.000    -25.000      0.000      0.000      0.000      0.000
    40.000    -25.000      0.000      0.000      0.000      0.000
    45.000    -25.000      0.000      0.000      0.000      0.000
    50.000    -25.000      0.000      0.000      0.000      0.000
    55.000    -25.000      0.000      0.000      0.000      0.000
    60.000    -25.000      0.000      0.000      0.000      0.000
    65.000    -25.000      0.000      0.000      0.000      0.000
    70.000    -25.000      0.000      0.000      0.000      0.000
    75.000    -25.000      0.000      0.000      0.000      0.000
    80.000    -25.000      0.000      0.000      0.000      0.000
    85.000    -25.000      0.000      0.000      0.000      0.000
    90.000    -25.000      0.000      0.000      0.000      0.000
    95.000    -25.000      0.000      0.000      0.000      0.000
   100.000    -25.000      0.000      0.000      0.000      0.000
   105.000    -25.000      0.000      0.000      0.000      0.000
   110.000    -25.000      0.000      0.000      0.000      0.000
   115.000    -25.000      0.000      0.000      0.000      0.000
   120.000    -25.000      0.000      0.000      0.000      0.000
   125.000    -25.000      0.000      0.000      0.000      0.000
   130.000    -25.000      0.000      0.000      0.000      0.000
   135.000    -25.000      0.000      0.000      0.000      0.000
   140.000    -25.000      0.000      0.000      0.000      0.000
   145.000    -25.000      0.000      0.000      0.000      0.000
   -25.000    -20.000      0.000      0.000      0.000      0.000
   -20.000    -20.000      0.000      0.000      0.000      0.000
   -15.000    -20.000      0.000      0.000      0.000      0.000
   -10.000    -20.000      0.000      0.000      0.000      0.000
    -5.000    -20.000      0.000      0.000      0.000      0.000
     0.000    -20.000      0.000      0.000      0.000      0.000
     5.000    -20.000      0.000      0.000      0.000      0.000
    10.000    -20.000      0.000      0.000      0.000      0.000
    15.000    -20.000      0.000      0.000      0.000      0.000
    20.000    -20.000      0.000      0.000      0.000      0.000
    25.000    -20.000      0.000      0.000      0.000      0.000
    30.000    -20.000      0.000      0.000      0.000      0.000
    35.000    -20.000      0.000      0.000      0.000      0.000
    40.000    -20.000      0.000      0.000      0.000      0.000
    45.000    -20.000      0.000      0.000      0.000      0.000
    50.000    -20.000      0.000      0.000      0.000      0.000
    55.000    -20.000      0.000      0.000      0.000      0.000
    60.000    -20.000      0.000      0.000      0.000      0.000
    65.000    -20.000      0.000      0.000      0.000      0.000
    70.000    -20.000      0.000      0.000      0.000      0.000
    75.000    -20.000      0.000      0.000      0.000      0.000
    80.000    -20.000      0.000      0.000      0.000      0.000
    85.000    -20.000      0.000      0.000      0.000      0.000
    90.000    -20.000      0.000      0.000      0.000      0.000
    95.000    -20.000      0.000      0.000      0.000      0.000
   100.000    -20.000      0.000      0.000      0.000      0.000
   105.000    -20.000      0.000      0.000      0.000      0.000
   110.000    -20.000      0.000      0.000      0.000      0.000
   115.000    -20.000      0.000      0.000      0.000      0.000
   120.000    -20.000      0.000      0.000      0.000      0.000
   125.000    -20.000      0.000      0.000      0.000      0.000
   130.000    -20.000      0.000      0.000      0.000      0.000
   135.000    -20.000      0.000      0.000      0.000      0.000
   140.000    -20.000      0.000      0.000      0.000      0.000
   145.000    -20.000      0.000      0.000      0.000      0.000
   -25.000    -15.000      0.000      0.000      0.000      0.000
   -20.000    -15.000      0.000      0.000      0.000      0.000
   -15.000    -15.000      0.000      0.000      0.000      0.000
   -10.000    -15.000      0.000      0.000      0.000      0.000
    -5.000    -15.000      0.000      0.000      0.000      0.000
     0.000    -15.000      0.000      0.000      0.000      0.000
     5.000    -15.000      0.000      0.000      0.000      0.000
    10.000    -15.000      0.000      0.000      0.000      0.000
    15.000    -15.000      0.000      0.000      0.000      0.000
    20.000    -15.000      0.000      0.000      0.000      0.000
    25.000    -15.000      0.000      0.000      0.000      0.000
    30.000    -15.000      0.000      0.000      0.000      0.000
    35.000    -15.000      0.000      0.000      0.000      0.000
    40.000    -15.000      0.000      0.000      0.000      0.000
    45.000    -15.000      0.000      0.000      0.000      0.000
    50.000    -15.000      0.000      0.000      0.000      0.000
    55.000    -15.000      0.000      0.000      0.000      0.000
    60.000    -15.000      0.000      0.000      0.000      0.000
    65.000    -15.000      0.000      0.000      0.000      0.000
    70.000    -15.000      0.000      0.000      0.000      0.000
    75.000    -15.000      0.000      0.000      0.000      0.000
    80.000    -15.000      0.000      0.000      0.000      0.000
    85.000    -15.000      0.000      0.000      0.000      0.000
    90.000    -15.000      0.000      0.000      0.000      0.000
    95.000    -15.000      0.000      0.000      0.000      0.000
   100.000    -15.000      0.000      0.000      0.000      0.000
   105.000    -15.000      0.000      0.000      0.000      0.000
   110.000    -15.000      0.000      0.000      0.000      0.000
   115.000    -15.000      0.000      0.000      0.000      0.000
   120.000    -15.000      0.000      0.000      0.000      0.000
   125.000    -15.000      0.000      0.000      0.000      0.000
   130.000    -15.000      0.000      0.000      0.000      0.000
   135.000    -15.000      0.000      0.000      0.000      0.000
   140.000    -15.000      0.000      0.000      0.000      0.000
   145.000    -15.000      0.000      0.000      0.000      0.000
   -25.000    -10.000      0.000      0.000      0.000      0.000
   -20.000    -10.000      0.000      0.000      0.000      0.000
   -15.000    -10.000      0.000      0.000      0.000      0.000
   -10.000    -10.000      0.117     61.433      1.200     67.574
    -5.000    -10.000      0.199     55.178      1.603     64.439
     0.000    -10.000      0.232     51.123      1.507     60.414
     5.000    -10.000      0.224     50.353      1.220     53.764
    10.000    -10.000      0.181     48.822      0.894     39.612
    15.000    -10.000      0.139     49.027      0.390      3.411
    20.000    -10.000      0.080     52.760      0.472    -10.592
    25.000    -10.000      0.029    111.840      0.531    -12.202
    30.000    -10.000      0.075   -179.705      0.617     53.739
    35.000    -10.000      0.108   -175.429      0.323    113.208
    40.000    -10.000      0.105   -179.270      0.602    152.564
    45.000    -10.000      0.078    169.380      0.464    159.996
    50.000    -10.000      0.049    130.929      0.254    127.130
    55.000    -10.000      0.061     73.567      0.303     58.269
    60.000    -10.000      0.059     45.938      0.207     60.945
    65.000    -10.000      0.085    -57.080      0.088    -57.034
    70.000    -10.000      0.000      0.000      0.000      0.000
    75.000    -10.000      0.000      0.000      0.000      0.000
    80.000    -10.000      0.000      0.000      0.000      0.000
    85.000    -10.000      0.000      0.000      0.000      0.000
    90.000    -10.000      0.000      0.000      0.000      0.000
    95.000    -10.000      0.000      0.000      0.000      0.000
   100.000    -10.000      0.000      0.000      0.000      0.000
   105.000    -10.000      0.000      0.000      0.000      0.000
   110.000    -10.000      0.000      0.000      0.000      0.000
   115.000    -10.000      0.000      0.000      0.000      0.000
   120.000    -10.000      0.000      0.000      0.000      0.000
   125.000    -10.000      0.000      0.000      0.000      0.000
   130.000    -10.000      0.000      0.000      0.000      0.000
   135.000    -10.000      0.000      0.000      0.000      0.000
   140.000    -10.000      0.000      0.000      0.000      0.000
   145.000    -10.000      0.000      0.000      0.000      0.000
   -25.000     -5.000      0.000      0.000      0.000      0.000
   -20.000     -5.000      0.000      0.000      0.000      0.000
   -15.000     -5.000      0.000      0.000      0.000      0.000
   -10.000     -5.000      0.164     51.263      1.466     71.936
    -5.000     -5.000      0.305     47.931      2.324     68.102
     0.000     -5.000      0.380     46.078      2.215     65.834
     5.000     -5.000      0.390     46.291      1.531     55.287
    10.000     -5.000      0.327     48.240      0.972     19.488
    15.000     -5.000      0.230     54.791      0.641    -42.642
    20.000     -5.000      0.133     71.401      0.824    -54.898
    25.000     -5.000      0.087    118.614      0.672    -50.553
    30.000     -5.000      0.117    157.247      0.243     17.383
    35.000     -5.000      0.149    168.833      0.571   -148.627
    40.000     -5.000      0.151    161.132      0.829   -158.022
    45.000     -5.000      0.124    133.595      0.809   -161.846
    50.000     -5.000      0.124     91.250      0.396    131.170
    55.000     -5.000      0.177     62.146      0.446     74.024
    60.000     -5.000      0.200     54.517      0.361     57.950
    65.000     -5.000      0.112     65.074      0.116     65.067
    70.000     -5.000      0.000      0.000      0.000      0.000
    75.000     -5.000      0.000      0.000      0.000      0.000
    80.000     -5.000      0.000      0.000      0.000      0.000
    85.000     -5.000      0.000      0.000      0.000      0.000
    90.000     -5.000      0.000      0.000      0.000      0.000
    95.000     -5.000      0.000      0.000      0.000      0.000
   100.000     -5.000      0.000      0.000      0.000      0.000
   105.000     -5.000      0.000      0.000      0.000      0.000
   110.000     -5.000      0.000      0.000      0.000      0.000
   115.000     -5.000      0.000      0.000      0.000      0.000
   120.000     -5.000      0.000      0.000      0.000      0.000
   125.000     -5.000      0.000      0.000      0.000      0.000
   130.000     -5.000      0.000      0.000      0.000      0.000
   135.000     -5.000      0.000      0.000      0.000      0.000
   140.000     -5.000      0.000      0.000      0.000      0.000
   145.000     -5.000      0.000      0.000      0.000      0.000
   -25.000      0.000      0.000      0.000      0.000      0.000
   -20.000      0.000      0.000      0.000      0.000      0.000
   -15.000      0.000      0.000      0.000      0.000      0.000
   -10.000      0.000      0.207     44.369      1.162     63.607
    -5.000      0.000      0.324     40.966      1.229     60.219
     0.000      0.000      0.376     40.309      0.512     34.106
     5.000      0.000      0.376     41.744      0.759    -74.746
    10.000      0.000      0.306     44.665      1.407    -83.898
    15.000      0.000      0.209     52.959      1.721    -88.643
    20.000      0.000      0.113     75.270      1.985    -93.204
    25.000      0.000      0.073    137.061      1.530    -99.688
    30.000      0.000      0.117    179.446      1.290   -121.554
    35.000      0.000      0.159   -170.010      1.509   -135.682
    40.000      0.000      0.167   -167.979      1.573   -140.164
    45.000      0.000      0.119   -175.198      1.475   -143.420
    50.000      0.000      0.041    162.218      0.629   -157.029
    55.000      0.000      0.055     17.771      0.116     99.009
    60.000      0.000      0.104      1.942      0.229     -9.556
    65.000      0.000      0.032     12.700      0.033     12.877
    70.000      0.000      0.000      0.000      0.000      0.000
    75.000      0.000      0.000      0.000      0.000      0.000
    80.000      0.000      0.000      0.000      0.000      0.000
    85.000      0.000      0.000      0.000      0.000      0.000
    90.000      0.000      0.000      0.000      0.000      0.000
    95.000      0.000      0.000      0.000      0.000      0.000
   100.000      0.000      0.000      0.000      0.000      0.000
   105.000      0.000      0.000      0.000      0.000      0.000
   110.000      0.000      0.000      0.000      0.000      0.000
   115.000      0.000      0.000      0.000      0.000      0.000
   120.000      0.000      0.000      0.000      0.000      0.000
   125.000      0.000      0.000      0.000      0.000      0.000
   130.000      0.000      0.000      0.000      0.000      0.000
   135.000      0.000      0.000      0.000      0.000      0.000
   140.000      0.000      0.000      0.000      0.000      0.000
   145.000      0.000      0.000      0.000      0.000      0.000
   -25.000      5.000      0.000      0.000      0.000      0.000
   -20.000      5.000      0.000      0.000      0.000      0.000
   -15.000      5.000      0.000      0.000      0.000      0.000
   -10.000      5.000      0.153     39.954      0.432     68.445
    -5.000      5.000      0.257     33.125      0.912    -97.678
     0.000      5.000      0.295     21.905      2.651   -106.260
     5.000      5.000      0.289     10.257      4.003   -106.049
    10.000      5.000      0.241     -0.313      4.359   -101.913
    15.000      5.000      0.156    -21.583      4.350   -100.993
    20.000      5.000      0.098    -77.401      4.446   -103.357
    25.000      5.000      0.166   -127.590      3.700   -105.893
    30.000      5.000      0.258   -139.870      3.420   -116.631
    35.000      5.000      0.321   -142.691      3.083   -127.467
    40.000      5.000      0.342   -140.055      2.723   -130.481
    45.000      5.000      0.311   -135.345      2.122   -134.494
    50.000      5.000      0.261   -123.694      1.358   -131.028
    55.000      5.000      0.223   -106.447      0.796   -117.834
    60.000      5.000      0.202    -91.435      0.288    -83.317
    65.000      5.000      0.174    -94.045      0.180    -94.076
    70.000      5.000      0.000      0.000      0.000      0.000
    75.000      5.000      0.000      0.000      0.000      0.000
    80.000      5.000      0.000      0.000      0.000      0.000
    85.000      5.000      0.000      0.000      0.000      0.000
    90.000      5.000      0.000      0.000      0.000      0.000
    95.000      5.000      0.000      0.000      0.000      0.000
   100.000      5.000      0.000      0.000      0.000      0.000
   105.000      5.000      0.000      0.000      0.000      0.000
   110.000      5.000      0.000      0.000      0.000      0.000
   115.000      5.000      0.000      0.000      0.000      0.000
   120.000      5.000      0.000      0.000      0.000      0.000
   125.000      5.000      0.000      0.000      0.000      0.000
   130.000      5.000      0.000      0.000      0.000      0.000
   135.000      5.000      0.000      0.000      0.000      0.000
   140.000      5.000      0.000      0.000      0.000      0.000
   145.000      5.000      0.000      0.000      0.000      0.000
   -25.000     10.000      0.000      0.000      0.000      0.000
   -20.000     10.000      0.000      0.000      0.000      0.000
   -15.000     10.000      0.000      0.000      0.000      0.000
   -10.000     10.000      0.136     -0.219      0.730   -123.992
    -5.000     10.000      0.204     -3.937      2.392   -112.503
     0.000     10.000      0.232    -11.446      4.427   -110.940
     5.000     10.000      0.250    -24.761      6.017   -108.694
    10.000     10.000      0.268    -44.193      6.447   -105.095
    15.000     10.000      0.300    -68.575      6.218   -104.902
    20.000     10.000      0.347    -91.980      6.453   -107.483
    25.000     10.000      0.418   -111.219      5.931   -107.048
    30.000     10.000      0.502   -123.945      5.244   -111.015
    35.000     10.000      0.563   -132.501      4.520   -119.323
    40.000     10.000      0.597   -134.578      3.509   -127.547
    45.000     10.000      0.593   -130.636      2.519   -132.639
    50.000     10.000      0.562   -121.459      1.699   -129.844
    55.000     10.000      0.492   -110.997      1.250   -111.714
    60.000     10.000      0.322   -103.248      0.524   -107.265
    65.000     10.000      0.067   -116.256      0.068   -116.512
    70.000     10.000      0.000      0.000      0.000      0.000
    75.000     10.000      0.000      0.000      0.000      0.000
    80.000     10.000      0.000      0.000      0.000      0.000
    85.000     10.000      0.000      0.000      0.000      0.000
    90.000     10.000      0.000      0.000      0.000      0.000
    95.000     10.000      0.000      0.000      0.000      0.000
   100.000     10.000      0.000      0.000      0.000      0.000
   105.000     10.000      0.000      0.000      0.000      0.000
   110.000     10.000      0.000      0.000      0.000      0.000
   115.000     10.000      0.000      0.000      0.000      0.000
   120.000     10.000      0.000      0.000      0.000      0.000
   125.000     10.000      0.000      0.000      0.000      0.000
   130.000     10.000      0.000      0.000      0.000      0.000
   135.000     10.000      0.000      0.000      0.000      0.000
   140.000     10.000      0.000      0.000      0.000      0.000
   145.000     10.000      0.000      0.000      0.000      0.000
   -25.000     15.000      0.000      0.000      0.000      0.000
   -20.000     15.000      0.000      0.000      0.000      0.000
   -15.000     15.000      0.000      0.000      0.000      0.000
   -10.000     15.000      0.154    -54.431      1.667   -128.073
    -5.000     15.000      0.258    -53.874      3.112   -118.482
     0.000     15.000      0.322    -56.058      5.073   -113.745
     5.000     15.000      0.365    -62.731      6.875   -109.225
    10.000     15.000      0.399    -74.883      7.828   -105.499
    15.000     15.000      0.438    -89.949      7.829   -107.232
    20.000     15.000      0.520   -103.611      7.790   -108.193
    25.000     15.000      0.601   -113.461      7.121   -108.501
    30.000     15.000      0.673   -120.459      6.245   -109.771
    35.000     15.000      0.744   -124.907      5.280   -118.903
    40.000     15.000      0.787   -128.072      4.028   -128.628
    45.000     15.000      0.819   -127.332      2.901   -136.023
    50.000     15.000      0.807   -121.808      1.816   -130.730
    55.000     15.000      0.726   -112.258      1.536   -113.255
    60.000     15.000      0.536   -101.240      0.793   -102.736
    65.000     15.000      0.139    -80.983      0.144    -81.019
    70.000     15.000      0.000      0.000      0.000      0.000
    75.000     15.000      0.000      0.000      0.000      0.000
    80.000     15.000      0.000      0.000      0.000      0.000
    85.000     15.000      0.000      0.000      0.000      0.000
    90.000     15.000      0.000      0.000      0.000      0.000
    95.000     15.000      0.000      0.000      0.000      0.000
   100.000     15.000      0.000      0.000      0.000      0.000
   105.000     15.000      0.000      0.000      0.000      0.000
   110.000     15.000      0.000      0.000      0.000      0.000
   115.000     15.000      0.000      0.000      0.000      0.000
   120.000     15.000      0.000      0.000      0.000      0.000
   125.000     15.000      0.000      0.000      0.000      0.000
   130.000     15.000      0.000      0.000      0.000      0.000
   135.000     15.000      0.000      0.000      0.000      0.000
   140.000     15.000      0.000      0.000      0.000      0.000
   145.000     15.000      0.000      0.000      0.000      0.000
   -25.000     20.000      0.000      0.000      0.000      0.000
   -20.000     20.000      0.000      0.000      0.000      0.000
   -15.000     20.000      0.000      0.000      0.000      0.000
   -10.000     20.000      0.149    -88.259      1.542   -126.340
    -5.000     20.000      0.276    -84.508      3.258   -116.615
     0.000     20.000      0.391    -84.189      5.130   -109.676
     5.000     20.000      0.482    -86.575      6.920   -107.108
    10.000     20.000      0.556    -91.863      8.161   -107.320
    15.000     20.000      0.606    -98.727      8.441   -108.352
    20.000     20.000      0.673   -107.034      8.154   -108.568
    25.000     20.000      0.741   -115.002      7.178   -110.724
    30.000     20.000      0.826   -121.534      6.331   -113.156
    35.000     20.000      0.902   -125.524      5.272   -120.372
    40.000     20.000      0.942   -127.250      3.830   -129.786
    45.000     20.000      0.941   -126.866      2.770   -135.434
    50.000     20.000      0.888   -123.833      1.954   -134.002
    55.000     20.000      0.727   -117.334      1.439   -122.649
    60.000     20.000      0.411   -103.799      0.569   -102.542
    65.000     20.000      0.021    -85.377      0.021    -85.377
    70.000     20.000      0.000      0.000      0.000      0.000
    75.000     20.000      0.000      0.000      0.000      0.000
    80.000     20.000      0.000      0.000      0.000      0.000
    85.000     20.000      0.000      0.000      0.000      0.000
    90.000     20.000      0.000      0.000      0.000      0.000
    95.000     20.000      0.000      0.000      0.000      0.000
   100.000     20.000      0.000      0.000      0.000      0.000
   105.000     20.000      0.000      0.000      0.000      0.000
   110.000     20.000      0.000      0.000      0.000      0.000
   115.000     20.000      0.000      0.000      0.000      0.000
   120.000     20.000      0.000      0.000      0.000      0.000
   125.000     20.000      0.000      0.000      0.000      0.000
   130.000     20.000      0.000      0.000      0.000      0.000
   135.000     20.000      0.000      0.000      0.000      0.000
   140.000     20.000      0.000      0.000      0.000      0.000
   145.000     20.000      0.000      0.000      0.000      0.000
   -25.000     25.000      0.000      0.000      0.000      0.000
   -20.000     25.000      0.000      0.000      0.000      0.000
   -15.000     25.000      0.000      0.000      0.000      0.000
   -10.000     25.000      0.146   -131.403      0.969   -120.474
    -5.000     25.000      0.285   -119.277      2.338   -113.074
     0.000     25.000      0.424   -110.758      4.075   -107.654
     5.000     25.000      0.562   -106.219      5.964   -106.600
    10.000     25.000      0.675   -105.203      7.404   -107.931
    15.000     25.000      0.770   -106.979      7.742   -109.290
    20.000     25.000      0.840   -111.022      7.394   -109.892
    25.000     25.000      0.889   -115.845      6.520   -114.322
    30.000     25.000      0.925   -121.038      5.711   -118.917
    35.000     25.000      0.953   -126.029      4.614   -122.343
    40.000     25.000      0.959   -130.321      3.401   -129.221
    45.000     25.000      0.923   -133.088      2.567   -135.928
    50.000     25.000      0.836   -132.712      1.888   -135.999
    55.000     25.000      0.645   -127.378      1.203   -126.416
    60.000     25.000      0.237   -109.759      0.244   -109.726
    65.000     25.000      0.018   -102.480      0.018   -102.480
    70.000     25.000      0.000      0.000      0.000      0.000
    75.000     25.000      0.000      0.000      0.000      0.000
    80.000     25.000      0.000      0.000      0.000      0.000
    85.000     25.000      0.000      0.000      0.000      0.000
    90.000     25.000      0.000      0.000      0.000      0.000
    95.000     25.000      0.000      0.000      0.000      0.000
   100.000     25.000      0.000      0.000      0.000      0.000
   105.000     25.000      0.000      0.000      0.000      0.000
   110.000     25.000      0.000      0.000      0.000      0.000
   115.000     25.000      0.000      0.000      0.000      0.000
   120.000     25.000      0.000      0.000      0.000      0.000
   125.000     25.000      0.000      0.000      0.000      0.000
   130.000     25.000      0.000      0.000      0.000      0.000
   135.000     25.000      0.000      0.000      0.000      0.000
   140.000     25.000      0.000      0.000      0.000      0.000
   145.000     25.000      0.000      0.000      0.000      0.000
   -25.000     30.000      0.000      0.000      0.000      0.000
   -20.000     30.000      0.000      0.000      0.000      0.000
   -15.000     30.000      0.000      0.000      0.000      0.000
   -10.000     30.000      0.195   -137.506      0.955   -118.412
    -5.000     30.000      0.335   -134.161      2.184   -112.516
     0.000     30.000      0.451   -127.857      3.642   -107.883
     5.000     30.000      0.549   -121.591      5.079   -106.738
    10.000     30.000      0.638   -117.071      6.057   -108.625
    15.000     30.000      0.743   -115.898      6.360   -110.972
    20.000     30.000      0.842   -117.686      5.872   -112.484
    25.000     30.000      0.917   -120.747      5.239   -118.628
    30.000     30.000      0.944   -124.885      4.659   -123.714
    35.000     30.000      0.938   -129.247      3.595   -126.521
    40.000     30.000      0.883   -133.535      2.632   -131.162
    45.000     30.000      0.786   -136.445      2.068   -136.916
    50.000     30.000      0.663   -137.281      1.262   -136.424
    55.000     30.000      0.495   -135.711      0.685   -134.722
    60.000     30.000      0.182   -136.982      0.187   -137.040
    65.000     30.000      0.000      0.000      0.000      0.000
    70.000     30.000      0.000      0.000      0.000      0.000
    75.000     30.000      0.000      0.000      0.000      0.000
    80.000     30.000      0.000      0.000      0.000      0.000
    85.000     30.000      0.000      0.000      0.000      0.000
    90.000     30.000      0.000      0.000      0.000      0.000
    95.000     30.000      0.000      0.000      0.000      0.000
   100.000     30.000      0.000      0.000      0.000      0.000
   105.000     30.000      0.000      0.000      0.000      0.000
   110.000     30.000      0.000      0.000      0.000      0.000
   115.000     30.000      0.000      0.000      0.000      0.000
   120.000     30.000      0.000      0.000      0.000      0.000
   125.000     30.000      0.000      0.000      0.000      0.000
   130.000     30.000      0.000      0.000      0.000      0.000
   135.000     30.000      0.000      0.000      0.000      0.000
   140.000     30.000      0.000      0.000      0.000      0.000
   145.000     30.000      0.000      0.000      0.000      0.000
   -25.000     35.000      0.000      0.000      0.000      0.000
   -20.000     35.000      0.000      0.000      0.000      0.000
   -15.000     35.000      0.000      0.000      0.000      0.000
   -10.000     35.000      0.182   -130.661      0.770   -127.220
    -5.000     35.000      0.302   -131.015      1.803   -119.109
     0.000     35.000      0.411   -129.676      2.950   -111.938
     5.000     35.000      0.523   -127.258      3.996   -109.767
    10.000     35.000      0.619   -126.347      4.638   -110.716
    15.000     35.000      0.704   -127.241      4.527   -113.070
    20.000     35.000      0.763   -128.831      4.047   -117.730
    25.000     35.000      0.780   -131.460      3.817   -125.106
    30.000     35.000      0.763   -135.011      3.433   -131.699
    35.000     35.000      0.716   -139.282      2.493   -133.902
    40.000     35.000      0.620   -143.729      1.682   -135.696
    45.000     35.000      0.506   -145.480      1.139   -141.278
    50.000     35.000      0.393   -144.528      0.562   -138.455
    55.000     35.000      0.249   -150.979      0.283   -159.897
    60.000     35.000      0.029   -124.533      0.029   -124.533
    65.000     35.000      0.000      0.000      0.000      0.000
    70.000     35.000      0.000      0.000      0.000      0.000
    75.000     35.000      0.000      0.000      0.000      0.000
    80.000     35.000      0.000      0.000      0.000      0.000
    85.000     35.000      0.000      0.000      0.000      0.000
    90.000     35.000      0.000      0.000      0.000      0.000
    95.000     35.000      0.000      0.000      0.000      0.000
   100.000     35.000      0.000      0.000      0.000      0.000
   105.000     35.000      0.000      0.000      0.000      0.000
   110.000     35.000      0.000      0.000      0.000      0.000
   115.000     35.000      0.000      0.000      0.000      0.000
   120.000     35.000      0.000      0.000      0.000      0.000
   125.000     35.000      0.000      0.000      0.000      0.000
   130.000     35.000      0.000      0.000      0.000      0.000
   135.000     35.000      0.000      0.000      0.000      0.000
   140.000     35.000      0.000      0.000      0.000      0.000
   145.000     35.000      0.000      0.000      0.000      0.000
   -25.000     40.000      0.000      0.000      0.000      0.000
   -20.000     40.000      0.000      0.000      0.000      0.000
   -15.000     40.000      0.000      0.000      0.000      0.000
   -10.000     40.000      0.093   -144.513      0.734   -143.444
    -5.000     40.000      0.234   -137.962      1.528   -134.176
     0.000     40.000      0.369   -136.814      2.237   -127.930
     5.000     40.000      0.473   -136.339      2.744   -123.164
    10.000     40.000      0.551   -136.028      2.938   -120.118
    15.000     40.000      0.604   -136.206      2.728   -121.168
    20.000     40.000      0.626   -137.862      2.559   -121.479
    25.000     40.000      0.618   -141.360      2.442   -131.509
    30.000     40.000      0.572   -146.298      2.169   -143.591
    35.000     40.000      0.485   -151.793      1.523   -148.778
    40.000     40.000      0.352   -158.637      0.852   -147.972
    45.000     40.000      0.228   -160.550      0.332   -162.194
    50.000     40.000      0.170   -152.557      0.214   -145.640
    55.000     40.000      0.094   -162.056      0.096   -162.160
    60.000     40.000      0.000      0.000      0.000      0.000
    65.000     40.000      0.000      0.000      0.000      0.000
    70.000     40.000      0.000      0.000      0.000      0.000
    75.000     40.000      0.000      0.000      0.000      0.000
    80.000     40.000      0.000      0.000      0.000      0.000
    85.000     40.000      0.000      0.000      0.000      0.000
    90.000     40.000      0.000      0.000      0.000      0.000
    95.000     40.000      0.000      0.000      0.000      0.000
   100.000     40.000      0.000      0.000      0.000      0.000
   105.000     40.000      0.000      0.000      0.000      0.000
   110.000     40.000      0.000      0.000      0.000      0.000
   115.000     40.000      0.000      0.000      0.000      0.000
   120.000     40.000      0.000      0.000      0.000      0.000
   125.000     40.000      0.000      0.000      0.000      0.000
   130.000     40.000      0.000      0.000      0.000      0.000
   135.000     40.000      0.000      0.000      0.000      0.000
   140.000     40.000      0.000      0.000      0.000      0.000
   145.000     40.000      0.000      0.000      0.000      0.000
   -25.000     45.000      0.000      0.000      0.000      0.000
   -20.000     45.000      0.000      0.000      0.000      0.000
   -15.000     45.000      0.000      0.000      0.000      0.000
   -10.000     45.000      0.113   -148.211      0.596   -156.776
    -5.000     45.000      0.203   -149.668      0.988   -152.549
     0.000     45.000      0.282   -149.468      1.404   -146.133
     5.000     45.000      0.338   -147.370      1.676   -140.120
    10.000     45.000      0.379   -145.756      1.681   -133.895
    15.000     45.000      0.405   -146.147      1.547   -128.832
    20.000     45.000      0.409   -147.575      1.486   -125.831
    25.000     45.000      0.395   -150.885      1.288   -139.782
    30.000     45.000      0.360   -155.318      1.063   -154.895
    35.000     45.000      0.294   -158.487      0.844   -165.924
    40.000     45.000      0.182   -173.902      0.329    165.563
    45.000     45.000      0.084   -176.410      0.094    179.127
    50.000     45.000      0.077    176.536      0.079    176.377
    55.000     45.000      0.016   -120.075      0.016   -120.075
    60.000     45.000      0.000      0.000      0.000      0.000
    65.000     45.000      0.000      0.000      0.000      0.000
    70.000     45.000      0.000      0.000      0.000      0.000
    75.000     45.000      0.000      0.000      0.000      0.000
    80.000     45.000      0.000      0.000      0.000      0.000
    85.000     45.000      0.000      0.000      0.000      0.000
    90.000     45.000      0.000      0.000      0.000      0.000
    95.000     45.000      0.000      0.000      0.000      0.000
   100.000     45.000      0.000      0.000      0.000      0.000
   105.000     45.000      0.000      0.000      0.000      0.000
   110.000     45.000      0.000      0.000      0.000      0.000
   115.000     45.000      0.000      0.000      0.000      0.000
   120.000     45.000      0.000      0.000      0.000      0.000
   125.000     45.000      0.000      0.000      0.000      0.000
   130.000     45.000      0.000      0.000      0.000      0.000
   135.000     45.000      0.000      0.000      0.000      0.000
   140.000     45.000      0.000      0.000      0.000      0.000
   145.000     45.000      0.000      0.000      0.000      0.000
   -25.000     50.000      0.000      0.000      0.000      0.000
   -20.000     50.000      0.000      0.000      0.000      0.000
   -15.000     50.000      0.000      0.000      0.000      0.000
   -10.000     50.000      0.072   -143.044      0.362   -144.577
    -5.000     50.000      0.128   -149.581      0.584   -147.973
     0.000     50.000      0.171   -154.500      0.831   -149.002
     5.000     50.000      0.190   -155.565      0.955   -148.649
    10.000     50.000      0.193   -153.101      0.858   -142.145
    15.000     50.000      0.183   -152.009      0.687   -131.989
    20.000     50.000      0.175   -159.022      0.649   -131.578
    25.000     50.000      0.177   -168.778      0.470   -146.352
    30.000     50.000      0.181   -174.534      0.415    175.025
    35.000     50.000      0.161   -172.971      0.362   -153.440
    40.000     50.000      0.100    161.508      0.157    157.803
    45.000     50.000      0.013    -64.610      0.014    -63.867
    50.000     50.000      0.003    148.160      0.003    148.160
    55.000     50.000      0.000      0.000      0.000      0.000
    60.000     50.000      0.000      0.000      0.000      0.000
    65.000     50.000      0.000      0.000      0.000      0.000
    70.000     50.000      0.000      0.000      0.000      0.000
    75.000     50.000      0.000      0.000      0.000      0.000
    80.000     50.000      0.000      0.000      0.000      0.000
    85.000     50.000      0.000      0.000      0.000      0.000
    90.000     50.000      0.000      0.000      0.000      0.000
    95.000     50.000      0.000      0.000      0.000      0.000
   100.000     50.000      0.000      0.000      0.000      0.000
   105.000     50.000      0.000      0.000      0.000      0.000
   110.000     50.000      0.000      0.000      0.000      0.000
   115.000     50.000      0.000      0.000      0.000      0.000
   120.000     50.000      0.000      0.000      0.000      0.000
   125.000     50.000      0.000      0.000      0.000      0.000
   130.000     50.000      0.000      0.000      0.000      0.000
   135.000     50.000      0.000      0.000      0.000      0.000
   140.000     50.000      0.000      0.000      0.000      0.000
   145.000     50.000      0.000      0.000      0.000      0.000
   -25.000     55.000      0.000      0.000      0.000      0.000
   -20.000     55.000      0.000      0.000      0.000      0.000
   -15.000     55.000      0.000      0.000      0.000      0.000
   -10.000     55.000      0.000      0.000      0.000      0.000
    -5.000     55.000      0.000      0.000      0.000      0.000
     0.000     55.000      0.000      0.000      0.000      0.000
     5.000     55.000      0.000      0.000      0.000      0.000
    10.000     55.000      0.000      0.000      0.000      0.000
    15.000     55.000      0.000      0.000      0.000      0.000
    20.000     55.000      0.000      0.000      0.000      0.000
    25.000     55.000      0.000      0.000      0.000      0.000
    30.000     55.000      0.000      0.000      0.000      0.000
    35.000     55.000      0.000      0.000      0.000      0.000
    40.000     55.000      0.000      0.000      0.000      0.000
    45.000     55.000      0.000      0.000      0.000      0.000
    50.000     55.000      0.000      0.000      0.000      0.000
    55.000     55.000      0.000      0.000      0.000      0.000
    60.000     55.000      0.000      0.000      0.000      0.000
    65.000     55.000      0.000      0.000      0.000      0.000
    70.000     55.000      0.000      0.000      0.000      0.000
    75.000     55.000      0.000      0.000      0.000      0.000
    80.000     55.000      0.000      0.000      0.000      0.000
    85.000     55.000      0.000      0.000      0.000      0.000
    90.000     55.000      0.000      0.000      0.000      0.000
    95.000     55.000      0.000      0.000      0.000      0.000
   100.000     55.000      0.000      0.000      0.000      0.000
   105.000     55.000      0.000      0.000      0.000      0.000
   110.000     55.000      0.000      0.000      0.000      0.000
   115.000     55.000      0.000      0.000      0.000      0.000
   120.000     55.000      0.000      0.000      0.000      0.000
   125.000     55.000      0.000      0.000      0.000      0.000
   130.000     55.000      0.000      0.000      0.000      0.000
   135.000     55.000      0.000      0.000      0.000      0.000
   140.000     55.000      0.000      0.000      0.000      0.000
   145.000     55.000      0.000      0.000      0.000      0.000
   -25.000     60.000      0.000      0.000      0.000      0.000
   -20.000     60.000      0.000      0.000      0.000      0.000
   -15.000     60.000      0.000      0.000      0.000      0.000
   -10.000     60.000      0.000      0.000      0.000      0.000
    -5.000     60.000      0.000      0.000      0.000      0.000
     0.000     60.000      0.000      0.000      0.000      0.000
     5.000     60.000      0.000      0.000      0.000      0.000
    10.000     60.000      0.000      0.000      0.000      0.000
    15.000     60.000      0.000      0.000      0.000      0.000
    20.000     60.000      0.000      0.000      0.000      0.000
    25.000     60.000      0.000      0.000      0.000      0.000
    30.000     60.000      0.000      0.000      0.000      0.000
    35.000     60.000      0.000      0.000      0.000      0.000
    40.000     60.000      0.000      0.000      0.000      0.000
    45.000     60.000      0.000      0.000      0.000      0.000
    50.000     60.000      0.000      0.000      0.000      0.000
    55.000     60.000      0.000      0.000      0.000      0.000
    60.000     60.000      0.000      0.000      0.000      0.000
    65.000     60.000      0.000      0.000      0.000      0.000
    70.000     60.000      0.000      0.000      0.000      0.000
    75.000     60.000      0.000      0.000      0.000      0.000
    80.000     60.000      0.000      0.000      0.000      0.000
    85.000     60.000      0.000      0.000      0.000      0.000
    90.000     60.000      0.000      0.000      0.000      0.000
    95.000     60.000      0.000      0.000      0.000      0.000
   100.000     60.000      0.000      0.000      0.000      0.000
   105.000     60.000      0.000      0.000      0.000      0.000
   110.000     60.000      0.000      0.000      0.000      0.000
   115.000     60.000      0.000      0.000      0.000      0.000
   120.000     60.000      0.000      0.000      0.000      0.000
   125.000     60.000      0.000      0.000      0.000      0.000
   130.000     60.000      0.000      0.000      0.000      0.000
   135.000     60.000      0.000      0.000      0.000      0.000
   140.000     60.000      0.000      0.000      0.000      0.000
   145.000     60.000      0.000      0.000      0.000      0.000
   -25.000     65.000      0.000      0.000      0.000      0.000
   -20.000     65.000      0.000      0.000      0.000      0.000
   -15.000     65.000      0.000      0.000      0.000      0.000
   -10.000     65.000      0.000      0.000      0.000      0.000
    -5.000     65.000      0.000      0.000      0.000      0.000
     0.000     65.000      0.000      0.000      0.000      0.000
     5.000     65.000      0.000      0.000      0.000      0.000
    10.000     65.000      0.000      0.000      0.000      0.000
    15.000     65.000      0.000      0.000      0.000      0.000
    20.000     65.000      0.000      0.000      0.000      0.000
    25.000     65.000      0.000      0.000      0.000      0.000
    30.000     65.000      0.000      0.000      0.000      0.000
    35.000     65.000      0.000      0.000      0.000      0.000
    40.000     65.000      0.000      0.000      0.000      0.000
    45.000     65.000      0.000      0.000      0.000      0.000
    50.000     65.000      0.000      0.000      0.000      0.000
    55.000     65.000      0.000      0.000      0.000      0.000
    60.000     65.000      0.000      0.000      0.000      0.000
    65.000     65.000      0.000      0.000      0.000      0.000
    70.000     65.000      0.000      0.000      0.000      0.000
    75.000     65.000      0.000      0.000      0.000      0.000
    80.000     65.000      0.000      0.000      0.000      0.000
    85.000     65.000      0.000      0.000      0.000      0.000
    90.000     65.000      0.000      0.000      0.000      0.000
    95.000     65.000      0.000      0.000      0.000      0.000
   100.000     65.000      0.000      0.000      0.000      0.000
   105.000     65.000      0.000      0.000      0.000      0.000
   110.000     65.000      0.000      0.000      0.000      0.000
   115.000     65.000      0.000      0.000      0.000      0.000
   120.000     65.000      0.000      0.000      0.000      0.000
   125.000     65.000      0.000      0.000      0.000      0.000
   130.000     65.000      0.000      0.000      0.000      0.000
   135.000     65.000      0.000      0.000      0.000      0.000
   140.000     65.000      0.000      0.000      0.000      0.000
   145.000     65.000      0.000      0.000      0.000      0.000
