   -25.000    -25.000      0.000      0.000      0.000      0.000
   -20.000    -25.000      0.000      0.000      0.000      0.000
   -15.000    -25.000      0.000      0.000      0.000      0.000
   -10.000    -25.000      0.000      0.000      0.000      0.000
    -5.000    -25.000      0.000      0.000      0.000      0.000
     0.000    -25.000      0.000      0.000      0.000      0.000
     5.000    -25.000      0.000      0.000      0.000      0.000
    10.000    -25.000      0.000      0.000      0.000      0.000
    15.000    -25.000      0.000      0.000      0.000      0.000
    20.000    -25.000      0.000      0.000      0.000      0.000
    25.000    -25.000      0.000      0.000      0.000      0.000
    30.000    -25.000      0.000      0.000      0.000      0.000
    35.000    -25.000      0.000      0.000      0.000      0.000
    40.000    -25.000      0.000      0.000      0.000      0.000
    45.000    -25.000      0.000      0.000      0.000      0.000
    50.000    -25.000      0.000      0.000      0.000      0.000
    55.000    -25.000      0.000      0.000      0.000      0.000
    60.000    -25.000      0.000      0.000      0.000      0.000
    65.000    -25.000      0.000      0.000      0.000      0.000
    70.000    -25.000      0.000      0.000      0.000      0.000
    75.000    -25.000      0.000      0.000      0.000      0.000
    80.000    -25.000      0.000      0.000      0.000      0.000
    85.000    -25.000      0.000      0.000      0.000      0.000
    90.000    -25.000      0.000      0.000      0.000      0.000
    95.000    -25.000      0.000      0.000      0.000      0.000
   100.000    -25.000      0.000      0.000      0.000      0.000
   105.000    -25.000      0.000      0.000      0.000      0.000
   110.000    -25.000      0.000      0.000      0.000      0.000
   115.000    -25.000      0.000      0.000      0.000      0.000
   120.000    -25.000      0.000      0.000      0.000      0.000
   125.000    -25.000      0.000      0.000      0.000      0.000
   130.000    -25.000      0.000      0.000      0.000      0.000
   135.000    -25.000      0.000      0.000      0.000      0.000
   140.000    -25.000      0.000      0.000      0.000      0.000
   145.000    -25.000      0.000      0.000      0.000      0.000
   -25.000    -20.000      0.000      0.000      0.000      0.000
   -20.000    -20.000      0.000      0.000      0.000      0.000
   -15.000    -20.000      0.000      0.000      0.000      0.000
   -10.000    -20.000      0.000      0.000      0.000      0.000
    -5.000    -20.000      0.000      0.000      0.000      0.000
     0.000    -20.000      0.000      0.000      0.000      0.000
     5.000    -20.000      0.000      0.000      0.000      0.000
    10.000    -20.000      0.000      0.000      0.000      0.000
    15.000    -20.000      0.000      0.000      0.000      0.000
    20.000    -20.000      0.000      0.000      0.000      0.000
    25.000    -20.000      0.000      0.000      0.000      0.000
    30.000    -20.000      0.000      0.000      0.000      0.000
    35.000    -20.000      0.000      0.000      0.000      0.000
    40.000    -20.000      0.000      0.000      0.000      0.000
    45.000    -20.000      0.000      0.000      0.000      0.000
    50.000    -20.000      0.000      0.000      0.000      0.000
    55.000    -20.000      0.000      0.000      0.000      0.000
    60.000    -20.000      0.000      0.000      0.000      0.000
    65.000    -20.000      0.000      0.000      0.000      0.000
    70.000    -20.000      0.000      0.000      0.000      0.000
    75.000    -20.000      0.000      0.000      0.000      0.000
    80.000    -20.000      0.000      0.000      0.000      0.000
    85.000    -20.000      0.000      0.000      0.000      0.000
    90.000    -20.000      0.000      0.000      0.000      0.000
    95.000    -20.000      0.000      0.000      0.000      0.000
   100.000    -20.000      0.000      0.000      0.000      0.000
   105.000    -20.000      0.000      0.000      0.000      0.000
   110.000    -20.000      0.000      0.000      0.000      0.000
   115.000    -20.000      0.000      0.000      0.000      0.000
   120.000    -20.000      0.000      0.000      0.000      0.000
   125.000    -20.000      0.000      0.000      0.000      0.000
   130.000    -20.000      0.000      0.000      0.000      0.000
   135.000    -20.000      0.000      0.000      0.000      0.000
   140.000    -20.000      0.000      0.000      0.000      0.000
   145.000    -20.000      0.000      0.000      0.000      0.000
   -25.000    -15.000      0.000      0.000      0.000      0.000
   -20.000    -15.000      0.000      0.000      0.000      0.000
   -15.000    -15.000      0.000      0.000      0.000      0.000
   -10.000    -15.000      0.000      0.000      0.000      0.000
    -5.000    -15.000      0.000      0.000      0.000      0.000
     0.000    -15.000      0.000      0.000      0.000      0.000
     5.000    -15.000      0.000      0.000      0.000      0.000
    10.000    -15.000      0.000      0.000      0.000      0.000
    15.000    -15.000      0.000      0.000      0.000      0.000
    20.000    -15.000      0.000      0.000      0.000      0.000
    25.000    -15.000      0.000      0.000      0.000      0.000
    30.000    -15.000      0.000      0.000      0.000      0.000
    35.000    -15.000      0.000      0.000      0.000      0.000
    40.000    -15.000      0.000      0.000      0.000      0.000
    45.000    -15.000      0.000      0.000      0.000      0.000
    50.000    -15.000      0.000      0.000      0.000      0.000
    55.000    -15.000      0.000      0.000      0.000      0.000
    60.000    -15.000      0.000      0.000      0.000      0.000
    65.000    -15.000      0.000      0.000      0.000      0.000
    70.000    -15.000      0.000      0.000      0.000      0.000
    75.000    -15.000      0.000      0.000      0.000      0.000
    80.000    -15.000      0.000      0.000      0.000      0.000
    85.000    -15.000      0.000      0.000      0.000      0.000
    90.000    -15.000      0.000      0.000      0.000      0.000
    95.000    -15.000      0.000      0.000      0.000      0.000
   100.000    -15.000      0.000      0.000      0.000      0.000
   105.000    -15.000      0.000      0.000      0.000      0.000
   110.000    -15.000      0.000      0.000      0.000      0.000
   115.000    -15.000      0.000      0.000      0.000      0.000
   120.000    -15.000      0.000      0.000      0.000      0.000
   125.000    -15.000      0.000      0.000      0.000      0.000
   130.000    -15.000      0.000      0.000      0.000      0.000
   135.000    -15.000      0.000      0.000      0.000      0.000
   140.000    -15.000      0.000      0.000      0.000      0.000
   145.000    -15.000      0.000      0.000      0.000      0.000
   -25.000    -10.000      0.000      0.000      0.000      0.000
   -20.000    -10.000      0.000      0.000      0.000      0.000
   -15.000    -10.000      0.000      0.000      0.000      0.000
   -10.000    -10.000      0.130     55.686      1.327     66.421
    -5.000    -10.000      0.214     58.251      1.816     63.712
     0.000    -10.000      0.266     59.803      1.773     60.322
     5.000    -10.000      0.271     59.806      1.490     54.860
    10.000    -10.000      0.265     60.542      1.145     44.351
    15.000    -10.000      0.222     62.704      0.539     24.189
    20.000    -10.000      0.178     67.808      0.537      8.365
    25.000    -10.000      0.136     74.459      0.556      1.913
    30.000    -10.000      0.105     80.725      0.712     57.569
    35.000    -10.000      0.078    102.537      0.400    111.143
    40.000    -10.000      0.079    123.259      0.672    149.247
    45.000    -10.000      0.089    127.947      0.541    155.011
    50.000    -10.000      0.086    118.624      0.340    124.985
    55.000    -10.000      0.076    105.869      0.359     67.300
    60.000    -10.000      0.029     94.606      0.231     64.874
    65.000    -10.000      0.071    -90.843      0.152    -72.010
    70.000    -10.000      0.026   -125.735      0.026   -125.735
    75.000    -10.000      0.000      0.000      0.000      0.000
    80.000    -10.000      0.000      0.000      0.000      0.000
    85.000    -10.000      0.000      0.000      0.000      0.000
    90.000    -10.000      0.000      0.000      0.000      0.000
    95.000    -10.000      0.000      0.000      0.000      0.000
   100.000    -10.000      0.000      0.000      0.000      0.000
   105.000    -10.000      0.000      0.000      0.000      0.000
   110.000    -10.000      0.000      0.000      0.000      0.000
   115.000    -10.000      0.000      0.000      0.000      0.000
   120.000    -10.000      0.000      0.000      0.000      0.000
   125.000    -10.000      0.000      0.000      0.000      0.000
   130.000    -10.000      0.000      0.000      0.000      0.000
   135.000    -10.000      0.000      0.000      0.000      0.000
   140.000    -10.000      0.000      0.000      0.000      0.000
   145.000    -10.000      0.000      0.000      0.000      0.000
   -25.000     -5.000      0.000      0.000      0.000      0.000
   -20.000     -5.000      0.000      0.000      0.000      0.000
   -15.000     -5.000      0.000      0.000      0.000      0.000
   -10.000     -5.000      0.192     59.779      1.654     70.535
    -5.000     -5.000      0.332     54.463      2.647     66.408
     0.000     -5.000      0.412     52.597      2.618     63.767
     5.000     -5.000      0.419     51.354      1.949     54.442
    10.000     -5.000      0.388     51.094      1.318     28.356
    15.000     -5.000      0.322     54.059      0.683    -14.727
    20.000     -5.000      0.240     62.741      0.744    -38.321
    25.000     -5.000      0.152     82.057      0.580    -39.410
    30.000     -5.000      0.101    125.191      0.233     41.779
    35.000     -5.000      0.114    163.868      0.653   -156.023
    40.000     -5.000      0.124    175.740      0.941   -161.353
    45.000     -5.000      0.106    176.438      0.909   -164.321
    50.000     -5.000      0.058    159.930      0.448    134.737
    55.000     -5.000      0.023     95.833      0.467     75.058
    60.000     -5.000      0.029     45.294      0.389     57.015
    65.000     -5.000      0.008     69.633      0.124     65.355
    70.000     -5.000      0.025   -113.813      0.025   -113.813
    75.000     -5.000      0.000      0.000      0.000      0.000
    80.000     -5.000      0.000      0.000      0.000      0.000
    85.000     -5.000      0.000      0.000      0.000      0.000
    90.000     -5.000      0.000      0.000      0.000      0.000
    95.000     -5.000      0.000      0.000      0.000      0.000
   100.000     -5.000      0.000      0.000      0.000      0.000
   105.000     -5.000      0.000      0.000      0.000      0.000
   110.000     -5.000      0.000      0.000      0.000      0.000
   115.000     -5.000      0.000      0.000      0.000      0.000
   120.000     -5.000      0.000      0.000      0.000      0.000
   125.000     -5.000      0.000      0.000      0.000      0.000
   130.000     -5.000      0.000      0.000      0.000      0.000
   135.000     -5.000      0.000      0.000      0.000      0.000
   140.000     -5.000      0.000      0.000      0.000      0.000
   145.000     -5.000      0.000      0.000      0.000      0.000
   -25.000      0.000      0.000      0.000      0.000      0.000
   -20.000      0.000      0.000      0.000      0.000      0.000
   -15.000      0.000      0.000      0.000      0.000      0.000
   -10.000      0.000      0.160     34.246      1.304     60.165
    -5.000      0.000      0.340     40.724      1.553     56.036
     0.000      0.000      0.431     42.014      0.941     37.722
     5.000      0.000      0.446     43.582      0.674    -39.107
    10.000      0.000      0.385     44.625      1.205    -69.409
    15.000      0.000      0.290     49.105      1.519    -81.261
    20.000      0.000      0.164     60.807      1.839    -90.962
    25.000      0.000      0.074    117.329      1.472   -101.425
    30.000      0.000      0.131   -177.657      1.367   -126.118
    35.000      0.000      0.194   -158.115      1.689   -138.188
    40.000      0.000      0.212   -148.192      1.783   -141.115
    45.000      0.000      0.194   -134.931      1.668   -142.436
    50.000      0.000      0.165   -115.470      0.760   -148.728
    55.000      0.000      0.138    -91.303      0.032   -132.043
    60.000      0.000      0.107    -68.496      0.298    -27.452
    65.000      0.000      0.060    -59.948      0.077    -35.585
    70.000      0.000      0.015   -110.285      0.015   -110.285
    75.000      0.000      0.000      0.000      0.000      0.000
    80.000      0.000      0.000      0.000      0.000      0.000
    85.000      0.000      0.000      0.000      0.000      0.000
    90.000      0.000      0.000      0.000      0.000      0.000
    95.000      0.000      0.000      0.000      0.000      0.000
   100.000      0.000      0.000      0.000      0.000      0.000
   105.000      0.000      0.000      0.000      0.000      0.000
   110.000      0.000      0.000      0.000      0.000      0.000
   115.000      0.000      0.000      0.000      0.000      0.000
   120.000      0.000      0.000      0.000      0.000      0.000
   125.000      0.000      0.000      0.000      0.000      0.000
   130.000      0.000      0.000      0.000      0.000      0.000
   135.000      0.000      0.000      0.000      0.000      0.000
   140.000      0.000      0.000      0.000      0.000      0.000
   145.000      0.000      0.000      0.000      0.000      0.000
   -25.000      5.000      0.000      0.000      0.000      0.000
   -20.000      5.000      0.000      0.000      0.000      0.000
   -15.000      5.000      0.000      0.000      0.000      0.000
   -10.000      5.000      0.177     11.069      0.548     52.676
    -5.000      5.000      0.300     20.294      0.815    -78.686
     0.000      5.000      0.358     26.404      2.423   -100.025
     5.000      5.000      0.346     30.855      3.758   -102.447
    10.000      5.000      0.256     30.534      4.190    -99.329
    15.000      5.000      0.137     29.688      4.262    -99.595
    20.000      5.000      0.018    -60.880      4.459   -103.201
    25.000      5.000      0.147   -133.316      3.831   -106.905
    30.000      5.000      0.268   -136.250      3.673   -118.033
    35.000      5.000      0.361   -133.686      3.443   -128.118
    40.000      5.000      0.413   -130.542      3.136   -130.489
    45.000      5.000      0.436   -123.858      2.552   -132.686
    50.000      5.000      0.429   -114.187      1.773   -127.007
    55.000      5.000      0.402   -101.416      1.187   -112.339
    60.000      5.000      0.338    -91.696      0.623    -87.842
    65.000      5.000      0.224    -86.675      0.403    -89.972
    70.000      5.000      0.021     41.896      0.021     41.896
    75.000      5.000      0.000      0.000      0.000      0.000
    80.000      5.000      0.000      0.000      0.000      0.000
    85.000      5.000      0.000      0.000      0.000      0.000
    90.000      5.000      0.000      0.000      0.000      0.000
    95.000      5.000      0.000      0.000      0.000      0.000
   100.000      5.000      0.000      0.000      0.000      0.000
   105.000      5.000      0.000      0.000      0.000      0.000
   110.000      5.000      0.000      0.000      0.000      0.000
   115.000      5.000      0.000      0.000      0.000      0.000
   120.000      5.000      0.000      0.000      0.000      0.000
   125.000      5.000      0.000      0.000      0.000      0.000
   130.000      5.000      0.000      0.000      0.000      0.000
   135.000      5.000      0.000      0.000      0.000      0.000
   140.000      5.000      0.000      0.000      0.000      0.000
   145.000      5.000      0.000      0.000      0.000      0.000
   -25.000     10.000      0.000      0.000      0.000      0.000
   -20.000     10.000      0.000      0.000      0.000      0.000
   -15.000     10.000      0.000      0.000      0.000      0.000
   -10.000     10.000      0.130     16.341      0.636   -116.480
    -5.000     10.000      0.227      6.159      2.292   -107.518
     0.000     10.000      0.287     -6.111      4.363   -107.291
     5.000     10.000      0.294    -21.182      6.037   -105.901
    10.000     10.000      0.271    -43.110      6.579   -103.012
    15.000     10.000      0.263    -73.021      6.443   -103.666
    20.000     10.000      0.311   -102.808      6.763   -107.269
    25.000     10.000      0.414   -121.211      6.333   -107.964
    30.000     10.000      0.527   -128.887      5.748   -112.628
    35.000     10.000      0.620   -130.304      5.130   -120.641
    40.000     10.000      0.682   -128.215      4.191   -127.656
    45.000     10.000      0.693   -124.807      3.207   -130.951
    50.000     10.000      0.673   -118.706      2.363   -126.691
    55.000     10.000      0.589   -110.842      1.838   -111.435
    60.000     10.000      0.437   -101.952      0.960   -104.847
    65.000     10.000      0.206    -96.511      0.271   -101.451
    70.000     10.000      0.020     57.504      0.020     57.504
    75.000     10.000      0.000      0.000      0.000      0.000
    80.000     10.000      0.000      0.000      0.000      0.000
    85.000     10.000      0.000      0.000      0.000      0.000
    90.000     10.000      0.000      0.000      0.000      0.000
    95.000     10.000      0.000      0.000      0.000      0.000
   100.000     10.000      0.000      0.000      0.000      0.000
   105.000     10.000      0.000      0.000      0.000      0.000
   110.000     10.000      0.000      0.000      0.000      0.000
   115.000     10.000      0.000      0.000      0.000      0.000
   120.000     10.000      0.000      0.000      0.000      0.000
   125.000     10.000      0.000      0.000      0.000      0.000
   130.000     10.000      0.000      0.000      0.000      0.000
   135.000     10.000      0.000      0.000      0.000      0.000
   140.000     10.000      0.000      0.000      0.000      0.000
   145.000     10.000      0.000      0.000      0.000      0.000
   -25.000     15.000      0.000      0.000      0.000      0.000
   -20.000     15.000      0.000      0.000      0.000      0.000
   -15.000     15.000      0.000      0.000      0.000      0.000
   -10.000     15.000      0.120     -6.806      1.608   -124.408
    -5.000     15.000      0.194    -24.254      3.104   -114.917
     0.000     15.000      0.256    -43.188      5.164   -111.063
     5.000     15.000      0.326    -60.928      7.096   -107.263
    10.000     15.000      0.397    -76.305      8.177   -104.141
    15.000     15.000      0.484    -91.469      8.296   -106.325
    20.000     15.000      0.562   -105.173      8.352   -107.989
    25.000     15.000      0.663   -117.053      7.777   -109.227
    30.000     15.000      0.768   -125.728      6.987   -111.502
    35.000     15.000      0.851   -131.135      6.114   -120.593
    40.000     15.000      0.903   -131.363      4.931   -129.129
    45.000     15.000      0.893   -128.165      3.789   -134.175
    50.000     15.000      0.837   -121.934      2.646   -127.958
    55.000     15.000      0.697   -114.372      2.233   -113.604
    60.000     15.000      0.463   -103.219      1.256   -102.914
    65.000     15.000      0.156    -81.178      0.300    -81.102
    70.000     15.000      0.035   -130.970      0.035   -130.970
    75.000     15.000      0.000      0.000      0.000      0.000
    80.000     15.000      0.000      0.000      0.000      0.000
    85.000     15.000      0.000      0.000      0.000      0.000
    90.000     15.000      0.000      0.000      0.000      0.000
    95.000     15.000      0.000      0.000      0.000      0.000
   100.000     15.000      0.000      0.000      0.000      0.000
   105.000     15.000      0.000      0.000      0.000      0.000
   110.000     15.000      0.000      0.000      0.000      0.000
   115.000     15.000      0.000      0.000      0.000      0.000
   120.000     15.000      0.000      0.000      0.000      0.000
   125.000     15.000      0.000      0.000      0.000      0.000
   130.000     15.000      0.000      0.000      0.000      0.000
   135.000     15.000      0.000      0.000      0.000      0.000
   140.000     15.000      0.000      0.000      0.000      0.000
   145.000     15.000      0.000      0.000      0.000      0.000
   -25.000     20.000      0.000      0.000      0.000      0.000
   -20.000     20.000      0.000      0.000      0.000      0.000
   -15.000     20.000      0.000      0.000      0.000      0.000
   -10.000     20.000      0.116    -58.009      1.589   -122.443
    -5.000     20.000      0.228    -71.195      3.421   -113.898
     0.000     20.000      0.327    -78.134      5.411   -107.863
     5.000     20.000      0.421    -85.198      7.312   -105.877
    10.000     20.000      0.517    -93.678      8.664   -106.513
    15.000     20.000      0.621   -103.301      9.059   -108.006
    20.000     20.000      0.731   -112.151      8.884   -108.863
    25.000     20.000      0.826   -119.098      7.995   -111.586
    30.000     20.000      0.901   -124.114      7.218   -114.515
    35.000     20.000      0.962   -128.145      6.226   -121.569
    40.000     20.000      0.999   -130.514      4.829   -129.937
    45.000     20.000      0.994   -129.514      3.760   -133.871
    50.000     20.000      0.926   -124.803      2.872   -131.046
    55.000     20.000      0.774   -116.607      2.210   -120.536
    60.000     20.000      0.521   -103.783      1.090   -103.135
    65.000     20.000      0.202    -85.156      0.222    -85.176
    70.000     20.000      0.018    -38.532      0.018    -38.532
    75.000     20.000      0.000      0.000      0.000      0.000
    80.000     20.000      0.000      0.000      0.000      0.000
    85.000     20.000      0.000      0.000      0.000      0.000
    90.000     20.000      0.000      0.000      0.000      0.000
    95.000     20.000      0.000      0.000      0.000      0.000
   100.000     20.000      0.000      0.000      0.000      0.000
   105.000     20.000      0.000      0.000      0.000      0.000
   110.000     20.000      0.000      0.000      0.000      0.000
   115.000     20.000      0.000      0.000      0.000      0.000
   120.000     20.000      0.000      0.000      0.000      0.000
   125.000     20.000      0.000      0.000      0.000      0.000
   130.000     20.000      0.000      0.000      0.000      0.000
   135.000     20.000      0.000      0.000      0.000      0.000
   140.000     20.000      0.000      0.000      0.000      0.000
   145.000     20.000      0.000      0.000      0.000      0.000
   -25.000     25.000      0.000      0.000      0.000      0.000
   -20.000     25.000      0.000      0.000      0.000      0.000
   -15.000     25.000      0.000      0.000      0.000      0.000
   -10.000     25.000      0.125   -107.879      1.091   -119.048
    -5.000     25.000      0.276   -105.555      2.612   -112.281
     0.000     25.000      0.418   -103.837      4.493   -107.298
     5.000     25.000      0.526   -104.491      6.490   -106.429
    10.000     25.000      0.629   -107.425      8.033   -107.892
    15.000     25.000      0.713   -111.786      8.454   -109.500
    20.000     25.000      0.803   -116.744      8.191   -110.562
    25.000     25.000      0.879   -121.540      7.392   -115.178
    30.000     25.000      0.935   -125.803      6.640   -119.884
    35.000     25.000      0.979   -129.656      5.587   -123.621
    40.000     25.000      0.997   -132.345      4.396   -129.929
    45.000     25.000      0.971   -132.365      3.536   -134.950
    50.000     25.000      0.898   -130.052      2.783   -134.082
    55.000     25.000      0.749   -124.684      1.952   -125.751
    60.000     25.000      0.495   -113.107      0.738   -111.991
    65.000     25.000      0.193   -101.360      0.211   -101.453
    70.000     25.000      0.000      0.000      0.000      0.000
    75.000     25.000      0.000      0.000      0.000      0.000
    80.000     25.000      0.000      0.000      0.000      0.000
    85.000     25.000      0.000      0.000      0.000      0.000
    90.000     25.000      0.000      0.000      0.000      0.000
    95.000     25.000      0.000      0.000      0.000      0.000
   100.000     25.000      0.000      0.000      0.000      0.000
   105.000     25.000      0.000      0.000      0.000      0.000
   110.000     25.000      0.000      0.000      0.000      0.000
   115.000     25.000      0.000      0.000      0.000      0.000
   120.000     25.000      0.000      0.000      0.000      0.000
   125.000     25.000      0.000      0.000      0.000      0.000
   130.000     25.000      0.000      0.000      0.000      0.000
   135.000     25.000      0.000      0.000      0.000      0.000
   140.000     25.000      0.000      0.000      0.000      0.000
   145.000     25.000      0.000      0.000      0.000      0.000
   -25.000     30.000      0.000      0.000      0.000      0.000
   -20.000     30.000      0.000      0.000      0.000      0.000
   -15.000     30.000      0.000      0.000      0.000      0.000
   -10.000     30.000      0.197   -142.873      1.137   -122.534
    -5.000     30.000      0.355   -129.715      2.526   -114.900
     0.000     30.000      0.476   -121.834      4.106   -109.486
     5.000     30.000      0.593   -117.191      5.664   -107.827
    10.000     30.000      0.693   -116.400      6.744   -109.422
    15.000     30.000      0.762   -117.892      7.118   -111.711
    20.000     30.000      0.802   -120.471      6.667   -113.441
    25.000     30.000      0.835   -124.338      6.070   -119.412
    30.000     30.000      0.871   -128.338      5.527   -124.442
    35.000     30.000      0.904   -132.119      4.495   -127.645
    40.000     30.000      0.917   -135.001      3.547   -132.154
    45.000     30.000      0.903   -136.430      2.971   -136.768
    50.000     30.000      0.853   -135.945      2.114   -136.231
    55.000     30.000      0.732   -133.682      1.417   -134.185
    60.000     30.000      0.456   -127.876      0.641   -130.537
    65.000     30.000      0.057   -101.777      0.057   -101.777
    70.000     30.000      0.000      0.000      0.000      0.000
    75.000     30.000      0.000      0.000      0.000      0.000
    80.000     30.000      0.000      0.000      0.000      0.000
    85.000     30.000      0.000      0.000      0.000      0.000
    90.000     30.000      0.000      0.000      0.000      0.000
    95.000     30.000      0.000      0.000      0.000      0.000
   100.000     30.000      0.000      0.000      0.000      0.000
   105.000     30.000      0.000      0.000      0.000      0.000
   110.000     30.000      0.000      0.000      0.000      0.000
   115.000     30.000      0.000      0.000      0.000      0.000
   120.000     30.000      0.000      0.000      0.000      0.000
   125.000     30.000      0.000      0.000      0.000      0.000
   130.000     30.000      0.000      0.000      0.000      0.000
   135.000     30.000      0.000      0.000      0.000      0.000
   140.000     30.000      0.000      0.000      0.000      0.000
   145.000     30.000      0.000      0.000      0.000      0.000
   -25.000     35.000      0.000      0.000      0.000      0.000
   -20.000     35.000      0.000      0.000      0.000      0.000
   -15.000     35.000      0.000      0.000      0.000      0.000
   -10.000     35.000      0.222   -143.262      0.985   -130.786
    -5.000     35.000      0.363   -138.627      2.148   -122.342
     0.000     35.000      0.456   -133.049      3.380   -114.724
     5.000     35.000      0.521   -128.495      4.493   -111.899
    10.000     35.000      0.586   -125.592      5.206   -112.371
    15.000     35.000      0.658   -123.804      5.176   -114.428
    20.000     35.000      0.718   -125.218      4.759   -118.856
    25.000     35.000      0.762   -128.861      4.578   -125.730
    30.000     35.000      0.793   -133.344      4.225   -132.007
    35.000     35.000      0.802   -137.282      3.293   -134.724
    40.000     35.000      0.776   -140.157      2.457   -137.104
    45.000     35.000      0.721   -141.448      1.860   -141.344
    50.000     35.000      0.658   -141.787      1.220   -140.252
    55.000     35.000      0.540   -140.459      0.812   -147.121
    60.000     35.000      0.303   -128.972      0.332   -128.588
    65.000     35.000      0.000      0.000      0.000      0.000
    70.000     35.000      0.000      0.000      0.000      0.000
    75.000     35.000      0.000      0.000      0.000      0.000
    80.000     35.000      0.000      0.000      0.000      0.000
    85.000     35.000      0.000      0.000      0.000      0.000
    90.000     35.000      0.000      0.000      0.000      0.000
    95.000     35.000      0.000      0.000      0.000      0.000
   100.000     35.000      0.000      0.000      0.000      0.000
   105.000     35.000      0.000      0.000      0.000      0.000
   110.000     35.000      0.000      0.000      0.000      0.000
   115.000     35.000      0.000      0.000      0.000      0.000
   120.000     35.000      0.000      0.000      0.000      0.000
   125.000     35.000      0.000      0.000      0.000      0.000
   130.000     35.000      0.000      0.000      0.000      0.000
   135.000     35.000      0.000      0.000      0.000      0.000
   140.000     35.000      0.000      0.000      0.000      0.000
   145.000     35.000      0.000      0.000      0.000      0.000
   -25.000     40.000      0.000      0.000      0.000      0.000
   -20.000     40.000      0.000      0.000      0.000      0.000
   -15.000     40.000      0.000      0.000      0.000      0.000
   -10.000     40.000      0.159   -127.320      0.888   -140.594
    -5.000     40.000      0.242   -134.708      1.770   -134.249
     0.000     40.000      0.313   -137.799      2.546   -129.137
     5.000     40.000      0.380   -137.847      3.113   -124.937
    10.000     40.000      0.445   -138.566      3.363   -122.516
    15.000     40.000      0.518   -138.597      3.226   -123.926
    20.000     40.000      0.572   -139.927      3.107   -124.818
    25.000     40.000      0.603   -141.806      3.036   -133.542
    30.000     40.000      0.604   -144.730      2.774   -143.839
    35.000     40.000      0.576   -147.683      2.099   -148.477
    40.000     40.000      0.520   -150.969      1.372   -149.108
    45.000     40.000      0.454   -151.211      0.783   -155.843
    50.000     40.000      0.396   -149.498      0.609   -148.143
    55.000     40.000      0.300   -146.401      0.393   -150.219
    60.000     40.000      0.075   -128.613      0.075   -128.613
    65.000     40.000      0.000      0.000      0.000      0.000
    70.000     40.000      0.000      0.000      0.000      0.000
    75.000     40.000      0.000      0.000      0.000      0.000
    80.000     40.000      0.000      0.000      0.000      0.000
    85.000     40.000      0.000      0.000      0.000      0.000
    90.000     40.000      0.000      0.000      0.000      0.000
    95.000     40.000      0.000      0.000      0.000      0.000
   100.000     40.000      0.000      0.000      0.000      0.000
   105.000     40.000      0.000      0.000      0.000      0.000
   110.000     40.000      0.000      0.000      0.000      0.000
   115.000     40.000      0.000      0.000      0.000      0.000
   120.000     40.000      0.000      0.000      0.000      0.000
   125.000     40.000      0.000      0.000      0.000      0.000
   130.000     40.000      0.000      0.000      0.000      0.000
   135.000     40.000      0.000      0.000      0.000      0.000
   140.000     40.000      0.000      0.000      0.000      0.000
   145.000     40.000      0.000      0.000      0.000      0.000
   -25.000     45.000      0.000      0.000      0.000      0.000
   -20.000     45.000      0.000      0.000      0.000      0.000
   -15.000     45.000      0.000      0.000      0.000      0.000
   -10.000     45.000      0.056   -117.343      0.641   -153.576
    -5.000     45.000      0.136   -134.206      1.117   -150.359
     0.000     45.000      0.217   -141.681      1.620   -145.538
     5.000     45.000      0.293   -145.637      1.967   -140.939
    10.000     45.000      0.354   -147.906      2.026   -136.322
    15.000     45.000      0.400   -148.901      1.927   -132.911
    20.000     45.000      0.422   -151.231      1.876   -131.368
    25.000     45.000      0.427   -153.620      1.706   -143.215
    30.000     45.000      0.415   -156.084      1.478   -155.229
    35.000     45.000      0.363   -160.106      1.206   -164.175
    40.000     45.000      0.284   -165.359      0.593    179.017
    45.000     45.000      0.202   -163.294      0.293   -168.857
    50.000     45.000      0.180   -155.401      0.252   -163.915
    55.000     45.000      0.167   -122.453      0.183   -122.250
    60.000     45.000      0.000      0.000      0.000      0.000
    65.000     45.000      0.000      0.000      0.000      0.000
    70.000     45.000      0.000      0.000      0.000      0.000
    75.000     45.000      0.000      0.000      0.000      0.000
    80.000     45.000      0.000      0.000      0.000      0.000
    85.000     45.000      0.000      0.000      0.000      0.000
    90.000     45.000      0.000      0.000      0.000      0.000
    95.000     45.000      0.000      0.000      0.000      0.000
   100.000     45.000      0.000      0.000      0.000      0.000
   105.000     45.000      0.000      0.000      0.000      0.000
   110.000     45.000      0.000      0.000      0.000      0.000
   115.000     45.000      0.000      0.000      0.000      0.000
   120.000     45.000      0.000      0.000      0.000      0.000
   125.000     45.000      0.000      0.000      0.000      0.000
   130.000     45.000      0.000      0.000      0.000      0.000
   135.000     45.000      0.000      0.000      0.000      0.000
   140.000     45.000      0.000      0.000      0.000      0.000
   145.000     45.000      0.000      0.000      0.000      0.000
   -25.000     50.000      0.000      0.000      0.000      0.000
   -20.000     50.000      0.000      0.000      0.000      0.000
   -15.000     50.000      0.000      0.000      0.000      0.000
   -10.000     50.000      0.033   -145.733      0.395   -144.674
    -5.000     50.000      0.084   -146.911      0.668   -147.840
     0.000     50.000      0.122   -142.296      0.953   -148.142
     5.000     50.000      0.163   -139.634      1.116   -147.339
    10.000     50.000      0.193   -143.847      1.052   -142.458
    15.000     50.000      0.218   -149.417      0.897   -136.155
    20.000     50.000      0.222   -154.605      0.857   -137.384
    25.000     50.000      0.217   -159.369      0.683   -150.449
    30.000     50.000      0.207   -161.574      0.611   -177.237
    35.000     50.000      0.186   -165.376      0.546   -157.487
    40.000     50.000      0.138   -169.411      0.283    173.071
    45.000     50.000      0.064   -161.187      0.064   -148.915
    50.000     50.000      0.048    160.865      0.051    160.068
    55.000     50.000      0.000      0.000      0.000      0.000
    60.000     50.000      0.000      0.000      0.000      0.000
    65.000     50.000      0.000      0.000      0.000      0.000
    70.000     50.000      0.000      0.000      0.000      0.000
    75.000     50.000      0.000      0.000      0.000      0.000
    80.000     50.000      0.000      0.000      0.000      0.000
    85.000     50.000      0.000      0.000      0.000      0.000
    90.000     50.000      0.000      0.000      0.000      0.000
    95.000     50.000      0.000      0.000      0.000      0.000
   100.000     50.000      0.000      0.000      0.000      0.000
   105.000     50.000      0.000      0.000      0.000      0.000
   110.000     50.000      0.000      0.000      0.000      0.000
   115.000     50.000      0.000      0.000      0.000      0.000
   120.000     50.000      0.000      0.000      0.000      0.000
   125.000     50.000      0.000      0.000      0.000      0.000
   130.000     50.000      0.000      0.000      0.000      0.000
   135.000     50.000      0.000      0.000      0.000      0.000
   140.000     50.000      0.000      0.000      0.000      0.000
   145.000     50.000      0.000      0.000      0.000      0.000
   -25.000     55.000      0.000      0.000      0.000      0.000
   -20.000     55.000      0.000      0.000      0.000      0.000
   -15.000     55.000      0.000      0.000      0.000      0.000
   -10.000     55.000      0.000      0.000      0.000      0.000
    -5.000     55.000      0.000      0.000      0.000      0.000
     0.000     55.000      0.000      0.000      0.000      0.000
     5.000     55.000      0.000      0.000      0.000      0.000
    10.000     55.000      0.000      0.000      0.000      0.000
    15.000     55.000      0.000      0.000      0.000      0.000
    20.000     55.000      0.000      0.000      0.000      0.000
    25.000     55.000      0.000      0.000      0.000      0.000
    30.000     55.000      0.000      0.000      0.000      0.000
    35.000     55.000      0.000      0.000      0.000      0.000
    40.000     55.000      0.000      0.000      0.000      0.000
    45.000     55.000      0.000      0.000      0.000      0.000
    50.000     55.000      0.000      0.000      0.000      0.000
    55.000     55.000      0.000      0.000      0.000      0.000
    60.000     55.000      0.000      0.000      0.000      0.000
    65.000     55.000      0.000      0.000      0.000      0.000
    70.000     55.000      0.000      0.000      0.000      0.000
    75.000     55.000      0.000      0.000      0.000      0.000
    80.000     55.000      0.000      0.000      0.000      0.000
    85.000     55.000      0.000      0.000      0.000      0.000
    90.000     55.000      0.000      0.000      0.000      0.000
    95.000     55.000      0.000      0.000      0.000      0.000
   100.000     55.000      0.000      0.000      0.000      0.000
   105.000     55.000      0.000      0.000      0.000      0.000
   110.000     55.000      0.000      0.000      0.000      0.000
   115.000     55.000      0.000      0.000      0.000      0.000
   120.000     55.000      0.000      0.000      0.000      0.000
   125.000     55.000      0.000      0.000      0.000      0.000
   130.000     55.000      0.000      0.000      0.000      0.000
   135.000     55.000      0.000      0.000      0.000      0.000
   140.000     55.000      0.000      0.000      0.000      0.000
   145.000     55.000      0.000      0.000      0.000      0.000
   -25.000     60.000      0.000      0.000      0.000      0.000
   -20.000     60.000      0.000      0.000      0.000      0.000
   -15.000     60.000      0.000      0.000      0.000      0.000
   -10.000     60.000      0.000      0.000      0.000      0.000
    -5.000     60.000      0.000      0.000      0.000      0.000
     0.000     60.000      0.000      0.000      0.000      0.000
     5.000     60.000      0.000      0.000      0.000      0.000
    10.000     60.000      0.000      0.000      0.000      0.000
    15.000     60.000      0.000      0.000      0.000      0.000
    20.000     60.000      0.000      0.000      0.000      0.000
    25.000     60.000      0.000      0.000      0.000      0.000
    30.000     60.000      0.000      0.000      0.000      0.000
    35.000     60.000      0.000      0.000      0.000      0.000
    40.000     60.000      0.000      0.000      0.000      0.000
    45.000     60.000      0.000      0.000      0.000      0.000
    50.000     60.000      0.000      0.000      0.000      0.000
    55.000     60.000      0.000      0.000      0.000      0.000
    60.000     60.000      0.000      0.000      0.000      0.000
    65.000     60.000      0.000      0.000      0.000      0.000
    70.000     60.000      0.000      0.000      0.000      0.000
    75.000     60.000      0.000      0.000      0.000      0.000
    80.000     60.000      0.000      0.000      0.000      0.000
    85.000     60.000      0.000      0.000      0.000      0.000
    90.000     60.000      0.000      0.000      0.000      0.000
    95.000     60.000      0.000      0.000      0.000      0.000
   100.000     60.000      0.000      0.000      0.000      0.000
   105.000     60.000      0.000      0.000      0.000      0.000
   110.000     60.000      0.000      0.000      0.000      0.000
   115.000     60.000      0.000      0.000      0.000      0.000
   120.000     60.000      0.000      0.000      0.000      0.000
   125.000     60.000      0.000      0.000      0.000      0.000
   130.000     60.000      0.000      0.000      0.000      0.000
   135.000     60.000      0.000      0.000      0.000      0.000
   140.000     60.000      0.000      0.000      0.000      0.000
   145.000     60.000      0.000      0.000      0.000      0.000
   -25.000     65.000      0.000      0.000      0.000      0.000
   -20.000     65.000      0.000      0.000      0.000      0.000
   -15.000     65.000      0.000      0.000      0.000      0.000
   -10.000     65.000      0.000      0.000      0.000      0.000
    -5.000     65.000      0.000      0.000      0.000      0.000
     0.000     65.000      0.000      0.000      0.000      0.000
     5.000     65.000      0.000      0.000      0.000      0.000
    10.000     65.000      0.000      0.000      0.000      0.000
    15.000     65.000      0.000      0.000      0.000      0.000
    20.000     65.000      0.000      0.000      0.000      0.000
    25.000     65.000      0.000      0.000      0.000      0.000
    30.000     65.000      0.000      0.000      0.000      0.000
    35.000     65.000      0.000      0.000      0.000      0.000
    40.000     65.000      0.000      0.000      0.000      0.000
    45.000     65.000      0.000      0.000      0.000      0.000
    50.000     65.000      0.000      0.000      0.000      0.000
    55.000     65.000      0.000      0.000      0.000      0.000
    60.000     65.000      0.000      0.000      0.000      0.000
    65.000     65.000      0.000      0.000      0.000      0.000
    70.000     65.000      0.000      0.000      0.000      0.000
    75.000     65.000      0.000      0.000      0.000      0.000
    80.000     65.000      0.000      0.000      0.000      0.000
    85.000     65.000      0.000      0.000      0.000      0.000
    90.000     65.000      0.000      0.000      0.000      0.000
    95.000     65.000      0.000      0.000      0.000      0.000
   100.000     65.000      0.000      0.000      0.000      0.000
   105.000     65.000      0.000      0.000      0.000      0.000
   110.000     65.000      0.000      0.000      0.000      0.000
   115.000     65.000      0.000      0.000      0.000      0.000
   120.000     65.000      0.000      0.000      0.000      0.000
   125.000     65.000      0.000      0.000      0.000      0.000
   130.000     65.000      0.000      0.000      0.000      0.000
   135.000     65.000      0.000      0.000      0.000      0.000
   140.000     65.000      0.000      0.000      0.000      0.000
   145.000     65.000      0.000      0.000      0.000      0.000
