   -25.000    -25.000      0.000      0.000      0.000      0.000
   -20.000    -25.000      0.000      0.000      0.000      0.000
   -15.000    -25.000      0.000      0.000      0.000      0.000
   -10.000    -25.000      0.000      0.000      0.000      0.000
    -5.000    -25.000      0.000      0.000      0.000      0.000
     0.000    -25.000      0.000      0.000      0.000      0.000
     5.000    -25.000      0.000      0.000      0.000      0.000
    10.000    -25.000      0.000      0.000      0.000      0.000
    15.000    -25.000      0.000      0.000      0.000      0.000
    20.000    -25.000      0.000      0.000      0.000      0.000
    25.000    -25.000      0.000      0.000      0.000      0.000
    30.000    -25.000      0.000      0.000      0.000      0.000
    35.000    -25.000      0.000      0.000      0.000      0.000
    40.000    -25.000      0.000      0.000      0.000      0.000
    45.000    -25.000      0.000      0.000      0.000      0.000
    50.000    -25.000      0.000      0.000      0.000      0.000
    55.000    -25.000      0.000      0.000      0.000      0.000
    60.000    -25.000      0.000      0.000      0.000      0.000
    65.000    -25.000      0.000      0.000      0.000      0.000
    70.000    -25.000      0.000      0.000      0.000      0.000
    75.000    -25.000      0.000      0.000      0.000      0.000
    80.000    -25.000      0.000      0.000      0.000      0.000
    85.000    -25.000      0.000      0.000      0.000      0.000
    90.000    -25.000      0.000      0.000      0.000      0.000
    95.000    -25.000      0.000      0.000      0.000      0.000
   100.000    -25.000      0.000      0.000      0.000      0.000
   105.000    -25.000      0.000      0.000      0.000      0.000
   110.000    -25.000      0.000      0.000      0.000      0.000
   115.000    -25.000      0.000      0.000      0.000      0.000
   120.000    -25.000      0.000      0.000      0.000      0.000
   125.000    -25.000      0.000      0.000      0.000      0.000
   130.000    -25.000      0.000      0.000      0.000      0.000
   135.000    -25.000      0.000      0.000      0.000      0.000
   140.000    -25.000      0.000      0.000      0.000      0.000
   145.000    -25.000      0.000      0.000      0.000      0.000
   -25.000    -20.000      0.000      0.000      0.000      0.000
   -20.000    -20.000      0.000      0.000      0.000      0.000
   -15.000    -20.000      0.000      0.000      0.000      0.000
   -10.000    -20.000      0.000      0.000      0.000      0.000
    -5.000    -20.000      0.000      0.000      0.000      0.000
     0.000    -20.000      0.000      0.000      0.000      0.000
     5.000    -20.000      0.000      0.000      0.000      0.000
    10.000    -20.000      0.000      0.000      0.000      0.000
    15.000    -20.000      0.000      0.000      0.000      0.000
    20.000    -20.000      0.000      0.000      0.000      0.000
    25.000    -20.000      0.000      0.000      0.000      0.000
    30.000    -20.000      0.000      0.000      0.000      0.000
    35.000    -20.000      0.000      0.000      0.000      0.000
    40.000    -20.000      0.000      0.000      0.000      0.000
    45.000    -20.000      0.000      0.000      0.000      0.000
    50.000    -20.000      0.000      0.000      0.000      0.000
    55.000    -20.000      0.000      0.000      0.000      0.000
    60.000    -20.000      0.000      0.000      0.000      0.000
    65.000    -20.000      0.000      0.000      0.000      0.000
    70.000    -20.000      0.000      0.000      0.000      0.000
    75.000    -20.000      0.000      0.000      0.000      0.000
    80.000    -20.000      0.000      0.000      0.000      0.000
    85.000    -20.000      0.000      0.000      0.000      0.000
    90.000    -20.000      0.000      0.000      0.000      0.000
    95.000    -20.000      0.000      0.000      0.000      0.000
   100.000    -20.000      0.000      0.000      0.000      0.000
   105.000    -20.000      0.000      0.000      0.000      0.000
   110.000    -20.000      0.000      0.000      0.000      0.000
   115.000    -20.000      0.000      0.000      0.000      0.000
   120.000    -20.000      0.000      0.000      0.000      0.000
   125.000    -20.000      0.000      0.000      0.000      0.000
   130.000    -20.000      0.000      0.000      0.000      0.000
   135.000    -20.000      0.000      0.000      0.000      0.000
   140.000    -20.000      0.000      0.000      0.000      0.000
   145.000    -20.000      0.000      0.000      0.000      0.000
   -25.000    -15.000      0.000      0.000      0.000      0.000
   -20.000    -15.000      0.000      0.000      0.000      0.000
   -15.000    -15.000      0.000      0.000      0.000      0.000
   -10.000    -15.000      0.000      0.000      0.000      0.000
    -5.000    -15.000      0.000      0.000      0.000      0.000
     0.000    -15.000      0.000      0.000      0.000      0.000
     5.000    -15.000      0.000      0.000      0.000      0.000
    10.000    -15.000      0.000      0.000      0.000      0.000
    15.000    -15.000      0.000      0.000      0.000      0.000
    20.000    -15.000      0.000      0.000      0.000      0.000
    25.000    -15.000      0.000      0.000      0.000      0.000
    30.000    -15.000      0.000      0.000      0.000      0.000
    35.000    -15.000      0.000      0.000      0.000      0.000
    40.000    -15.000      0.000      0.000      0.000      0.000
    45.000    -15.000      0.000      0.000      0.000      0.000
    50.000    -15.000      0.000      0.000      0.000      0.000
    55.000    -15.000      0.000      0.000      0.000      0.000
    60.000    -15.000      0.000      0.000      0.000      0.000
    65.000    -15.000      0.000      0.000      0.000      0.000
    70.000    -15.000      0.000      0.000      0.000      0.000
    75.000    -15.000      0.000      0.000      0.000      0.000
    80.000    -15.000      0.000      0.000      0.000      0.000
    85.000    -15.000      0.000      0.000      0.000      0.000
    90.000    -15.000      0.000      0.000      0.000      0.000
    95.000    -15.000      0.000      0.000      0.000      0.000
   100.000    -15.000      0.000      0.000      0.000      0.000
   105.000    -15.000      0.000      0.000      0.000      0.000
   110.000    -15.000      0.000      0.000      0.000      0.000
   115.000    -15.000      0.000      0.000      0.000      0.000
   120.000    -15.000      0.000      0.000      0.000      0.000
   125.000    -15.000      0.000      0.000      0.000      0.000
   130.000    -15.000      0.000      0.000      0.000      0.000
   135.000    -15.000      0.000      0.000      0.000      0.000
   140.000    -15.000      0.000      0.000      0.000      0.000
   145.000    -15.000      0.000      0.000      0.000      0.000
   -25.000    -10.000      0.000      0.000      0.000      0.000
   -20.000    -10.000      0.000      0.000      0.000      0.000
   -15.000    -10.000      0.000      0.000      0.000      0.000
   -10.000    -10.000      0.000      0.000      2.015     63.436
    -5.000    -10.000      0.000      0.000      2.954     60.970
     0.000    -10.000      0.000      0.000      3.413     56.563
     5.000    -10.000      0.000      0.000      3.379     50.631
    10.000    -10.000      0.000      0.000      2.996     41.359
    15.000    -10.000      0.000      0.000      1.997     22.206
    20.000    -10.000      0.000      0.000      1.671      6.319
    25.000    -10.000      0.000      0.000      1.697    -19.462
    30.000    -10.000      0.000      0.000      1.581    -26.903
    35.000    -10.000      0.000      0.000      1.663    -58.836
    40.000    -10.000      0.000      0.000      2.266    -82.010
    45.000    -10.000      0.000      0.000      2.836    -78.175
    50.000    -10.000      0.000      0.000      3.171    -71.218
    55.000    -10.000      0.000      0.000      3.447    -64.376
    60.000    -10.000      0.000      0.000      3.481    -63.014
    65.000    -10.000      0.000      0.000      3.658    -63.360
    70.000    -10.000      0.000      0.000      3.221    -57.351
    75.000    -10.000      0.000      0.000      3.004    -49.060
    80.000    -10.000      0.000      0.000      3.019    -49.270
    85.000    -10.000      0.000      0.000      3.345    -53.777
    90.000    -10.000      0.000      0.000      3.296    -43.118
    95.000    -10.000      0.000      0.000      3.021    -29.083
   100.000    -10.000      0.000      0.000      2.933    -16.278
   105.000    -10.000      0.000      0.000      2.831    -12.344
   110.000    -10.000      0.000      0.000      2.606    -12.065
   115.000    -10.000      0.000      0.000      2.149     -9.708
   120.000    -10.000      0.000      0.000      1.500      2.914
   125.000    -10.000      0.000      0.000      0.829      0.043
   130.000    -10.000      0.000      0.000      0.489     -9.124
   135.000    -10.000      0.000      0.000      0.000      0.000
   140.000    -10.000      0.000      0.000      0.000      0.000
   145.000    -10.000      0.000      0.000      0.000      0.000
   -25.000     -5.000      0.000      0.000      0.000      0.000
   -20.000     -5.000      0.000      0.000      0.000      0.000
   -15.000     -5.000      0.000      0.000      0.000      0.000
   -10.000     -5.000      0.000      0.000      2.527     59.942
    -5.000     -5.000      0.000      0.000      4.225     57.158
     0.000     -5.000      0.000      0.000      4.941     52.004
     5.000     -5.000      0.000      0.000      4.751     43.020
    10.000     -5.000      0.000      0.000      4.147     29.813
    15.000     -5.000      0.000      0.000      3.056     11.003
    20.000     -5.000      0.000      0.000      2.721    -14.123
    25.000     -5.000      0.000      0.000      2.750    -38.878
    30.000     -5.000      0.000      0.000      3.029    -54.483
    35.000     -5.000      0.000      0.000      3.985    -77.751
    40.000     -5.000      0.000      0.000      5.050    -84.264
    45.000     -5.000      0.000      0.000      5.869    -82.935
    50.000     -5.000      0.000      0.000      5.886    -74.442
    55.000     -5.000      0.000      0.000      6.206    -68.703
    60.000     -5.000      0.000      0.000      6.360    -65.814
    65.000     -5.000      0.000      0.000      6.246    -63.725
    70.000     -5.000      0.000      0.000      5.885    -59.237
    75.000     -5.000      0.000      0.000      5.529    -51.888
    80.000     -5.000      0.000      0.000      5.539    -46.566
    85.000     -5.000      0.000      0.000      5.849    -46.785
    90.000     -5.000      0.000      0.000      5.720    -41.220
    95.000     -5.000      0.000      0.000      5.504    -29.896
   100.000     -5.000      0.000      0.000      5.430    -19.922
   105.000     -5.000      0.000      0.000      5.286    -18.878
   110.000     -5.000      0.000      0.000      4.606    -17.358
   115.000     -5.000      0.000      0.000      3.506    -10.049
   120.000     -5.000      0.000      0.000      2.592      5.595
   125.000     -5.000      0.000      0.000      1.725     10.334
   130.000     -5.000      0.000      0.000      0.935      5.333
   135.000     -5.000      0.000      0.000      0.000      0.000
   140.000     -5.000      0.000      0.000      0.000      0.000
   145.000     -5.000      0.000      0.000      0.000      0.000
   -25.000      0.000      0.000      0.000      0.000      0.000
   -20.000      0.000      0.000      0.000      0.000      0.000
   -15.000      0.000      0.000      0.000      0.000      0.000
   -10.000      0.000      0.000      0.000      2.385     44.822
    -5.000      0.000      0.000      0.000      3.604     36.549
     0.000      0.000      0.000      0.000      3.883     26.477
     5.000      0.000      0.000      0.000      3.717     12.493
    10.000      0.000      0.000      0.000      3.552     -0.823
    15.000      0.000      0.000      0.000      3.348    -21.176
    20.000      0.000      0.000      0.000      3.734    -48.872
    25.000      0.000      0.000      0.000      4.346    -66.318
    30.000      0.000      0.000      0.000      5.115    -81.892
    35.000      0.000      0.000      0.000      6.439    -90.672
    40.000      0.000      0.000      0.000      7.598    -91.485
    45.000      0.000      0.000      0.000      8.611    -88.799
    50.000      0.000      0.000      0.000      8.593    -81.692
    55.000      0.000      0.000      0.000      8.493    -74.213
    60.000      0.000      0.000      0.000      8.545    -69.031
    65.000      0.000      0.000      0.000      7.995    -65.371
    70.000      0.000      0.000      0.000      7.497    -60.112
    75.000      0.000      0.000      0.000      7.337    -54.463
    80.000      0.000      0.000      0.000      7.600    -49.381
    85.000      0.000      0.000      0.000      7.703    -44.038
    90.000      0.000      0.000      0.000      7.401    -39.508
    95.000      0.000      0.000      0.000      7.120    -31.245
   100.000      0.000      0.000      0.000      7.058    -25.768
   105.000      0.000      0.000      0.000      6.742    -24.175
   110.000      0.000      0.000      0.000      5.821    -19.768
   115.000      0.000      0.000      0.000      4.422     -4.191
   120.000      0.000      0.000      0.000      3.397     13.143
   125.000      0.000      0.000      0.000      2.363     24.083
   130.000      0.000      0.000      0.000      1.329     37.470
   135.000      0.000      0.000      0.000      0.000      0.000
   140.000      0.000      0.000      0.000      0.000      0.000
   145.000      0.000      0.000      0.000      0.000      0.000
   -25.000      5.000      0.000      0.000      0.000      0.000
   -20.000      5.000      0.000      0.000      0.000      0.000
   -15.000      5.000      0.000      0.000      0.000      0.000
   -10.000      5.000      0.000      0.000      1.842     27.024
    -5.000      5.000      0.000      0.000      2.455     -2.832
     0.000      5.000      0.000      0.000      3.059    -32.114
     5.000      5.000      0.000      0.000      3.981    -50.312
    10.000      5.000      0.000      0.000      4.785    -58.273
    15.000      5.000      0.000      0.000      5.402    -66.452
    20.000      5.000      0.000      0.000      6.640    -79.119
    25.000      5.000      0.000      0.000      7.577    -85.826
    30.000      5.000      0.000      0.000      8.715    -94.729
    35.000      5.000      0.000      0.000      9.730    -99.237
    40.000      5.000      0.000      0.000     10.683    -98.574
    45.000      5.000      0.000      0.000     10.999    -95.478
    50.000      5.000      0.000      0.000     10.909    -89.299
    55.000      5.000      0.000      0.000     10.414    -82.299
    60.000      5.000      0.000      0.000      9.530    -74.186
    65.000      5.000      0.000      0.000      8.748    -68.289
    70.000      5.000      0.000      0.000      7.989    -60.650
    75.000      5.000      0.000      0.000      8.080    -55.703
    80.000      5.000      0.000      0.000      8.368    -49.163
    85.000      5.000      0.000      0.000      8.354    -41.070
    90.000      5.000      0.000      0.000      8.150    -37.146
    95.000      5.000      0.000      0.000      7.837    -31.049
   100.000      5.000      0.000      0.000      7.605    -28.575
   105.000      5.000      0.000      0.000      6.925    -23.640
   110.000      5.000      0.000      0.000      5.912    -13.146
   115.000      5.000      0.000      0.000      4.922      6.618
   120.000      5.000      0.000      0.000      4.085     20.511
   125.000      5.000      0.000      0.000      3.118     33.178
   130.000      5.000      0.000      0.000      1.719     46.539
   135.000      5.000      0.000      0.000      0.000      0.000
   140.000      5.000      0.000      0.000      0.000      0.000
   145.000      5.000      0.000      0.000      0.000      0.000
   -25.000     10.000      0.000      0.000      0.000      0.000
   -20.000     10.000      0.000      0.000      0.000      0.000
   -15.000     10.000      0.000      0.000      0.000      0.000
   -10.000     10.000      0.000      0.000      1.147    -25.676
    -5.000     10.000      0.000      0.000      2.618    -49.759
     0.000     10.000      0.000      0.000      4.534    -68.480
     5.000     10.000      0.000      0.000      6.495    -77.161
    10.000     10.000      0.000      0.000      7.746    -80.050
    15.000     10.000      0.000      0.000      8.532    -84.685
    20.000     10.000      0.000      0.000     10.221    -92.672
    25.000     10.000      0.000      0.000     11.452    -95.872
    30.000     10.000      0.000      0.000     12.386    -99.668
    35.000     10.000      0.000      0.000     13.041   -103.385
    40.000     10.000      0.000      0.000     13.145   -103.922
    45.000     10.000      0.000      0.000     12.717   -101.721
    50.000     10.000      0.000      0.000     12.147    -97.143
    55.000     10.000      0.000      0.000     11.232    -89.485
    60.000     10.000      0.000      0.000      9.625    -81.137
    65.000     10.000      0.000      0.000      8.142    -71.512
    70.000     10.000      0.000      0.000      7.447    -62.432
    75.000     10.000      0.000      0.000      7.602    -56.270
    80.000     10.000      0.000      0.000      7.911    -47.961
    85.000     10.000      0.000      0.000      8.102    -39.819
    90.000     10.000      0.000      0.000      7.924    -34.951
    95.000     10.000      0.000      0.000      7.542    -28.754
   100.000     10.000      0.000      0.000      7.289    -26.173
   105.000     10.000      0.000      0.000      6.460    -19.597
   110.000     10.000      0.000      0.000      5.583     -4.098
   115.000     10.000      0.000      0.000      5.020     14.143
   120.000     10.000      0.000      0.000      4.381     26.663
   125.000     10.000      0.000      0.000      3.448     43.115
   130.000     10.000      0.000      0.000      1.876     49.462
   135.000     10.000      0.000      0.000      0.000      0.000
   140.000     10.000      0.000      0.000      0.000      0.000
   145.000     10.000      0.000      0.000      0.000      0.000
   -25.000     15.000      0.000      0.000      0.000      0.000
   -20.000     15.000      0.000      0.000      0.000      0.000
   -15.000     15.000      0.000      0.000      0.000      0.000
   -10.000     15.000      0.000      0.000      1.509    -75.053
    -5.000     15.000      0.000      0.000      3.278    -75.104
     0.000     15.000      0.000      0.000      5.640    -82.124
     5.000     15.000      0.000      0.000      8.338    -86.489
    10.000     15.000      0.000      0.000     10.679    -89.481
    15.000     15.000      0.000      0.000     11.901    -94.476
    20.000     15.000      0.000      0.000     13.490    -98.820
    25.000     15.000      0.000      0.000     14.534   -101.636
    30.000     15.000      0.000      0.000     15.252   -104.117
    35.000     15.000      0.000      0.000     15.349   -107.947
    40.000     15.000      0.000      0.000     14.742   -109.928
    45.000     15.000      0.000      0.000     13.715   -109.652
    50.000     15.000      0.000      0.000     12.448   -105.305
    55.000     15.000      0.000      0.000     11.197    -98.535
    60.000     15.000      0.000      0.000      9.160    -88.820
    65.000     15.000      0.000      0.000      7.278    -77.431
    70.000     15.000      0.000      0.000      6.282    -68.377
    75.000     15.000      0.000      0.000      6.063    -55.887
    80.000     15.000      0.000      0.000      6.421    -44.780
    85.000     15.000      0.000      0.000      6.811    -36.933
    90.000     15.000      0.000      0.000      6.876    -28.905
    95.000     15.000      0.000      0.000      6.741    -25.458
   100.000     15.000      0.000      0.000      6.173    -21.947
   105.000     15.000      0.000      0.000      5.188    -12.405
   110.000     15.000      0.000      0.000      4.757      7.360
   115.000     15.000      0.000      0.000      4.739     25.082
   120.000     15.000      0.000      0.000      4.415     36.202
   125.000     15.000      0.000      0.000      3.527     45.462
   130.000     15.000      0.000      0.000      2.106     51.419
   135.000     15.000      0.000      0.000      0.000      0.000
   140.000     15.000      0.000      0.000      0.000      0.000
   145.000     15.000      0.000      0.000      0.000      0.000
   -25.000     20.000      0.000      0.000      0.000      0.000
   -20.000     20.000      0.000      0.000      0.000      0.000
   -15.000     20.000      0.000      0.000      0.000      0.000
   -10.000     20.000      0.000      0.000      1.913    -84.228
    -5.000     20.000      0.000      0.000      4.285    -85.504
     0.000     20.000      0.000      0.000      7.076    -87.727
     5.000     20.000      0.000      0.000      9.971    -91.839
    10.000     20.000      0.000      0.000     12.481    -96.551
    15.000     20.000      0.000      0.000     14.018   -100.715
    20.000     20.000      0.000      0.000     15.282   -103.364
    25.000     20.000      0.000      0.000     15.968   -106.574
    30.000     20.000      0.000      0.000     16.494   -109.062
    35.000     20.000      0.000      0.000     16.047   -113.122
    40.000     20.000      0.000      0.000     14.893   -116.057
    45.000     20.000      0.000      0.000     13.720   -116.710
    50.000     20.000      0.000      0.000     12.304   -114.893
    55.000     20.000      0.000      0.000     10.535   -109.671
    60.000     20.000      0.000      0.000      7.956    -99.293
    65.000     20.000      0.000      0.000      5.752    -86.658
    70.000     20.000      0.000      0.000      4.429    -72.137
    75.000     20.000      0.000      0.000      3.879    -56.698
    80.000     20.000      0.000      0.000      4.216    -39.684
    85.000     20.000      0.000      0.000      4.988    -27.953
    90.000     20.000      0.000      0.000      5.328    -18.603
    95.000     20.000      0.000      0.000      5.278    -16.933
   100.000     20.000      0.000      0.000      4.514     -9.862
   105.000     20.000      0.000      0.000      3.831      6.635
   110.000     20.000      0.000      0.000      3.933     26.283
   115.000     20.000      0.000      0.000      4.382     40.967
   120.000     20.000      0.000      0.000      4.383     49.405
   125.000     20.000      0.000      0.000      3.529     51.614
   130.000     20.000      0.000      0.000      2.154     55.886
   135.000     20.000      0.000      0.000      0.000      0.000
   140.000     20.000      0.000      0.000      0.000      0.000
   145.000     20.000      0.000      0.000      0.000      0.000
   -25.000     25.000      0.000      0.000      0.000      0.000
   -20.000     25.000      0.000      0.000      0.000      0.000
   -15.000     25.000      0.000      0.000      0.000      0.000
   -10.000     25.000      0.000      0.000      1.989    -77.924
    -5.000     25.000      0.000      0.000      4.351    -84.295
     0.000     25.000      0.000      0.000      7.123    -89.390
     5.000     25.000      0.000      0.000     10.093    -95.270
    10.000     25.000      0.000      0.000     12.763   -100.740
    15.000     25.000      0.000      0.000     14.337   -104.351
    20.000     25.000      0.000      0.000     15.470   -106.935
    25.000     25.000      0.000      0.000     15.898   -111.492
    30.000     25.000      0.000      0.000     16.038   -115.399
    35.000     25.000      0.000      0.000     15.352   -119.335
    40.000     25.000      0.000      0.000     14.221   -122.732
    45.000     25.000      0.000      0.000     13.082   -124.955
    50.000     25.000      0.000      0.000     11.560   -124.807
    55.000     25.000      0.000      0.000      9.638   -121.559
    60.000     25.000      0.000      0.000      6.782   -114.810
    65.000     25.000      0.000      0.000      4.281   -104.768
    70.000     25.000      0.000      0.000      2.437    -86.167
    75.000     25.000      0.000      0.000      1.502    -51.306
    80.000     25.000      0.000      0.000      2.046    -30.431
    85.000     25.000      0.000      0.000      3.014    -13.859
    90.000     25.000      0.000      0.000      3.675     -8.189
    95.000     25.000      0.000      0.000      3.496     -1.216
   100.000     25.000      0.000      0.000      3.092     14.399
   105.000     25.000      0.000      0.000      2.916     35.390
   110.000     25.000      0.000      0.000      3.277     47.575
   115.000     25.000      0.000      0.000      3.910     55.800
   120.000     25.000      0.000      0.000      3.920     57.088
   125.000     25.000      0.000      0.000      3.116     55.491
   130.000     25.000      0.000      0.000      1.843     58.122
   135.000     25.000      0.000      0.000      0.000      0.000
   140.000     25.000      0.000      0.000      0.000      0.000
   145.000     25.000      0.000      0.000      0.000      0.000
   -25.000     30.000      0.000      0.000      0.000      0.000
   -20.000     30.000      0.000      0.000      0.000      0.000
   -15.000     30.000      0.000      0.000      0.000      0.000
   -10.000     30.000      0.000      0.000      2.135    -84.881
    -5.000     30.000      0.000      0.000      4.578    -89.192
     0.000     30.000      0.000      0.000      7.273    -93.659
     5.000     30.000      0.000      0.000      9.939    -98.631
    10.000     30.000      0.000      0.000     12.090   -103.928
    15.000     30.000      0.000      0.000     13.467   -108.223
    20.000     30.000      0.000      0.000     14.030   -111.113
    25.000     30.000      0.000      0.000     14.316   -116.455
    30.000     30.000      0.000      0.000     14.428   -121.238
    35.000     30.000      0.000      0.000     13.602   -126.160
    40.000     30.000      0.000      0.000     12.649   -130.426
    45.000     30.000      0.000      0.000     11.832   -133.496
    50.000     30.000      0.000      0.000     10.356   -134.734
    55.000     30.000      0.000      0.000      8.696   -135.402
    60.000     30.000      0.000      0.000      6.184   -134.776
    65.000     30.000      0.000      0.000      3.328   -133.000
    70.000     30.000      0.000      0.000      1.217   -140.908
    75.000     30.000      0.000      0.000      0.290    111.445
    80.000     30.000      0.000      0.000      0.807     47.621
    85.000     30.000      0.000      0.000      1.606     17.658
    90.000     30.000      0.000      0.000      2.160     18.935
    95.000     30.000      0.000      0.000      2.200     27.962
   100.000     30.000      0.000      0.000      2.370     48.691
   105.000     30.000      0.000      0.000      2.570     63.212
   110.000     30.000      0.000      0.000      3.011     70.643
   115.000     30.000      0.000      0.000      3.409     72.199
   120.000     30.000      0.000      0.000      3.307     69.131
   125.000     30.000      0.000      0.000      2.676     67.082
   130.000     30.000      0.000      0.000      1.461     63.783
   135.000     30.000      0.000      0.000      0.000      0.000
   140.000     30.000      0.000      0.000      0.000      0.000
   145.000     30.000      0.000      0.000      0.000      0.000
   -25.000     35.000      0.000      0.000      0.000      0.000
   -20.000     35.000      0.000      0.000      0.000      0.000
   -15.000     35.000      0.000      0.000      0.000      0.000
   -10.000     35.000      0.000      0.000      1.914    -93.464
    -5.000     35.000      0.000      0.000      4.198    -96.127
     0.000     35.000      0.000      0.000      6.621    -98.523
     5.000     35.000      0.000      0.000      8.817   -102.547
    10.000     35.000      0.000      0.000     10.487   -107.207
    15.000     35.000      0.000      0.000     11.273   -110.907
    20.000     35.000      0.000      0.000     11.498   -115.575
    25.000     35.000      0.000      0.000     11.897   -121.772
    30.000     35.000      0.000      0.000     11.949   -128.034
    35.000     35.000      0.000      0.000     11.207   -133.232
    40.000     35.000      0.000      0.000     10.462   -138.012
    45.000     35.000      0.000      0.000      9.869   -141.947
    50.000     35.000      0.000      0.000      8.826   -144.990
    55.000     35.000      0.000      0.000      7.673   -148.112
    60.000     35.000      0.000      0.000      5.749   -150.773
    65.000     35.000      0.000      0.000      3.259   -162.356
    70.000     35.000      0.000      0.000      1.872    157.917
    75.000     35.000      0.000      0.000      1.856    120.029
    80.000     35.000      0.000      0.000      1.749    103.839
    85.000     35.000      0.000      0.000      1.404     88.700
    90.000     35.000      0.000      0.000      1.702     71.651
    95.000     35.000      0.000      0.000      1.927     74.730
   100.000     35.000      0.000      0.000      2.245     79.418
   105.000     35.000      0.000      0.000      2.574     85.330
   110.000     35.000      0.000      0.000      3.033     88.311
   115.000     35.000      0.000      0.000      3.095     86.197
   120.000     35.000      0.000      0.000      2.969     81.672
   125.000     35.000      0.000      0.000      2.337     78.336
   130.000     35.000      0.000      0.000      1.276     78.445
   135.000     35.000      0.000      0.000      0.000      0.000
   140.000     35.000      0.000      0.000      0.000      0.000
   145.000     35.000      0.000      0.000      0.000      0.000
   -25.000     40.000      0.000      0.000      0.000      0.000
   -20.000     40.000      0.000      0.000      0.000      0.000
   -15.000     40.000      0.000      0.000      0.000      0.000
   -10.000     40.000      0.000      0.000      1.926   -101.341
    -5.000     40.000      0.000      0.000      3.763   -103.783
     0.000     40.000      0.000      0.000      5.452   -106.729
     5.000     40.000      0.000      0.000      6.879   -109.706
    10.000     40.000      0.000      0.000      7.879   -112.613
    15.000     40.000      0.000      0.000      8.344   -115.787
    20.000     40.000      0.000      0.000      8.682   -119.620
    25.000     40.000      0.000      0.000      9.054   -126.453
    30.000     40.000      0.000      0.000      9.004   -134.706
    35.000     40.000      0.000      0.000      8.450   -141.111
    40.000     40.000      0.000      0.000      7.902   -146.462
    45.000     40.000      0.000      0.000      7.421   -151.801
    50.000     40.000      0.000      0.000      7.131   -153.954
    55.000     40.000      0.000      0.000      6.479   -157.120
    60.000     40.000      0.000      0.000      5.186   -162.884
    65.000     40.000      0.000      0.000      3.564   -178.876
    70.000     40.000      0.000      0.000      2.628    149.042
    75.000     40.000      0.000      0.000      2.450    124.595
    80.000     40.000      0.000      0.000      2.355    117.024
    85.000     40.000      0.000      0.000      2.026    116.263
    90.000     40.000      0.000      0.000      2.000    106.003
    95.000     40.000      0.000      0.000      2.174     96.215
   100.000     40.000      0.000      0.000      2.323     96.607
   105.000     40.000      0.000      0.000      2.646     97.013
   110.000     40.000      0.000      0.000      2.834     96.588
   115.000     40.000      0.000      0.000      2.787     93.062
   120.000     40.000      0.000      0.000      2.564     85.589
   125.000     40.000      0.000      0.000      2.127     83.283
   130.000     40.000      0.000      0.000      1.211     84.994
   135.000     40.000      0.000      0.000      0.000      0.000
   140.000     40.000      0.000      0.000      0.000      0.000
   145.000     40.000      0.000      0.000      0.000      0.000
   -25.000     45.000      0.000      0.000      0.000      0.000
   -20.000     45.000      0.000      0.000      0.000      0.000
   -15.000     45.000      0.000      0.000      0.000      0.000
   -10.000     45.000      0.000      0.000      1.354   -106.204
    -5.000     45.000      0.000      0.000      2.532   -107.533
     0.000     45.000      0.000      0.000      3.728   -112.350
     5.000     45.000      0.000      0.000      4.746   -116.289
    10.000     45.000      0.000      0.000      5.411   -118.098
    15.000     45.000      0.000      0.000      5.751   -119.584
    20.000     45.000      0.000      0.000      5.875   -123.376
    25.000     45.000      0.000      0.000      5.870   -131.863
    30.000     45.000      0.000      0.000      5.773   -140.791
    35.000     45.000      0.000      0.000      5.600   -149.769
    40.000     45.000      0.000      0.000      5.206   -157.146
    45.000     45.000      0.000      0.000      5.120   -160.590
    50.000     45.000      0.000      0.000      5.064   -162.295
    55.000     45.000      0.000      0.000      4.690   -163.208
    60.000     45.000      0.000      0.000      3.926   -171.516
    65.000     45.000      0.000      0.000      3.075    175.741
    70.000     45.000      0.000      0.000      2.409    149.341
    75.000     45.000      0.000      0.000      2.356    129.442
    80.000     45.000      0.000      0.000      2.289    121.320
    85.000     45.000      0.000      0.000      2.060    121.946
    90.000     45.000      0.000      0.000      1.926    117.769
    95.000     45.000      0.000      0.000      1.890    110.168
   100.000     45.000      0.000      0.000      1.795    105.139
   105.000     45.000      0.000      0.000      1.781    104.564
   110.000     45.000      0.000      0.000      1.959    101.270
   115.000     45.000      0.000      0.000      1.956     96.307
   120.000     45.000      0.000      0.000      1.880     89.971
   125.000     45.000      0.000      0.000      1.638     86.571
   130.000     45.000      0.000      0.000      0.986     86.042
   135.000     45.000      0.000      0.000      0.000      0.000
   140.000     45.000      0.000      0.000      0.000      0.000
   145.000     45.000      0.000      0.000      0.000      0.000
   -25.000     50.000      0.000      0.000      0.000      0.000
   -20.000     50.000      0.000      0.000      0.000      0.000
   -15.000     50.000      0.000      0.000      0.000      0.000
   -10.000     50.000      0.000      0.000      0.744   -110.323
    -5.000     50.000      0.000      0.000      1.280   -110.661
     0.000     50.000      0.000      0.000      1.890   -116.784
     5.000     50.000      0.000      0.000      2.446   -121.465
    10.000     50.000      0.000      0.000      2.760   -121.645
    15.000     50.000      0.000      0.000      2.854   -121.485
    20.000     50.000      0.000      0.000      2.901   -126.395
    25.000     50.000      0.000      0.000      2.777   -135.117
    30.000     50.000      0.000      0.000      2.748   -148.162
    35.000     50.000      0.000      0.000      2.864   -152.601
    40.000     50.000      0.000      0.000      2.693   -163.453
    45.000     50.000      0.000      0.000      2.592   -167.025
    50.000     50.000      0.000      0.000      2.605   -169.383
    55.000     50.000      0.000      0.000      2.365   -169.514
    60.000     50.000      0.000      0.000      2.017   -173.679
    65.000     50.000      0.000      0.000      1.689    172.565
    70.000     50.000      0.000      0.000      1.480    144.077
    75.000     50.000      0.000      0.000      1.441    132.624
    80.000     50.000      0.000      0.000      1.384    120.699
    85.000     50.000      0.000      0.000      1.275    123.125
    90.000     50.000      0.000      0.000      1.252    126.651
    95.000     50.000      0.000      0.000      1.161    123.185
   100.000     50.000      0.000      0.000      0.965    118.392
   105.000     50.000      0.000      0.000      0.878    113.299
   110.000     50.000      0.000      0.000      0.811    105.501
   115.000     50.000      0.000      0.000      0.951     94.881
   120.000     50.000      0.000      0.000      1.015     91.742
   125.000     50.000      0.000      0.000      0.969     88.547
   130.000     50.000      0.000      0.000      0.590     87.924
   135.000     50.000      0.000      0.000      0.000      0.000
   140.000     50.000      0.000      0.000      0.000      0.000
   145.000     50.000      0.000      0.000      0.000      0.000
   -25.000     55.000      0.000      0.000      0.000      0.000
   -20.000     55.000      0.000      0.000      0.000      0.000
   -15.000     55.000      0.000      0.000      0.000      0.000
   -10.000     55.000      0.000      0.000      0.000      0.000
    -5.000     55.000      0.000      0.000      0.000      0.000
     0.000     55.000      0.000      0.000      0.000      0.000
     5.000     55.000      0.000      0.000      0.000      0.000
    10.000     55.000      0.000      0.000      0.000      0.000
    15.000     55.000      0.000      0.000      0.000      0.000
    20.000     55.000      0.000      0.000      0.000      0.000
    25.000     55.000      0.000      0.000      0.000      0.000
    30.000     55.000      0.000      0.000      0.000      0.000
    35.000     55.000      0.000      0.000      0.000      0.000
    40.000     55.000      0.000      0.000      0.000      0.000
    45.000     55.000      0.000      0.000      0.000      0.000
    50.000     55.000      0.000      0.000      0.000      0.000
    55.000     55.000      0.000      0.000      0.000      0.000
    60.000     55.000      0.000      0.000      0.000      0.000
    65.000     55.000      0.000      0.000      0.000      0.000
    70.000     55.000      0.000      0.000      0.000      0.000
    75.000     55.000      0.000      0.000      0.000      0.000
    80.000     55.000      0.000      0.000      0.000      0.000
    85.000     55.000      0.000      0.000      0.000      0.000
    90.000     55.000      0.000      0.000      0.000      0.000
    95.000     55.000      0.000      0.000      0.000      0.000
   100.000     55.000      0.000      0.000      0.000      0.000
   105.000     55.000      0.000      0.000      0.000      0.000
   110.000     55.000      0.000      0.000      0.000      0.000
   115.000     55.000      0.000      0.000      0.000      0.000
   120.000     55.000      0.000      0.000      0.000      0.000
   125.000     55.000      0.000      0.000      0.000      0.000
   130.000     55.000      0.000      0.000      0.000      0.000
   135.000     55.000      0.000      0.000      0.000      0.000
   140.000     55.000      0.000      0.000      0.000      0.000
   145.000     55.000      0.000      0.000      0.000      0.000
   -25.000     60.000      0.000      0.000      0.000      0.000
   -20.000     60.000      0.000      0.000      0.000      0.000
   -15.000     60.000      0.000      0.000      0.000      0.000
   -10.000     60.000      0.000      0.000      0.000      0.000
    -5.000     60.000      0.000      0.000      0.000      0.000
     0.000     60.000      0.000      0.000      0.000      0.000
     5.000     60.000      0.000      0.000      0.000      0.000
    10.000     60.000      0.000      0.000      0.000      0.000
    15.000     60.000      0.000      0.000      0.000      0.000
    20.000     60.000      0.000      0.000      0.000      0.000
    25.000     60.000      0.000      0.000      0.000      0.000
    30.000     60.000      0.000      0.000      0.000      0.000
    35.000     60.000      0.000      0.000      0.000      0.000
    40.000     60.000      0.000      0.000      0.000      0.000
    45.000     60.000      0.000      0.000      0.000      0.000
    50.000     60.000      0.000      0.000      0.000      0.000
    55.000     60.000      0.000      0.000      0.000      0.000
    60.000     60.000      0.000      0.000      0.000      0.000
    65.000     60.000      0.000      0.000      0.000      0.000
    70.000     60.000      0.000      0.000      0.000      0.000
    75.000     60.000      0.000      0.000      0.000      0.000
    80.000     60.000      0.000      0.000      0.000      0.000
    85.000     60.000      0.000      0.000      0.000      0.000
    90.000     60.000      0.000      0.000      0.000      0.000
    95.000     60.000      0.000      0.000      0.000      0.000
   100.000     60.000      0.000      0.000      0.000      0.000
   105.000     60.000      0.000      0.000      0.000      0.000
   110.000     60.000      0.000      0.000      0.000      0.000
   115.000     60.000      0.000      0.000      0.000      0.000
   120.000     60.000      0.000      0.000      0.000      0.000
   125.000     60.000      0.000      0.000      0.000      0.000
   130.000     60.000      0.000      0.000      0.000      0.000
   135.000     60.000      0.000      0.000      0.000      0.000
   140.000     60.000      0.000      0.000      0.000      0.000
   145.000     60.000      0.000      0.000      0.000      0.000
   -25.000     65.000      0.000      0.000      0.000      0.000
   -20.000     65.000      0.000      0.000      0.000      0.000
   -15.000     65.000      0.000      0.000      0.000      0.000
   -10.000     65.000      0.000      0.000      0.000      0.000
    -5.000     65.000      0.000      0.000      0.000      0.000
     0.000     65.000      0.000      0.000      0.000      0.000
     5.000     65.000      0.000      0.000      0.000      0.000
    10.000     65.000      0.000      0.000      0.000      0.000
    15.000     65.000      0.000      0.000      0.000      0.000
    20.000     65.000      0.000      0.000      0.000      0.000
    25.000     65.000      0.000      0.000      0.000      0.000
    30.000     65.000      0.000      0.000      0.000      0.000
    35.000     65.000      0.000      0.000      0.000      0.000
    40.000     65.000      0.000      0.000      0.000      0.000
    45.000     65.000      0.000      0.000      0.000      0.000
    50.000     65.000      0.000      0.000      0.000      0.000
    55.000     65.000      0.000      0.000      0.000      0.000
    60.000     65.000      0.000      0.000      0.000      0.000
    65.000     65.000      0.000      0.000      0.000      0.000
    70.000     65.000      0.000      0.000      0.000      0.000
    75.000     65.000      0.000      0.000      0.000      0.000
    80.000     65.000      0.000      0.000      0.000      0.000
    85.000     65.000      0.000      0.000      0.000      0.000
    90.000     65.000      0.000      0.000      0.000      0.000
    95.000     65.000      0.000      0.000      0.000      0.000
   100.000     65.000      0.000      0.000      0.000      0.000
   105.000     65.000      0.000      0.000      0.000      0.000
   110.000     65.000      0.000      0.000      0.000      0.000
   115.000     65.000      0.000      0.000      0.000      0.000
   120.000     65.000      0.000      0.000      0.000      0.000
   125.000     65.000      0.000      0.000      0.000      0.000
   130.000     65.000      0.000      0.000      0.000      0.000
   135.000     65.000      0.000      0.000      0.000      0.000
   140.000     65.000      0.000      0.000      0.000      0.000
   145.000     65.000      0.000      0.000      0.000      0.000
