   -25.000    -50.000      0.000      0.000      0.000      0.000
   -20.000    -50.000      0.000      0.000      0.000      0.000
   -15.000    -50.000      0.000      0.000      0.000      0.000
   -10.000    -50.000      0.000      0.000      0.000      0.000
    -5.000    -50.000      0.000      0.000      0.000      0.000
     0.000    -50.000      0.000      0.000      0.000      0.000
     5.000    -50.000      0.000      0.000      0.000      0.000
    10.000    -50.000      0.000      0.000      0.000      0.000
    15.000    -50.000      0.000      0.000      0.000      0.000
    20.000    -50.000      0.000      0.000      0.000      0.000
    25.000    -50.000      0.000      0.000      0.000      0.000
    30.000    -50.000      0.000      0.000      0.000      0.000
    35.000    -50.000      0.000      0.000      0.000      0.000
    40.000    -50.000      0.000      0.000      0.000      0.000
    45.000    -50.000      0.000      0.000      0.000      0.000
    50.000    -50.000      0.000      0.000      0.000      0.000
    55.000    -50.000      0.000      0.000      0.000      0.000
    60.000    -50.000      0.000      0.000      0.000      0.000
    65.000    -50.000      0.000      0.000      0.000      0.000
    70.000    -50.000      0.000      0.000      0.000      0.000
    75.000    -50.000      0.000      0.000      0.000      0.000
    80.000    -50.000      0.000      0.000      0.000      0.000
    85.000    -50.000      0.000      0.000      0.000      0.000
    90.000    -50.000      0.000      0.000      0.000      0.000
    95.000    -50.000      0.000      0.000      0.000      0.000
   100.000    -50.000      0.000      0.000      0.000      0.000
   105.000    -50.000      0.000      0.000      0.000      0.000
   110.000    -50.000      0.000      0.000      0.000      0.000
   115.000    -50.000      0.000      0.000      0.000      0.000
   120.000    -50.000      0.000      0.000      0.000      0.000
   125.000    -50.000      0.000      0.000      0.000      0.000
   130.000    -50.000      0.000      0.000      0.000      0.000
   135.000    -50.000      0.000      0.000      0.000      0.000
   140.000    -50.000      0.000      0.000      0.000      0.000
   145.000    -50.000      0.000      0.000      0.000      0.000
   -25.000    -45.000      0.000      0.000      0.000      0.000
   -20.000    -45.000      0.000      0.000      0.000      0.000
   -15.000    -45.000      0.000      0.000      0.000      0.000
   -10.000    -45.000      0.000      0.000      0.000      0.000
    -5.000    -45.000      0.000      0.000      0.000      0.000
     0.000    -45.000      0.000      0.000      0.000      0.000
     5.000    -45.000      0.000      0.000      0.000      0.000
    10.000    -45.000      0.000      0.000      0.000      0.000
    15.000    -45.000      0.000      0.000      0.000      0.000
    20.000    -45.000      0.000      0.000      0.000      0.000
    25.000    -45.000      0.000      0.000      0.000      0.000
    30.000    -45.000      0.000      0.000      0.000      0.000
    35.000    -45.000      0.000      0.000      0.000      0.000
    40.000    -45.000      0.000      0.000      0.000      0.000
    45.000    -45.000      0.000      0.000      0.000      0.000
    50.000    -45.000      0.000      0.000      0.000      0.000
    55.000    -45.000      0.000      0.000      0.000      0.000
    60.000    -45.000      0.000      0.000      0.000      0.000
    65.000    -45.000      0.000      0.000      0.000      0.000
    70.000    -45.000      0.000      0.000      0.000      0.000
    75.000    -45.000      0.000      0.000      0.000      0.000
    80.000    -45.000      0.000      0.000      0.000      0.000
    85.000    -45.000      0.000      0.000      0.000      0.000
    90.000    -45.000      0.000      0.000      0.000      0.000
    95.000    -45.000      0.000      0.000      0.000      0.000
   100.000    -45.000      0.000      0.000      0.000      0.000
   105.000    -45.000      0.000      0.000      0.000      0.000
   110.000    -45.000      0.000      0.000      0.000      0.000
   115.000    -45.000      0.000      0.000      0.000      0.000
   120.000    -45.000      0.000      0.000      0.000      0.000
   125.000    -45.000      0.000      0.000      0.000      0.000
   130.000    -45.000      0.000      0.000      0.000      0.000
   135.000    -45.000      0.000      0.000      0.000      0.000
   140.000    -45.000      0.000      0.000      0.000      0.000
   145.000    -45.000      0.000      0.000      0.000      0.000
   -25.000    -40.000      0.000      0.000      0.000      0.000
   -20.000    -40.000      0.000      0.000      0.000      0.000
   -15.000    -40.000      0.000      0.000      0.000      0.000
   -10.000    -40.000      0.000      0.000      0.000      0.000
    -5.000    -40.000      0.000      0.000      0.000      0.000
     0.000    -40.000      0.000      0.000      0.000      0.000
     5.000    -40.000      0.000      0.000      0.000      0.000
    10.000    -40.000      0.000      0.000      0.000      0.000
    15.000    -40.000      0.000      0.000      0.000      0.000
    20.000    -40.000      0.000      0.000      0.000      0.000
    25.000    -40.000      0.000      0.000      0.000      0.000
    30.000    -40.000      0.000      0.000      0.000      0.000
    35.000    -40.000      0.000      0.000      0.000      0.000
    40.000    -40.000      0.000      0.000      0.000      0.000
    45.000    -40.000      0.000      0.000      0.000      0.000
    50.000    -40.000      0.000      0.000      0.000      0.000
    55.000    -40.000      0.000      0.000      0.000      0.000
    60.000    -40.000      0.000      0.000      0.000      0.000
    65.000    -40.000      0.000      0.000      0.000      0.000
    70.000    -40.000      0.000      0.000      0.000      0.000
    75.000    -40.000      0.000      0.000      0.000      0.000
    80.000    -40.000      0.000      0.000      0.000      0.000
    85.000    -40.000      0.000      0.000      0.000      0.000
    90.000    -40.000      0.000      0.000      0.000      0.000
    95.000    -40.000      0.000      0.000      0.000      0.000
   100.000    -40.000      0.000      0.000      0.000      0.000
   105.000    -40.000      0.000      0.000      0.000      0.000
   110.000    -40.000      0.000      0.000      0.000      0.000
   115.000    -40.000      0.000      0.000      0.000      0.000
   120.000    -40.000      0.000      0.000      0.000      0.000
   125.000    -40.000      0.000      0.000      0.000      0.000
   130.000    -40.000      0.000      0.000      0.000      0.000
   135.000    -40.000      0.000      0.000      0.000      0.000
   140.000    -40.000      0.000      0.000      0.000      0.000
   145.000    -40.000      0.000      0.000      0.000      0.000
   -25.000    -35.000      0.000      0.000      0.000      0.000
   -20.000    -35.000      0.000      0.000      0.000      0.000
   -15.000    -35.000      0.000      0.000      0.000      0.000
   -10.000    -35.000      0.000      0.000      1.138     73.684
    -5.000    -35.000      0.000      0.000      2.070     69.858
     0.000    -35.000      0.000      0.000      2.729     66.422
     5.000    -35.000      0.000      0.000      2.965     61.516
    10.000    -35.000      0.000      0.000      2.837     54.542
    15.000    -35.000      0.000      0.000      2.710     48.937
    20.000    -35.000      0.000      0.000      2.816     50.825
    25.000    -35.000      0.006     67.039      2.320     52.480
    30.000    -35.000      0.063    172.565      1.570     63.022
    35.000    -35.000      0.033   -143.795      0.619     63.596
    40.000    -35.000      0.144    -89.220      0.584    -83.381
    45.000    -35.000      0.200    -69.001      1.586    -95.622
    50.000    -35.000      0.235    -55.168      1.964    -91.639
    55.000    -35.000      0.270    -48.208      1.986    -82.023
    60.000    -35.000      0.297    -41.385      2.185    -77.202
    65.000    -35.000      0.321    -37.556      2.531    -72.998
    70.000    -35.000      0.330    -34.360      2.702    -70.670
    75.000    -35.000      0.335    -32.393      2.343    -61.898
    80.000    -35.000      0.337    -31.597      2.311    -62.288
    85.000    -35.000      0.338    -31.231      1.962    -63.325
    90.000    -35.000      0.339    -31.584      2.227    -71.564
    95.000    -35.000      0.339    -30.922      2.314    -67.479
   100.000    -35.000      0.340    -27.868      1.910    -53.732
   105.000    -35.000      0.330    -23.434      1.836    -43.948
   110.000    -35.000      0.307    -20.712      1.714    -38.425
   115.000    -35.000      0.275    -20.260      1.809    -40.288
   120.000    -35.000      0.233    -21.514      1.685    -47.667
   125.000    -35.000      0.184    -26.087      1.021    -43.514
   130.000    -35.000      0.125    -35.013      0.447    -30.005
   135.000    -35.000      0.000      0.000      0.000      0.000
   140.000    -35.000      0.000      0.000      0.000      0.000
   145.000    -35.000      0.000      0.000      0.000      0.000
   -25.000    -30.000      0.000      0.000      0.000      0.000
   -20.000    -30.000      0.000      0.000      0.000      0.000
   -15.000    -30.000      0.000      0.000      0.000      0.000
   -10.000    -30.000      0.000      0.000      2.094     77.407
    -5.000    -30.000      0.000      0.000      3.380     73.889
     0.000    -30.000      0.000      0.000      4.224     68.148
     5.000    -30.000      0.000      0.000      4.605     62.850
    10.000    -30.000      0.000      0.000      4.330     56.100
    15.000    -30.000      0.000      0.000      3.907     48.994
    20.000    -30.000      0.000      0.000      3.592     44.801
    25.000    -30.000      0.000      0.000      3.227     43.797
    30.000    -30.000      0.000      0.000      2.330     37.388
    35.000    -30.000      0.048     75.828      0.827     16.818
    40.000    -30.000      0.143    -80.490      1.507    -86.199
    45.000    -30.000      0.255    -60.506      3.608    -96.469
    50.000    -30.000      0.351    -47.743      4.342    -96.466
    55.000    -30.000      0.429    -41.332      4.304    -87.895
    60.000    -30.000      0.485    -36.884      4.162    -80.399
    65.000    -30.000      0.513    -33.091      4.429    -74.270
    70.000    -30.000      0.534    -28.720      4.552    -72.220
    75.000    -30.000      0.551    -25.283      4.120    -69.698
    80.000    -30.000      0.564    -23.299      3.900    -69.033
    85.000    -30.000      0.566    -22.667      3.446    -65.058
    90.000    -30.000      0.566    -22.752      3.614    -65.810
    95.000    -30.000      0.558    -22.753      3.741    -63.597
   100.000    -30.000      0.541    -24.558      3.169    -53.160
   105.000    -30.000      0.498    -26.115      3.069    -47.460
   110.000    -30.000      0.449    -26.133      3.063    -41.101
   115.000    -30.000      0.391    -27.011      3.153    -44.593
   120.000    -30.000      0.317    -30.106      2.696    -46.409
   125.000    -30.000      0.227    -38.904      1.764    -46.537
   130.000    -30.000      0.125    -55.118      0.810    -40.186
   135.000    -30.000      0.000      0.000      0.000      0.000
   140.000    -30.000      0.000      0.000      0.000      0.000
   145.000    -30.000      0.000      0.000      0.000      0.000
   -25.000    -25.000      0.000      0.000      0.000      0.000
   -20.000    -25.000      0.000      0.000      0.000      0.000
   -15.000    -25.000      0.000      0.000      0.000      0.000
   -10.000    -25.000      0.000      0.000      1.768     72.062
    -5.000    -25.000      0.000      0.000      3.118     67.261
     0.000    -25.000      0.000      0.000      4.169     63.602
     5.000    -25.000      0.000      0.000      4.652     58.190
    10.000    -25.000      0.000      0.000      4.471     49.566
    15.000    -25.000      0.000      0.000      3.969     36.089
    20.000    -25.000      0.000      0.000      3.639     25.704
    25.000    -25.000      0.000      0.000      2.990     19.470
    30.000    -25.000      0.000      0.000      2.044     -0.963
    35.000    -25.000      0.009    134.750      1.586    -61.903
    40.000    -25.000      0.180    -88.135      3.304    -91.893
    45.000    -25.000      0.249    -68.342      5.458    -97.082
    50.000    -25.000      0.330    -51.908      6.654    -99.019
    55.000    -25.000      0.406    -42.009      6.732    -95.334
    60.000    -25.000      0.473    -34.470      6.201    -88.077
    65.000    -25.000      0.528    -27.351      5.998    -81.509
    70.000    -25.000      0.581    -22.834      5.810    -76.994
    75.000    -25.000      0.620    -19.596      5.276    -73.995
    80.000    -25.000      0.649    -17.323      4.734    -73.870
    85.000    -25.000      0.653    -15.694      4.175    -69.433
    90.000    -25.000      0.632    -14.867      4.051    -62.403
    95.000    -25.000      0.613    -15.093      4.224    -60.248
   100.000    -25.000      0.592    -16.637      3.950    -54.048
   105.000    -25.000      0.553    -19.142      3.777    -50.205
   110.000    -25.000      0.491    -23.725      3.989    -47.769
   115.000    -25.000      0.411    -29.052      4.040    -48.460
   120.000    -25.000      0.315    -34.365      3.298    -46.973
   125.000    -25.000      0.201    -39.164      1.959    -41.909
   130.000    -25.000      0.090    -43.484      0.866    -39.885
   135.000    -25.000      0.000      0.000      0.000      0.000
   140.000    -25.000      0.000      0.000      0.000      0.000
   145.000    -25.000      0.000      0.000      0.000      0.000
   -25.000    -20.000      0.000      0.000      0.000      0.000
   -20.000    -20.000      0.000      0.000      0.000      0.000
   -15.000    -20.000      0.000      0.000      0.000      0.000
   -10.000    -20.000      0.000      0.000      1.663     58.274
    -5.000    -20.000      0.000      0.000      2.674     57.876
     0.000    -20.000      0.000      0.000      3.068     54.568
     5.000    -20.000      0.000      0.000      2.822     42.957
    10.000    -20.000      0.000      0.000      2.692     20.460
    15.000    -20.000      0.000      0.000      3.126      5.154
    20.000    -20.000      0.000      0.000      3.317    -12.132
    25.000    -20.000      0.000      0.000      3.175    -31.399
    30.000    -20.000      0.000      0.000      3.406    -58.920
    35.000    -20.000      0.000      0.000      4.471    -83.027
    40.000    -20.000      0.019    -94.597      5.901    -96.672
    45.000    -20.000      0.151    -81.192      8.002   -100.017
    50.000    -20.000      0.235    -50.656      9.040   -101.009
    55.000    -20.000      0.313    -36.017      9.083    -99.397
    60.000    -20.000      0.379    -26.148      8.535    -94.340
    65.000    -20.000      0.439    -18.586      7.630    -87.511
    70.000    -20.000      0.486    -13.710      6.862    -83.227
    75.000    -20.000      0.526     -9.624      5.757    -78.504
    80.000    -20.000      0.568     -6.874      4.916    -77.499
    85.000    -20.000      0.603     -6.731      4.597    -75.504
    90.000    -20.000      0.611     -8.086      4.277    -66.531
    95.000    -20.000      0.596     -9.190      4.181    -58.910
   100.000    -20.000      0.558    -10.818      3.972    -53.476
   105.000    -20.000      0.507    -13.498      3.955    -53.358
   110.000    -20.000      0.444    -16.008      4.106    -56.134
   115.000    -20.000      0.373    -19.698      3.926    -55.656
   120.000    -20.000      0.288    -23.799      3.093    -51.366
   125.000    -20.000      0.189    -26.656      1.858    -43.531
   130.000    -20.000      0.086    -29.523      0.918    -45.555
   135.000    -20.000      0.000      0.000      0.000      0.000
   140.000    -20.000      0.000      0.000      0.000      0.000
   145.000    -20.000      0.000      0.000      0.000      0.000
   -25.000    -15.000      0.000      0.000      0.000      0.000
   -20.000    -15.000      0.000      0.000      0.000      0.000
   -15.000    -15.000      0.000      0.000      0.000      0.000
   -10.000    -15.000      0.000      0.000      0.990     52.895
    -5.000    -15.000      0.000      0.000      1.508     69.734
     0.000    -15.000      0.000      0.000      1.545     55.221
     5.000    -15.000      0.000      0.000      1.353     10.534
    10.000    -15.000      0.000      0.000      2.296    -37.493
    15.000    -15.000      0.000      0.000      3.760    -46.495
    20.000    -15.000      0.000      0.000      4.689    -56.476
    25.000    -15.000      0.000      0.000      5.741    -65.280
    30.000    -15.000      0.000      0.000      6.815    -77.373
    35.000    -15.000      0.000      0.000      8.756    -88.107
    40.000    -15.000      0.016    -69.251      9.757    -95.904
    45.000    -15.000      0.086    -21.341     11.161   -100.533
    50.000    -15.000      0.203    -27.288     11.858   -103.019
    55.000    -15.000      0.257    -21.660     11.567   -101.909
    60.000    -15.000      0.284    -13.822     10.698    -98.319
    65.000    -15.000      0.327     -3.957      9.331    -94.245
    70.000    -15.000      0.387      3.072      7.745    -89.228
    75.000    -15.000      0.430      6.060      5.793    -84.536
    80.000    -15.000      0.455      7.420      4.477    -81.095
    85.000    -15.000      0.467      7.123      4.089    -78.702
    90.000    -15.000      0.469      5.728      4.029    -69.340
    95.000    -15.000      0.463      2.636      3.930    -61.239
   100.000    -15.000      0.445     -2.480      3.605    -55.366
   105.000    -15.000      0.419     -6.166      3.695    -57.177
   110.000    -15.000      0.383     -7.276      3.989    -63.778
   115.000    -15.000      0.327     -6.900      3.703    -65.804
   120.000    -15.000      0.245     -3.606      2.656    -64.853
   125.000    -15.000      0.158      5.295      1.522    -58.442
   130.000    -15.000      0.087     21.067      0.772    -57.628
   135.000    -15.000      0.000      0.000      0.000      0.000
   140.000    -15.000      0.000      0.000      0.000      0.000
   145.000    -15.000      0.000      0.000      0.000      0.000
   -25.000    -10.000      0.000      0.000      0.000      0.000
   -20.000    -10.000      0.000      0.000      0.000      0.000
   -15.000    -10.000      0.000      0.000      0.000      0.000
   -10.000    -10.000      0.000      0.000      0.395      6.702
    -5.000    -10.000      0.000      0.000      0.358    -31.792
     0.000    -10.000      0.000      0.000      1.043    -68.556
     5.000    -10.000      0.000      0.000      2.367    -72.759
    10.000    -10.000      0.000      0.000      4.042    -69.778
    15.000    -10.000      0.000      0.000      5.928    -69.141
    20.000    -10.000      0.000      0.000      7.770    -76.260
    25.000    -10.000      0.000      0.000      9.333    -80.867
    30.000    -10.000      0.000      0.000     10.830    -84.482
    35.000    -10.000      0.000      0.000     12.725    -90.261
    40.000    -10.000      0.000      0.000     13.719    -96.756
    45.000    -10.000      0.038     89.405     14.308   -101.143
    50.000    -10.000      0.129     -2.451     14.514   -104.057
    55.000    -10.000      0.208     -2.119     13.852   -104.969
    60.000    -10.000      0.265      7.643     12.699   -103.618
    65.000    -10.000      0.299     15.020     10.933    -99.147
    70.000    -10.000      0.320     19.483      8.907    -94.877
    75.000    -10.000      0.345     22.706      6.349    -91.401
    80.000    -10.000      0.368     23.899      4.416    -88.709
    85.000    -10.000      0.371     22.249      3.620    -85.288
    90.000    -10.000      0.354     19.811      3.373    -76.058
    95.000    -10.000      0.333     17.529      3.221    -67.655
   100.000    -10.000      0.307     14.293      2.903    -57.263
   105.000    -10.000      0.279     13.674      2.991    -63.114
   110.000    -10.000      0.258     15.983      3.292    -70.687
   115.000    -10.000      0.240     19.785      3.048    -76.572
   120.000    -10.000      0.205     24.000      2.097    -81.476
   125.000    -10.000      0.151     31.173      1.251    -80.861
   130.000    -10.000      0.079     45.746      0.669    -76.862
   135.000    -10.000      0.000      0.000      0.000      0.000
   140.000    -10.000      0.000      0.000      0.000      0.000
   145.000    -10.000      0.000      0.000      0.000      0.000
   -25.000     -5.000      0.000      0.000      0.000      0.000
   -20.000     -5.000      0.000      0.000      0.000      0.000
   -15.000     -5.000      0.000      0.000      0.000      0.000
   -10.000     -5.000      0.000      0.000      0.797    -61.306
    -5.000     -5.000      0.000      0.000      1.912    -82.233
     0.000     -5.000      0.000      0.000      3.591    -89.502
     5.000     -5.000      0.000      0.000      5.407    -88.669
    10.000     -5.000      0.000      0.000      7.016    -84.642
    15.000     -5.000      0.000      0.000      8.741    -81.539
    20.000     -5.000      0.000      0.000     10.662    -83.538
    25.000     -5.000      0.000      0.000     12.890    -87.954
    30.000     -5.000      0.000      0.000     14.468    -90.821
    35.000     -5.000      0.000      0.000     15.909    -94.263
    40.000     -5.000      0.000      0.000     16.978    -97.089
    45.000     -5.000      0.041    -26.279     16.955   -101.207
    50.000     -5.000      0.122     23.543     16.407   -104.507
    55.000     -5.000      0.207     27.103     15.404   -106.786
    60.000     -5.000      0.264     28.559     13.978   -107.355
    65.000     -5.000      0.293     28.774     12.127   -105.549
    70.000     -5.000      0.318     29.340      9.960   -102.172
    75.000     -5.000      0.328     30.382      7.067    -98.517
    80.000     -5.000      0.318     32.635      4.733    -96.028
    85.000     -5.000      0.283     34.251      3.229    -92.703
    90.000     -5.000      0.242     37.142      2.605    -86.930
    95.000     -5.000      0.218     41.692      2.472    -80.250
   100.000     -5.000      0.198     45.596      2.223    -69.167
   105.000     -5.000      0.171     49.005      2.552    -75.634
   110.000     -5.000      0.142     54.908      2.702    -84.858
   115.000     -5.000      0.121     60.086      2.536    -96.075
   120.000     -5.000      0.122     61.999      1.891   -106.461
   125.000     -5.000      0.126     55.541      1.391   -108.174
   130.000     -5.000      0.110     51.416      0.698   -105.516
   135.000     -5.000      0.000      0.000      0.000      0.000
   140.000     -5.000      0.000      0.000      0.000      0.000
   145.000     -5.000      0.000      0.000      0.000      0.000
   -25.000      0.000      0.000      0.000      0.000      0.000
   -20.000      0.000      0.000      0.000      0.000      0.000
   -15.000      0.000      0.000      0.000      0.000      0.000
   -10.000      0.000      0.000      0.000      1.855    -76.021
    -5.000      0.000      0.000      0.000      4.241    -83.861
     0.000      0.000      0.000      0.000      6.394    -88.008
     5.000      0.000      0.000      0.000      8.383    -89.483
    10.000      0.000      0.000      0.000     10.013    -89.019
    15.000      0.000      0.000      0.000     11.352    -86.700
    20.000      0.000      0.000      0.000     13.141    -87.941
    25.000      0.000      0.000      0.000     15.383    -91.661
    30.000      0.000      0.000      0.000     17.252    -95.694
    35.000      0.000      0.000      0.000     18.321    -98.490
    40.000      0.000      0.000      0.000     18.745    -99.635
    45.000      0.000      0.104     24.912     18.615   -101.655
    50.000      0.000      0.169     42.492     17.419   -105.683
    55.000      0.000      0.257     45.472     16.313   -107.894
    60.000      0.000      0.327     45.020     14.748   -109.901
    65.000      0.000      0.367     44.478     12.781   -110.667
    70.000      0.000      0.356     43.829     10.376   -109.107
    75.000      0.000      0.323     44.008      7.723   -106.521
    80.000      0.000      0.284     45.436      5.146   -103.103
    85.000      0.000      0.239     48.182      2.982    -99.671
    90.000      0.000      0.193     56.402      1.825    -98.896
    95.000      0.000      0.153     72.114      1.844    -95.747
   100.000      0.000      0.127     93.846      2.134    -91.351
   105.000      0.000      0.115    110.611      2.448    -93.495
   110.000      0.000      0.105    121.548      2.633   -100.263
   115.000      0.000      0.093    127.577      2.283   -114.869
   120.000      0.000      0.079    119.442      1.919   -127.047
   125.000      0.000      0.059     96.652      1.521   -129.771
   130.000      0.000      0.043     66.454      0.725   -135.489
   135.000      0.000      0.000      0.000      0.000      0.000
   140.000      0.000      0.000      0.000      0.000      0.000
   145.000      0.000      0.000      0.000      0.000      0.000
   -25.000      5.000      0.000      0.000      0.000      0.000
   -20.000      5.000      0.000      0.000      0.000      0.000
   -15.000      5.000      0.000      0.000      0.000      0.000
   -10.000      5.000      0.000      0.000      2.838    -79.999
    -5.000      5.000      0.000      0.000      5.770    -84.425
     0.000      5.000      0.000      0.000      8.216    -88.390
     5.000      5.000      0.000      0.000     10.316    -90.243
    10.000      5.000      0.000      0.000     12.195    -89.426
    15.000      5.000      0.000      0.000     13.584    -87.941
    20.000      5.000      0.000      0.000     14.555    -89.232
    25.000      5.000      0.000      0.000     16.252    -93.300
    30.000      5.000      0.000      0.000     18.196    -97.958
    35.000      5.000      0.000      0.000     19.148   -100.866
    40.000      5.000      0.000      0.000     19.315   -102.259
    45.000      5.000      0.033     66.735     19.222   -103.855
    50.000      5.000      0.158     53.668     17.356   -106.459
    55.000      5.000      0.280     53.443     16.027   -109.333
    60.000      5.000      0.342     53.751     14.377   -112.351
    65.000      5.000      0.362     53.657     12.504   -114.736
    70.000      5.000      0.355     52.706     10.149   -115.255
    75.000      5.000      0.328     53.187      7.957   -113.476
    80.000      5.000      0.272     57.132      5.301   -112.340
    85.000      5.000      0.212     64.513      2.748   -108.050
    90.000      5.000      0.162     76.420      1.332   -112.340
    95.000      5.000      0.128     96.672      0.937   -125.421
   100.000      5.000      0.122    125.621      1.670   -113.261
   105.000      5.000      0.137    147.065      2.026   -111.565
   110.000      5.000      0.153    155.830      2.123   -117.041
   115.000      5.000      0.153    163.925      1.993   -130.623
   120.000      5.000      0.141    176.087      1.964   -138.510
   125.000      5.000      0.118   -163.896      1.621   -142.684
   130.000      5.000      0.080   -141.743      0.964   -147.284
   135.000      5.000      0.000      0.000      0.000      0.000
   140.000      5.000      0.000      0.000      0.000      0.000
   145.000      5.000      0.000      0.000      0.000      0.000
   -25.000     10.000      0.000      0.000      0.000      0.000
   -20.000     10.000      0.000      0.000      0.000      0.000
   -15.000     10.000      0.000      0.000      0.000      0.000
   -10.000     10.000      0.000      0.000      3.311    -81.924
    -5.000     10.000      0.000      0.000      6.274    -85.838
     0.000     10.000      0.000      0.000      8.861    -88.718
     5.000     10.000      0.000      0.000     10.959    -89.663
    10.000     10.000      0.000      0.000     12.744    -89.433
    15.000     10.000      0.000      0.000     14.135    -88.846
    20.000     10.000      0.000      0.000     14.591    -90.188
    25.000     10.000      0.000      0.000     15.565    -94.771
    30.000     10.000      0.000      0.000     17.400    -99.264
    35.000     10.000      0.000      0.000     18.368   -102.039
    40.000     10.000      0.000      0.000     18.288   -103.802
    45.000     10.000      0.056    -70.157     17.865   -104.995
    50.000     10.000      0.107     43.798     16.503   -107.070
    55.000     10.000      0.238     58.127     14.658   -110.384
    60.000     10.000      0.324     61.685     13.042   -114.152
    65.000     10.000      0.345     62.239     11.301   -117.200
    70.000     10.000      0.336     61.559      9.607   -119.103
    75.000     10.000      0.312     61.278      7.544   -119.153
    80.000     10.000      0.262     64.225      5.331   -118.417
    85.000     10.000      0.201     71.991      2.776   -118.299
    90.000     10.000      0.152     86.818      1.068   -124.197
    95.000     10.000      0.127    110.420      0.622   -155.479
   100.000     10.000      0.133    137.228      1.185   -144.104
   105.000     10.000      0.158    158.178      1.606   -140.667
   110.000     10.000      0.191    173.382      1.641   -144.039
   115.000     10.000      0.218   -175.365      1.826   -144.074
   120.000     10.000      0.221   -169.146      1.756   -146.860
   125.000     10.000      0.205   -162.782      1.498   -153.849
   130.000     10.000      0.150   -156.468      0.923   -151.652
   135.000     10.000      0.000      0.000      0.000      0.000
   140.000     10.000      0.000      0.000      0.000      0.000
   145.000     10.000      0.000      0.000      0.000      0.000
   -25.000     15.000      0.000      0.000      0.000      0.000
   -20.000     15.000      0.000      0.000      0.000      0.000
   -15.000     15.000      0.000      0.000      0.000      0.000
   -10.000     15.000      0.000      0.000      2.477    -80.031
    -5.000     15.000      0.000      0.000      5.664    -85.741
     0.000     15.000      0.000      0.000      8.064    -88.512
     5.000     15.000      0.000      0.000      9.901    -89.495
    10.000     15.000      0.000      0.000     11.230    -89.336
    15.000     15.000      0.000      0.000     12.390    -89.694
    20.000     15.000      0.000      0.000     12.607    -91.075
    25.000     15.000      0.000      0.000     13.448    -95.615
    30.000     15.000      0.000      0.000     14.853   -100.211
    35.000     15.000      0.000      0.000     15.649   -103.426
    40.000     15.000      0.004    -95.537     15.367   -105.174
    45.000     15.000      0.048    -44.650     15.092   -106.094
    50.000     15.000      0.072     24.692     14.321   -107.946
    55.000     15.000      0.181     53.066     12.299   -111.735
    60.000     15.000      0.274     60.514     10.570   -115.340
    65.000     15.000      0.324     63.707      9.019   -119.690
    70.000     15.000      0.330     65.988      7.791   -121.601
    75.000     15.000      0.301     68.016      6.248   -122.829
    80.000     15.000      0.245     70.946      4.402   -123.990
    85.000     15.000      0.183     76.588      2.568   -129.526
    90.000     15.000      0.131     92.202      0.882   -154.106
    95.000     15.000      0.112    123.449      0.498    163.027
   100.000     15.000      0.132    152.341      0.841    169.050
   105.000     15.000      0.171    170.864      1.298   -170.021
   110.000     15.000      0.213   -179.176      1.475   -163.204
   115.000     15.000      0.247   -173.417      1.434   -157.330
   120.000     15.000      0.260   -168.949      1.382   -159.744
   125.000     15.000      0.243   -163.463      1.197   -152.002
   130.000     15.000      0.159   -158.784      0.733   -143.982
   135.000     15.000      0.000      0.000      0.000      0.000
   140.000     15.000      0.000      0.000      0.000      0.000
   145.000     15.000      0.000      0.000      0.000      0.000
   -25.000     20.000      0.000      0.000      0.000      0.000
   -20.000     20.000      0.000      0.000      0.000      0.000
   -15.000     20.000      0.000      0.000      0.000      0.000
   -10.000     20.000      0.000      0.000      2.112    -78.434
    -5.000     20.000      0.000      0.000      4.046    -85.151
     0.000     20.000      0.000      0.000      5.799    -89.198
     5.000     20.000      0.000      0.000      7.147    -90.980
    10.000     20.000      0.000      0.000      8.155    -90.959
    15.000     20.000      0.000      0.000      8.885    -90.829
    20.000     20.000      0.000      0.000      9.202    -92.057
    25.000     20.000      0.000      0.000      9.899    -96.116
    30.000     20.000      0.000      0.000     10.928   -100.762
    35.000     20.000      0.000      0.000     11.453   -104.497
    40.000     20.000      0.009    -23.813     11.417   -105.604
    45.000     20.000      0.059    -26.547     10.774   -107.137
    50.000     20.000      0.091     13.392     10.292   -108.986
    55.000     20.000      0.160     41.612      8.825   -113.010
    60.000     20.000      0.228     53.283      7.451   -116.614
    65.000     20.000      0.266     59.205      6.210   -120.458
    70.000     20.000      0.276     63.618      5.272   -124.700
    75.000     20.000      0.258     68.350      4.566   -125.637
    80.000     20.000      0.220     74.968      3.290   -127.750
    85.000     20.000      0.174     84.997      1.876   -135.883
    90.000     20.000      0.133    104.115      0.927   -155.669
    95.000     20.000      0.119    133.257      0.535    175.368
   100.000     20.000      0.134    159.505      0.700    144.505
   105.000     20.000      0.163    174.954      0.976    166.047
   110.000     20.000      0.194   -176.553      1.041   -173.204
   115.000     20.000      0.211   -170.343      1.101   -167.245
   120.000     20.000      0.205   -165.598      1.001   -162.849
   125.000     20.000      0.167   -164.249      0.860   -152.740
   130.000     20.000      0.095   -164.509      0.425   -156.674
   135.000     20.000      0.000      0.000      0.000      0.000
   140.000     20.000      0.000      0.000      0.000      0.000
   145.000     20.000      0.000      0.000      0.000      0.000
   -25.000     25.000      0.000      0.000      0.000      0.000
   -20.000     25.000      0.000      0.000      0.000      0.000
   -15.000     25.000      0.000      0.000      0.000      0.000
   -10.000     25.000      0.000      0.000      0.925    -76.517
    -5.000     25.000      0.000      0.000      1.703    -84.935
     0.000     25.000      0.000      0.000      2.675    -90.150
     5.000     25.000      0.000      0.000      3.598    -91.680
    10.000     25.000      0.000      0.000      4.279    -92.054
    15.000     25.000      0.000      0.000      4.393    -93.288
    20.000     25.000      0.000      0.000      4.844    -93.125
    25.000     25.000      0.000      0.000      5.157    -96.612
    30.000     25.000      0.000      0.000      5.819   -100.578
    35.000     25.000      0.001    -84.094      5.986   -104.664
    40.000     25.000      0.016     -6.984      6.006   -106.210
    45.000     25.000      0.044      3.042      5.533   -108.026
    50.000     25.000      0.064     22.350      5.345   -109.552
    55.000     25.000      0.101     43.096      4.409   -114.834
    60.000     25.000      0.144     54.067      3.814   -118.111
    65.000     25.000      0.176     59.540      3.210   -120.484
    70.000     25.000      0.183     64.508      2.718   -125.280
    75.000     25.000      0.172     72.362      2.461   -128.428
    80.000     25.000      0.150     82.864      1.566   -135.710
    85.000     25.000      0.122     97.829      1.074   -139.477
    90.000     25.000      0.104    117.903      0.519   -158.041
    95.000     25.000      0.094    135.975      0.415    172.611
   100.000     25.000      0.091    155.912      0.509    134.642
   105.000     25.000      0.098    177.105      0.544    134.748
   110.000     25.000      0.110   -165.077      0.519   -178.122
   115.000     25.000      0.108   -155.605      0.580    175.890
   120.000     25.000      0.089   -150.681      0.659   -156.430
   125.000     25.000      0.057   -152.633      0.466   -157.679
   130.000     25.000      0.028   -165.846      0.356   -134.559
   135.000     25.000      0.000      0.000      0.000      0.000
   140.000     25.000      0.000      0.000      0.000      0.000
   145.000     25.000      0.000      0.000      0.000      0.000
   -25.000     30.000      0.000      0.000      0.000      0.000
   -20.000     30.000      0.000      0.000      0.000      0.000
   -15.000     30.000      0.000      0.000      0.000      0.000
   -10.000     30.000      0.000      0.000      0.000      0.000
    -5.000     30.000      0.000      0.000      0.000      0.000
     0.000     30.000      0.000      0.000      0.000      0.000
     5.000     30.000      0.000      0.000      0.000      0.000
    10.000     30.000      0.000      0.000      0.000      0.000
    15.000     30.000      0.000      0.000      0.000      0.000
    20.000     30.000      0.000      0.000      0.000      0.000
    25.000     30.000      0.000      0.000      0.000      0.000
    30.000     30.000      0.000      0.000      0.000      0.000
    35.000     30.000      0.000      0.000      0.000      0.000
    40.000     30.000      0.000      0.000      0.000      0.000
    45.000     30.000      0.000      0.000      0.000      0.000
    50.000     30.000      0.000      0.000      0.000      0.000
    55.000     30.000      0.000      0.000      0.000      0.000
    60.000     30.000      0.000      0.000      0.000      0.000
    65.000     30.000      0.000      0.000      0.000      0.000
    70.000     30.000      0.000      0.000      0.000      0.000
    75.000     30.000      0.000      0.000      0.000      0.000
    80.000     30.000      0.000      0.000      0.000      0.000
    85.000     30.000      0.000      0.000      0.000      0.000
    90.000     30.000      0.000      0.000      0.000      0.000
    95.000     30.000      0.000      0.000      0.000      0.000
   100.000     30.000      0.000      0.000      0.000      0.000
   105.000     30.000      0.000      0.000      0.000      0.000
   110.000     30.000      0.000      0.000      0.000      0.000
   115.000     30.000      0.000      0.000      0.000      0.000
   120.000     30.000      0.000      0.000      0.000      0.000
   125.000     30.000      0.000      0.000      0.000      0.000
   130.000     30.000      0.000      0.000      0.000      0.000
   135.000     30.000      0.000      0.000      0.000      0.000
   140.000     30.000      0.000      0.000      0.000      0.000
   145.000     30.000      0.000      0.000      0.000      0.000
   -25.000     35.000      0.000      0.000      0.000      0.000
   -20.000     35.000      0.000      0.000      0.000      0.000
   -15.000     35.000      0.000      0.000      0.000      0.000
   -10.000     35.000      0.000      0.000      0.000      0.000
    -5.000     35.000      0.000      0.000      0.000      0.000
     0.000     35.000      0.000      0.000      0.000      0.000
     5.000     35.000      0.000      0.000      0.000      0.000
    10.000     35.000      0.000      0.000      0.000      0.000
    15.000     35.000      0.000      0.000      0.000      0.000
    20.000     35.000      0.000      0.000      0.000      0.000
    25.000     35.000      0.000      0.000      0.000      0.000
    30.000     35.000      0.000      0.000      0.000      0.000
    35.000     35.000      0.000      0.000      0.000      0.000
    40.000     35.000      0.000      0.000      0.000      0.000
    45.000     35.000      0.000      0.000      0.000      0.000
    50.000     35.000      0.000      0.000      0.000      0.000
    55.000     35.000      0.000      0.000      0.000      0.000
    60.000     35.000      0.000      0.000      0.000      0.000
    65.000     35.000      0.000      0.000      0.000      0.000
    70.000     35.000      0.000      0.000      0.000      0.000
    75.000     35.000      0.000      0.000      0.000      0.000
    80.000     35.000      0.000      0.000      0.000      0.000
    85.000     35.000      0.000      0.000      0.000      0.000
    90.000     35.000      0.000      0.000      0.000      0.000
    95.000     35.000      0.000      0.000      0.000      0.000
   100.000     35.000      0.000      0.000      0.000      0.000
   105.000     35.000      0.000      0.000      0.000      0.000
   110.000     35.000      0.000      0.000      0.000      0.000
   115.000     35.000      0.000      0.000      0.000      0.000
   120.000     35.000      0.000      0.000      0.000      0.000
   125.000     35.000      0.000      0.000      0.000      0.000
   130.000     35.000      0.000      0.000      0.000      0.000
   135.000     35.000      0.000      0.000      0.000      0.000
   140.000     35.000      0.000      0.000      0.000      0.000
   145.000     35.000      0.000      0.000      0.000      0.000
   -25.000     40.000      0.000      0.000      0.000      0.000
   -20.000     40.000      0.000      0.000      0.000      0.000
   -15.000     40.000      0.000      0.000      0.000      0.000
   -10.000     40.000      0.000      0.000      0.000      0.000
    -5.000     40.000      0.000      0.000      0.000      0.000
     0.000     40.000      0.000      0.000      0.000      0.000
     5.000     40.000      0.000      0.000      0.000      0.000
    10.000     40.000      0.000      0.000      0.000      0.000
    15.000     40.000      0.000      0.000      0.000      0.000
    20.000     40.000      0.000      0.000      0.000      0.000
    25.000     40.000      0.000      0.000      0.000      0.000
    30.000     40.000      0.000      0.000      0.000      0.000
    35.000     40.000      0.000      0.000      0.000      0.000
    40.000     40.000      0.000      0.000      0.000      0.000
    45.000     40.000      0.000      0.000      0.000      0.000
    50.000     40.000      0.000      0.000      0.000      0.000
    55.000     40.000      0.000      0.000      0.000      0.000
    60.000     40.000      0.000      0.000      0.000      0.000
    65.000     40.000      0.000      0.000      0.000      0.000
    70.000     40.000      0.000      0.000      0.000      0.000
    75.000     40.000      0.000      0.000      0.000      0.000
    80.000     40.000      0.000      0.000      0.000      0.000
    85.000     40.000      0.000      0.000      0.000      0.000
    90.000     40.000      0.000      0.000      0.000      0.000
    95.000     40.000      0.000      0.000      0.000      0.000
   100.000     40.000      0.000      0.000      0.000      0.000
   105.000     40.000      0.000      0.000      0.000      0.000
   110.000     40.000      0.000      0.000      0.000      0.000
   115.000     40.000      0.000      0.000      0.000      0.000
   120.000     40.000      0.000      0.000      0.000      0.000
   125.000     40.000      0.000      0.000      0.000      0.000
   130.000     40.000      0.000      0.000      0.000      0.000
   135.000     40.000      0.000      0.000      0.000      0.000
   140.000     40.000      0.000      0.000      0.000      0.000
   145.000     40.000      0.000      0.000      0.000      0.000
