   -25.000    -50.000      0.000      0.000      0.000      0.000
   -20.000    -50.000      0.000      0.000      0.000      0.000
   -15.000    -50.000      0.000      0.000      0.000      0.000
   -10.000    -50.000      0.000      0.000      0.000      0.000
    -5.000    -50.000      0.000      0.000      0.000      0.000
     0.000    -50.000      0.000      0.000      0.000      0.000
     5.000    -50.000      0.000      0.000      0.000      0.000
    10.000    -50.000      0.000      0.000      0.000      0.000
    15.000    -50.000      0.000      0.000      0.000      0.000
    20.000    -50.000      0.000      0.000      0.000      0.000
    25.000    -50.000      0.000      0.000      0.000      0.000
    30.000    -50.000      0.000      0.000      0.000      0.000
    35.000    -50.000      0.000      0.000      0.000      0.000
    40.000    -50.000      0.000      0.000      0.000      0.000
    45.000    -50.000      0.000      0.000      0.000      0.000
    50.000    -50.000      0.000      0.000      0.000      0.000
    55.000    -50.000      0.000      0.000      0.000      0.000
    60.000    -50.000      0.000      0.000      0.000      0.000
    65.000    -50.000      0.000      0.000      0.000      0.000
    70.000    -50.000      0.000      0.000      0.000      0.000
    75.000    -50.000      0.000      0.000      0.000      0.000
    80.000    -50.000      0.000      0.000      0.000      0.000
    85.000    -50.000      0.000      0.000      0.000      0.000
    90.000    -50.000      0.000      0.000      0.000      0.000
    95.000    -50.000      0.000      0.000      0.000      0.000
   100.000    -50.000      0.000      0.000      0.000      0.000
   105.000    -50.000      0.000      0.000      0.000      0.000
   110.000    -50.000      0.000      0.000      0.000      0.000
   115.000    -50.000      0.000      0.000      0.000      0.000
   120.000    -50.000      0.000      0.000      0.000      0.000
   125.000    -50.000      0.000      0.000      0.000      0.000
   130.000    -50.000      0.000      0.000      0.000      0.000
   135.000    -50.000      0.000      0.000      0.000      0.000
   140.000    -50.000      0.000      0.000      0.000      0.000
   145.000    -50.000      0.000      0.000      0.000      0.000
   -25.000    -45.000      0.000      0.000      0.000      0.000
   -20.000    -45.000      0.000      0.000      0.000      0.000
   -15.000    -45.000      0.000      0.000      0.000      0.000
   -10.000    -45.000      0.000      0.000      0.000      0.000
    -5.000    -45.000      0.000      0.000      0.000      0.000
     0.000    -45.000      0.000      0.000      0.000      0.000
     5.000    -45.000      0.000      0.000      0.000      0.000
    10.000    -45.000      0.000      0.000      0.000      0.000
    15.000    -45.000      0.000      0.000      0.000      0.000
    20.000    -45.000      0.000      0.000      0.000      0.000
    25.000    -45.000      0.000      0.000      0.000      0.000
    30.000    -45.000      0.000      0.000      0.000      0.000
    35.000    -45.000      0.000      0.000      0.000      0.000
    40.000    -45.000      0.000      0.000      0.000      0.000
    45.000    -45.000      0.000      0.000      0.000      0.000
    50.000    -45.000      0.000      0.000      0.000      0.000
    55.000    -45.000      0.000      0.000      0.000      0.000
    60.000    -45.000      0.000      0.000      0.000      0.000
    65.000    -45.000      0.000      0.000      0.000      0.000
    70.000    -45.000      0.000      0.000      0.000      0.000
    75.000    -45.000      0.000      0.000      0.000      0.000
    80.000    -45.000      0.000      0.000      0.000      0.000
    85.000    -45.000      0.000      0.000      0.000      0.000
    90.000    -45.000      0.000      0.000      0.000      0.000
    95.000    -45.000      0.000      0.000      0.000      0.000
   100.000    -45.000      0.000      0.000      0.000      0.000
   105.000    -45.000      0.000      0.000      0.000      0.000
   110.000    -45.000      0.000      0.000      0.000      0.000
   115.000    -45.000      0.000      0.000      0.000      0.000
   120.000    -45.000      0.000      0.000      0.000      0.000
   125.000    -45.000      0.000      0.000      0.000      0.000
   130.000    -45.000      0.000      0.000      0.000      0.000
   135.000    -45.000      0.000      0.000      0.000      0.000
   140.000    -45.000      0.000      0.000      0.000      0.000
   145.000    -45.000      0.000      0.000      0.000      0.000
   -25.000    -40.000      0.000      0.000      0.000      0.000
   -20.000    -40.000      0.000      0.000      0.000      0.000
   -15.000    -40.000      0.000      0.000      0.000      0.000
   -10.000    -40.000      0.000      0.000      0.000      0.000
    -5.000    -40.000      0.000      0.000      0.000      0.000
     0.000    -40.000      0.000      0.000      0.000      0.000
     5.000    -40.000      0.000      0.000      0.000      0.000
    10.000    -40.000      0.000      0.000      0.000      0.000
    15.000    -40.000      0.000      0.000      0.000      0.000
    20.000    -40.000      0.000      0.000      0.000      0.000
    25.000    -40.000      0.000      0.000      0.000      0.000
    30.000    -40.000      0.000      0.000      0.000      0.000
    35.000    -40.000      0.000      0.000      0.000      0.000
    40.000    -40.000      0.000      0.000      0.000      0.000
    45.000    -40.000      0.000      0.000      0.000      0.000
    50.000    -40.000      0.000      0.000      0.000      0.000
    55.000    -40.000      0.000      0.000      0.000      0.000
    60.000    -40.000      0.000      0.000      0.000      0.000
    65.000    -40.000      0.000      0.000      0.000      0.000
    70.000    -40.000      0.000      0.000      0.000      0.000
    75.000    -40.000      0.000      0.000      0.000      0.000
    80.000    -40.000      0.000      0.000      0.000      0.000
    85.000    -40.000      0.000      0.000      0.000      0.000
    90.000    -40.000      0.000      0.000      0.000      0.000
    95.000    -40.000      0.000      0.000      0.000      0.000
   100.000    -40.000      0.000      0.000      0.000      0.000
   105.000    -40.000      0.000      0.000      0.000      0.000
   110.000    -40.000      0.000      0.000      0.000      0.000
   115.000    -40.000      0.000      0.000      0.000      0.000
   120.000    -40.000      0.000      0.000      0.000      0.000
   125.000    -40.000      0.000      0.000      0.000      0.000
   130.000    -40.000      0.000      0.000      0.000      0.000
   135.000    -40.000      0.000      0.000      0.000      0.000
   140.000    -40.000      0.000      0.000      0.000      0.000
   145.000    -40.000      0.000      0.000      0.000      0.000
   -25.000    -35.000      0.000      0.000      0.000      0.000
   -20.000    -35.000      0.000      0.000      0.000      0.000
   -15.000    -35.000      0.000      0.000      0.000      0.000
   -10.000    -35.000      0.000      0.000      1.138     73.684
    -5.000    -35.000      0.000      0.000      2.070     69.858
     0.000    -35.000      0.000      0.000      2.729     66.422
     5.000    -35.000      0.000      0.000      2.965     61.516
    10.000    -35.000      0.000      0.000      2.837     54.542
    15.000    -35.000      0.000      0.000      2.710     48.937
    20.000    -35.000      0.000      0.000      2.816     50.825
    25.000    -35.000      0.000      0.000      2.320     52.480
    30.000    -35.000      0.000      0.000      1.568     63.177
    35.000    -35.000      0.000      0.000      0.598     64.003
    40.000    -35.000      0.000      0.000      0.822    -89.078
    45.000    -35.000      0.000      0.000      1.813    -91.473
    50.000    -35.000      0.052    -99.544      2.212    -87.774
    55.000    -35.000      0.042    -69.404      2.189    -75.652
    60.000    -35.000      0.064    -29.696      2.397    -67.958
    65.000    -35.000      0.101     -0.379      2.783    -62.065
    70.000    -35.000      0.143     12.857      3.013    -58.115
    75.000    -35.000      0.170     14.694      2.819    -47.455
    80.000    -35.000      0.181     15.517      2.854    -46.755
    85.000    -35.000      0.190     17.383      2.575    -45.065
    90.000    -35.000      0.202     18.859      2.788    -52.921
    95.000    -35.000      0.202     16.424      2.973    -50.699
   100.000    -35.000      0.203      8.925      2.761    -39.757
   105.000    -35.000      0.199     -1.085      2.775    -34.373
   110.000    -35.000      0.194    -10.551      2.664    -31.507
   115.000    -35.000      0.179    -15.835      2.688    -33.593
   120.000    -35.000      0.150    -23.128      2.415    -39.046
   125.000    -35.000      0.102    -33.361      1.577    -34.713
   130.000    -35.000      0.048    -47.665      0.756    -24.257
   135.000    -35.000      0.000      0.000      0.000      0.000
   140.000    -35.000      0.000      0.000      0.000      0.000
   145.000    -35.000      0.000      0.000      0.000      0.000
   -25.000    -30.000      0.000      0.000      0.000      0.000
   -20.000    -30.000      0.000      0.000      0.000      0.000
   -15.000    -30.000      0.000      0.000      0.000      0.000
   -10.000    -30.000      0.000      0.000      2.094     77.407
    -5.000    -30.000      0.000      0.000      3.380     73.889
     0.000    -30.000      0.000      0.000      4.224     68.148
     5.000    -30.000      0.000      0.000      4.605     62.850
    10.000    -30.000      0.000      0.000      4.330     56.100
    15.000    -30.000      0.000      0.000      3.907     48.994
    20.000    -30.000      0.000      0.000      3.592     44.801
    25.000    -30.000      0.000      0.000      3.227     43.797
    30.000    -30.000      0.000      0.000      2.330     37.388
    35.000    -30.000      0.000      0.000      0.829     17.066
    40.000    -30.000      0.000      0.000      1.605    -86.322
    45.000    -30.000      0.000      0.000      3.789    -93.860
    50.000    -30.000      0.003    -46.818      4.614    -91.833
    55.000    -30.000      0.060      4.171      4.658    -80.213
    60.000    -30.000      0.113      1.372      4.646    -69.953
    65.000    -30.000      0.184     11.471      5.045    -62.294
    70.000    -30.000      0.252     14.073      5.260    -58.639
    75.000    -30.000      0.297     12.666      4.963    -53.838
    80.000    -30.000      0.335     11.086      4.841    -51.715
    85.000    -30.000      0.355      9.334      4.557    -46.814
    90.000    -30.000      0.358      5.957      4.764    -48.263
    95.000    -30.000      0.353      1.007      4.984    -47.651
   100.000    -30.000      0.347     -3.824      4.634    -39.343
   105.000    -30.000      0.337     -8.823      4.624    -36.165
   110.000    -30.000      0.323    -13.949      4.650    -32.800
   115.000    -30.000      0.301    -21.929      4.622    -36.066
   120.000    -30.000      0.271    -30.880      3.973    -37.181
   125.000    -30.000      0.222    -34.065      2.748    -35.427
   130.000    -30.000      0.134    -33.721      1.388    -28.478
   135.000    -30.000      0.000      0.000      0.000      0.000
   140.000    -30.000      0.000      0.000      0.000      0.000
   145.000    -30.000      0.000      0.000      0.000      0.000
   -25.000    -25.000      0.000      0.000      0.000      0.000
   -20.000    -25.000      0.000      0.000      0.000      0.000
   -15.000    -25.000      0.000      0.000      0.000      0.000
   -10.000    -25.000      0.000      0.000      1.768     72.062
    -5.000    -25.000      0.000      0.000      3.118     67.261
     0.000    -25.000      0.000      0.000      4.169     63.602
     5.000    -25.000      0.000      0.000      4.652     58.190
    10.000    -25.000      0.000      0.000      4.471     49.566
    15.000    -25.000      0.000      0.000      3.969     36.089
    20.000    -25.000      0.000      0.000      3.639     25.704
    25.000    -25.000      0.000      0.000      2.990     19.470
    30.000    -25.000      0.000      0.000      2.044     -0.963
    35.000    -25.000      0.000      0.000      1.586    -61.903
    40.000    -25.000      0.000      0.000      3.316    -91.874
    45.000    -25.000      0.000      0.000      5.506    -95.792
    50.000    -25.000      0.000      0.000      6.816    -95.059
    55.000    -25.000      0.061      7.814      7.091    -87.917
    60.000    -25.000      0.162      8.267      6.765    -77.414
    65.000    -25.000      0.261      7.291      6.761    -68.630
    70.000    -25.000      0.348      7.305      6.735    -62.327
    75.000    -25.000      0.406      6.986      6.346    -57.161
    80.000    -25.000      0.439      5.934      5.866    -54.762
    85.000    -25.000      0.439      4.152      5.473    -49.496
    90.000    -25.000      0.423      2.755      5.532    -44.494
    95.000    -25.000      0.411      0.312      5.742    -44.142
   100.000    -25.000      0.396     -3.882      5.582    -39.852
   105.000    -25.000      0.401    -12.050      5.464    -37.626
   110.000    -25.000      0.421    -18.984      5.669    -37.016
   115.000    -25.000      0.425    -22.100      5.610    -38.227
   120.000    -25.000      0.405    -23.178      4.691    -36.517
   125.000    -25.000      0.343    -21.763      3.072    -30.652
   130.000    -25.000      0.219    -19.153      1.497    -26.431
   135.000    -25.000      0.000      0.000      0.000      0.000
   140.000    -25.000      0.000      0.000      0.000      0.000
   145.000    -25.000      0.000      0.000      0.000      0.000
   -25.000    -20.000      0.000      0.000      0.000      0.000
   -20.000    -20.000      0.000      0.000      0.000      0.000
   -15.000    -20.000      0.000      0.000      0.000      0.000
   -10.000    -20.000      0.000      0.000      1.663     58.274
    -5.000    -20.000      0.000      0.000      2.674     57.876
     0.000    -20.000      0.000      0.000      3.068     54.568
     5.000    -20.000      0.000      0.000      2.822     42.957
    10.000    -20.000      0.000      0.000      2.692     20.460
    15.000    -20.000      0.000      0.000      3.126      5.154
    20.000    -20.000      0.000      0.000      3.317    -12.132
    25.000    -20.000      0.000      0.000      3.175    -31.399
    30.000    -20.000      0.000      0.000      3.406    -58.920
    35.000    -20.000      0.000      0.000      4.471    -83.027
    40.000    -20.000      0.000      0.000      5.901    -96.672
    45.000    -20.000      0.000      0.000      8.067    -99.950
    50.000    -20.000      0.000      0.000      9.154    -98.480
    55.000    -20.000      0.025    -35.230      9.383    -94.370
    60.000    -20.000      0.184      0.555      8.967    -86.170
    65.000    -20.000      0.304      5.806      8.233    -76.240
    70.000    -20.000      0.399      5.275      7.617    -68.906
    75.000    -20.000      0.459      3.747      6.720    -60.830
    80.000    -20.000      0.467      1.536      5.958    -56.844
    85.000    -20.000      0.454      0.451      5.676    -54.163
    90.000    -20.000      0.431     -0.355      5.556    -46.741
    95.000    -20.000      0.405     -1.493      5.570    -41.621
   100.000    -20.000      0.378     -3.363      5.401    -37.910
   105.000    -20.000      0.374     -4.286      5.310    -38.537
   110.000    -20.000      0.384     -3.784      5.322    -41.792
   115.000    -20.000      0.397     -3.888      5.035    -42.044
   120.000    -20.000      0.386     -6.317      4.091    -37.884
   125.000    -20.000      0.329     -8.229      2.669    -29.709
   130.000    -20.000      0.211     -7.779      1.342    -29.248
   135.000    -20.000      0.000      0.000      0.000      0.000
   140.000    -20.000      0.000      0.000      0.000      0.000
   145.000    -20.000      0.000      0.000      0.000      0.000
   -25.000    -15.000      0.000      0.000      0.000      0.000
   -20.000    -15.000      0.000      0.000      0.000      0.000
   -15.000    -15.000      0.000      0.000      0.000      0.000
   -10.000    -15.000      0.000      0.000      0.990     52.895
    -5.000    -15.000      0.000      0.000      1.508     69.734
     0.000    -15.000      0.000      0.000      1.545     55.221
     5.000    -15.000      0.000      0.000      1.353     10.534
    10.000    -15.000      0.000      0.000      2.296    -37.493
    15.000    -15.000      0.000      0.000      3.760    -46.495
    20.000    -15.000      0.000      0.000      4.689    -56.476
    25.000    -15.000      0.000      0.000      5.741    -65.280
    30.000    -15.000      0.000      0.000      6.815    -77.373
    35.000    -15.000      0.000      0.000      8.756    -88.107
    40.000    -15.000      0.000      0.000      9.757    -95.904
    45.000    -15.000      0.000      0.000     11.161   -100.505
    50.000    -15.000      0.000      0.000     11.959   -102.148
    55.000    -15.000      0.016     24.575     11.630    -99.611
    60.000    -15.000      0.137    -22.612     10.866    -93.760
    65.000    -15.000      0.276      1.352      9.492    -86.435
    70.000    -15.000      0.373      4.618      7.996    -77.510
    75.000    -15.000      0.431      4.400      6.216    -67.255
    80.000    -15.000      0.444      4.423      5.060    -58.485
    85.000    -15.000      0.420      4.756      4.716    -54.447
    90.000    -15.000      0.378      5.380      4.827    -47.274
    95.000    -15.000      0.337      6.040      4.812    -41.371
   100.000    -15.000      0.311     10.431      4.491    -36.336
   105.000    -15.000      0.296     15.187      4.407    -39.164
   110.000    -15.000      0.273     18.836      4.446    -47.314
   115.000    -15.000      0.263     22.923      4.031    -49.992
   120.000    -15.000      0.264     26.990      2.924    -46.758
   125.000    -15.000      0.240     29.145      1.774    -37.011
   130.000    -15.000      0.146     30.844      0.887    -36.424
   135.000    -15.000      0.000      0.000      0.000      0.000
   140.000    -15.000      0.000      0.000      0.000      0.000
   145.000    -15.000      0.000      0.000      0.000      0.000
   -25.000    -10.000      0.000      0.000      0.000      0.000
   -20.000    -10.000      0.000      0.000      0.000      0.000
   -15.000    -10.000      0.000      0.000      0.000      0.000
   -10.000    -10.000      0.000      0.000      0.395      6.702
    -5.000    -10.000      0.000      0.000      0.358    -31.792
     0.000    -10.000      0.000      0.000      1.043    -68.556
     5.000    -10.000      0.000      0.000      2.367    -72.759
    10.000    -10.000      0.000      0.000      4.042    -69.778
    15.000    -10.000      0.000      0.000      5.928    -69.141
    20.000    -10.000      0.000      0.000      7.770    -76.260
    25.000    -10.000      0.000      0.000      9.333    -80.867
    30.000    -10.000      0.000      0.000     10.830    -84.482
    35.000    -10.000      0.000      0.000     12.725    -90.261
    40.000    -10.000      0.000      0.000     13.719    -96.756
    45.000    -10.000      0.000      0.000     14.305   -101.147
    50.000    -10.000      0.000      0.000     14.523   -103.451
    55.000    -10.000      0.002     40.662     13.829   -103.946
    60.000    -10.000      0.054     74.886     12.516   -102.050
    65.000    -10.000      0.165     17.506     10.633    -95.267
    70.000    -10.000      0.276     13.959      8.546    -87.672
    75.000    -10.000      0.343     15.248      6.007    -78.641
    80.000    -10.000      0.356     16.217      4.173    -68.382
    85.000    -10.000      0.340     17.611      3.471    -60.108
    90.000    -10.000      0.308     22.058      3.400    -50.309
    95.000    -10.000      0.269     30.708      3.350    -42.893
   100.000    -10.000      0.247     43.728      3.152    -32.846
   105.000    -10.000      0.249     56.070      2.986    -40.138
   110.000    -10.000      0.271     64.073      3.029    -51.639
   115.000    -10.000      0.284     68.134      2.640    -59.167
   120.000    -10.000      0.269     70.745      1.658    -61.281
   125.000    -10.000      0.207     73.500      0.916    -56.722
   130.000    -10.000      0.115     79.141      0.496    -56.125
   135.000    -10.000      0.000      0.000      0.000      0.000
   140.000    -10.000      0.000      0.000      0.000      0.000
   145.000    -10.000      0.000      0.000      0.000      0.000
   -25.000     -5.000      0.000      0.000      0.000      0.000
   -20.000     -5.000      0.000      0.000      0.000      0.000
   -15.000     -5.000      0.000      0.000      0.000      0.000
   -10.000     -5.000      0.000      0.000      0.797    -61.306
    -5.000     -5.000      0.000      0.000      1.912    -82.233
     0.000     -5.000      0.000      0.000      3.591    -89.502
     5.000     -5.000      0.000      0.000      5.407    -88.669
    10.000     -5.000      0.000      0.000      7.016    -84.642
    15.000     -5.000      0.000      0.000      8.741    -81.539
    20.000     -5.000      0.000      0.000     10.662    -83.538
    25.000     -5.000      0.000      0.000     12.890    -87.954
    30.000     -5.000      0.000      0.000     14.468    -90.821
    35.000     -5.000      0.000      0.000     15.909    -94.263
    40.000     -5.000      0.000      0.000     16.978    -97.089
    45.000     -5.000      0.000      0.000     16.956   -101.199
    50.000     -5.000      0.000      0.000     16.395   -104.378
    55.000     -5.000      0.000      0.000     15.251   -106.165
    60.000     -5.000      0.039    161.477     13.628   -106.846
    65.000     -5.000      0.103     64.507     11.484   -104.187
    70.000     -5.000      0.190     44.374      9.130    -99.162
    75.000     -5.000      0.244     38.251      6.154    -92.325
    80.000     -5.000      0.254     37.813      3.828    -84.504
    85.000     -5.000      0.254     42.542      2.397    -72.967
    90.000     -5.000      0.256     48.797      1.889    -60.462
    95.000     -5.000      0.260     58.778      1.831    -53.210
   100.000     -5.000      0.276     69.789      1.729    -39.182
   105.000     -5.000      0.315     78.781      1.808    -53.806
   110.000     -5.000      0.344     84.300      1.773    -70.710
   115.000     -5.000      0.352     88.822      1.536    -90.080
   120.000     -5.000      0.326     93.330      1.001   -110.420
   125.000     -5.000      0.255     97.722      0.737   -117.100
   130.000     -5.000      0.141    106.957      0.368   -117.394
   135.000     -5.000      0.000      0.000      0.000      0.000
   140.000     -5.000      0.000      0.000      0.000      0.000
   145.000     -5.000      0.000      0.000      0.000      0.000
   -25.000      0.000      0.000      0.000      0.000      0.000
   -20.000      0.000      0.000      0.000      0.000      0.000
   -15.000      0.000      0.000      0.000      0.000      0.000
   -10.000      0.000      0.000      0.000      1.855    -76.021
    -5.000      0.000      0.000      0.000      4.241    -83.861
     0.000      0.000      0.000      0.000      6.394    -88.008
     5.000      0.000      0.000      0.000      8.383    -89.483
    10.000      0.000      0.000      0.000     10.013    -89.019
    15.000      0.000      0.000      0.000     11.352    -86.700
    20.000      0.000      0.000      0.000     13.141    -87.941
    25.000      0.000      0.000      0.000     15.383    -91.661
    30.000      0.000      0.000      0.000     17.252    -95.694
    35.000      0.000      0.000      0.000     18.321    -98.490
    40.000      0.000      0.000      0.000     18.745    -99.635
    45.000      0.000      0.000      0.000     18.611   -101.638
    50.000      0.000      0.000      0.000     17.268   -105.531
    55.000      0.000      0.000      0.000     15.922   -107.410
    60.000      0.000      0.089     75.820     14.022   -109.509
    65.000      0.000      0.145     86.320     11.849   -110.438
    70.000      0.000      0.181     80.821      9.306   -108.607
    75.000      0.000      0.207     75.070      6.588   -105.300
    80.000      0.000      0.224     73.208      4.019   -100.416
    85.000      0.000      0.231     75.433      1.903    -93.966
    90.000      0.000      0.241     78.471      0.786    -90.937
    95.000      0.000      0.259     81.789      0.829    -91.877
   100.000      0.000      0.280     85.654      1.116    -89.875
   105.000      0.000      0.298     89.751      1.410    -97.486
   110.000      0.000      0.315     92.916      1.629   -110.009
   115.000      0.000      0.327     93.735      1.464   -135.722
   120.000      0.000      0.321     94.338      1.336   -155.008
   125.000      0.000      0.259     98.879      1.066   -158.418
   130.000      0.000      0.158    107.424      0.513   -174.130
   135.000      0.000      0.000      0.000      0.000      0.000
   140.000      0.000      0.000      0.000      0.000      0.000
   145.000      0.000      0.000      0.000      0.000      0.000
   -25.000      5.000      0.000      0.000      0.000      0.000
   -20.000      5.000      0.000      0.000      0.000      0.000
   -15.000      5.000      0.000      0.000      0.000      0.000
   -10.000      5.000      0.000      0.000      2.838    -79.999
    -5.000      5.000      0.000      0.000      5.770    -84.425
     0.000      5.000      0.000      0.000      8.216    -88.390
     5.000      5.000      0.000      0.000     10.316    -90.243
    10.000      5.000      0.000      0.000     12.195    -89.426
    15.000      5.000      0.000      0.000     13.584    -87.941
    20.000      5.000      0.000      0.000     14.555    -89.232
    25.000      5.000      0.000      0.000     16.252    -93.300
    30.000      5.000      0.000      0.000     18.196    -97.958
    35.000      5.000      0.000      0.000     19.148   -100.866
    40.000      5.000      0.000      0.000     19.315   -102.259
    45.000      5.000      0.000      0.000     19.220   -103.857
    50.000      5.000      0.000      0.000     17.230   -106.382
    55.000      5.000      0.000      0.000     15.520   -109.103
    60.000      5.000      0.109     62.637     13.374   -112.063
    65.000      5.000      0.153     82.838     11.348   -114.995
    70.000      5.000      0.181     92.573      8.985   -116.113
    75.000      5.000      0.195     96.327      6.856   -114.867
    80.000      5.000      0.195     98.255      4.303   -115.169
    85.000      5.000      0.202     98.760      1.859   -114.977
    90.000      5.000      0.209     99.048      0.681   -147.013
    95.000      5.000      0.220     99.297      0.744    175.759
   100.000      5.000      0.228     99.290      1.206   -143.300
   105.000      5.000      0.251     98.174      1.526   -137.172
   110.000      5.000      0.283     96.895      1.689   -143.473
   115.000      5.000      0.303     95.384      1.753   -159.690
   120.000      5.000      0.302     92.969      1.757   -165.911
   125.000      5.000      0.248     91.659      1.403   -169.887
   130.000      5.000      0.142     94.243      0.806   -174.948
   135.000      5.000      0.000      0.000      0.000      0.000
   140.000      5.000      0.000      0.000      0.000      0.000
   145.000      5.000      0.000      0.000      0.000      0.000
   -25.000     10.000      0.000      0.000      0.000      0.000
   -20.000     10.000      0.000      0.000      0.000      0.000
   -15.000     10.000      0.000      0.000      0.000      0.000
   -10.000     10.000      0.000      0.000      3.311    -81.924
    -5.000     10.000      0.000      0.000      6.274    -85.838
     0.000     10.000      0.000      0.000      8.861    -88.718
     5.000     10.000      0.000      0.000     10.959    -89.663
    10.000     10.000      0.000      0.000     12.744    -89.433
    15.000     10.000      0.000      0.000     14.135    -88.846
    20.000     10.000      0.000      0.000     14.591    -90.188
    25.000     10.000      0.000      0.000     15.565    -94.771
    30.000     10.000      0.000      0.000     17.400    -99.264
    35.000     10.000      0.000      0.000     18.368   -102.039
    40.000     10.000      0.000      0.000     18.288   -103.802
    45.000     10.000      0.000      0.000     17.868   -104.990
    50.000     10.000      0.000      0.000     16.363   -106.921
    55.000     10.000      0.023     59.574     13.967   -110.069
    60.000     10.000      0.091     72.743     11.979   -114.184
    65.000     10.000      0.119     76.354     10.144   -117.819
    70.000     10.000      0.118     92.003      8.532   -120.554
    75.000     10.000      0.124    107.967      6.635   -121.695
    80.000     10.000      0.137    116.435      4.605   -122.902
    85.000     10.000      0.142    117.305      2.253   -129.207
    90.000     10.000      0.141    118.028      0.895   -160.734
    95.000     10.000      0.144    118.892      0.973    165.311
   100.000     10.000      0.160    115.143      1.450   -171.653
   105.000     10.000      0.184    109.515      1.843   -163.928
   110.000     10.000      0.207    104.435      1.902   -167.768
   115.000     10.000      0.224     99.584      2.000   -166.747
   120.000     10.000      0.236     92.784      1.849   -169.382
   125.000     10.000      0.218     84.281      1.530   -175.304
   130.000     10.000      0.150     75.432      0.851   -172.681
   135.000     10.000      0.000      0.000      0.000      0.000
   140.000     10.000      0.000      0.000      0.000      0.000
   145.000     10.000      0.000      0.000      0.000      0.000
   -25.000     15.000      0.000      0.000      0.000      0.000
   -20.000     15.000      0.000      0.000      0.000      0.000
   -15.000     15.000      0.000      0.000      0.000      0.000
   -10.000     15.000      0.000      0.000      2.477    -80.031
    -5.000     15.000      0.000      0.000      5.664    -85.741
     0.000     15.000      0.000      0.000      8.064    -88.512
     5.000     15.000      0.000      0.000      9.901    -89.495
    10.000     15.000      0.000      0.000     11.230    -89.336
    15.000     15.000      0.000      0.000     12.390    -89.694
    20.000     15.000      0.000      0.000     12.607    -91.075
    25.000     15.000      0.000      0.000     13.448    -95.615
    30.000     15.000      0.000      0.000     14.853   -100.211
    35.000     15.000      0.000      0.000     15.649   -103.426
    40.000     15.000      0.000      0.000     15.367   -105.174
    45.000     15.000      0.000      0.000     15.093   -106.085
    50.000     15.000      0.000      0.000     14.233   -107.984
    55.000     15.000      0.006    110.455     11.835   -111.980
    60.000     15.000      0.115     65.646      9.704   -115.818
    65.000     15.000      0.107     72.486      8.097   -120.975
    70.000     15.000      0.091     87.714      6.978   -123.703
    75.000     15.000      0.084    107.423      5.622   -126.039
    80.000     15.000      0.078    133.184      3.992   -129.240
    85.000     15.000      0.080    155.723      2.409   -139.500
    90.000     15.000      0.081    164.395      1.104   -175.265
    95.000     15.000      0.082    166.697      0.940    158.458
   100.000     15.000      0.088    164.351      1.331    166.247
   105.000     15.000      0.095    153.776      1.788   -178.232
   110.000     15.000      0.106    128.620      1.927   -174.039
   115.000     15.000      0.136    103.921      1.798   -171.747
   120.000     15.000      0.166     88.202      1.673   -174.942
   125.000     15.000      0.161     77.424      1.334   -168.453
   130.000     15.000      0.112     67.438      0.759   -160.632
   135.000     15.000      0.000      0.000      0.000      0.000
   140.000     15.000      0.000      0.000      0.000      0.000
   145.000     15.000      0.000      0.000      0.000      0.000
   -25.000     20.000      0.000      0.000      0.000      0.000
   -20.000     20.000      0.000      0.000      0.000      0.000
   -15.000     20.000      0.000      0.000      0.000      0.000
   -10.000     20.000      0.000      0.000      2.112    -78.434
    -5.000     20.000      0.000      0.000      4.046    -85.151
     0.000     20.000      0.000      0.000      5.799    -89.198
     5.000     20.000      0.000      0.000      7.147    -90.980
    10.000     20.000      0.000      0.000      8.155    -90.959
    15.000     20.000      0.000      0.000      8.885    -90.829
    20.000     20.000      0.000      0.000      9.202    -92.057
    25.000     20.000      0.000      0.000      9.899    -96.116
    30.000     20.000      0.000      0.000     10.928   -100.762
    35.000     20.000      0.000      0.000     11.453   -104.497
    40.000     20.000      0.000      0.000     11.417   -105.604
    45.000     20.000      0.000      0.000     10.787   -107.078
    50.000     20.000      0.000      0.000     10.215   -109.061
    55.000     20.000      0.007    123.645      8.568   -113.619
    60.000     20.000      0.077     81.274      6.943   -117.775
    65.000     20.000      0.084     85.746      5.658   -122.462
    70.000     20.000      0.067    105.005      4.825   -127.755
    75.000     20.000      0.053    139.711      4.272   -129.233
    80.000     20.000      0.059    173.390      3.166   -132.672
    85.000     20.000      0.076   -163.246      1.935   -143.587
    90.000     20.000      0.094   -146.854      1.160   -163.784
    95.000     20.000      0.098   -136.907      0.845    177.772
   100.000     20.000      0.098   -130.042      0.984    158.504
   105.000     20.000      0.083   -131.738      1.336    171.515
   110.000     20.000      0.052   -146.946      1.421   -175.190
   115.000     20.000      0.026    149.071      1.454   -172.972
   120.000     20.000      0.046     85.646      1.302   -171.825
   125.000     20.000      0.062     67.307      1.071   -164.842
   130.000     20.000      0.048     57.315      0.568   -169.926
   135.000     20.000      0.000      0.000      0.000      0.000
   140.000     20.000      0.000      0.000      0.000      0.000
   145.000     20.000      0.000      0.000      0.000      0.000
   -25.000     25.000      0.000      0.000      0.000      0.000
   -20.000     25.000      0.000      0.000      0.000      0.000
   -15.000     25.000      0.000      0.000      0.000      0.000
   -10.000     25.000      0.000      0.000      0.925    -76.517
    -5.000     25.000      0.000      0.000      1.703    -84.935
     0.000     25.000      0.000      0.000      2.675    -90.150
     5.000     25.000      0.000      0.000      3.598    -91.680
    10.000     25.000      0.000      0.000      4.279    -92.054
    15.000     25.000      0.000      0.000      4.393    -93.288
    20.000     25.000      0.000      0.000      4.844    -93.125
    25.000     25.000      0.000      0.000      5.157    -96.612
    30.000     25.000      0.000      0.000      5.819   -100.578
    35.000     25.000      0.000      0.000      5.986   -104.664
    40.000     25.000      0.000      0.000      6.006   -106.202
    45.000     25.000      0.000      0.000      5.510   -107.751
    50.000     25.000      0.000      0.000      5.410   -109.556
    55.000     25.000      0.028    120.032      4.320   -115.548
    60.000     25.000      0.055    111.917      3.609   -119.700
    65.000     25.000      0.055    120.122      2.992   -122.921
    70.000     25.000      0.052    137.163      2.563   -128.654
    75.000     25.000      0.047    152.975      2.384   -131.981
    80.000     25.000      0.046    179.694      1.584   -140.484
    85.000     25.000      0.055   -152.345      1.164   -144.543
    90.000     25.000      0.069   -130.455      0.674   -160.599
    95.000     25.000      0.073   -115.223      0.586   -178.821
   100.000     25.000      0.077   -105.153      0.619    153.044
   105.000     25.000      0.078    -98.847      0.672    152.274
   110.000     25.000      0.066    -96.792      0.743   -175.043
   115.000     25.000      0.042    -94.195      0.801    177.680
   120.000     25.000      0.013    -76.349      0.842   -163.839
   125.000     25.000      0.009     77.088      0.618   -168.052
   130.000     25.000      0.019    117.244      0.419   -149.839
   135.000     25.000      0.000      0.000      0.000      0.000
   140.000     25.000      0.000      0.000      0.000      0.000
   145.000     25.000      0.000      0.000      0.000      0.000
   -25.000     30.000      0.000      0.000      0.000      0.000
   -20.000     30.000      0.000      0.000      0.000      0.000
   -15.000     30.000      0.000      0.000      0.000      0.000
   -10.000     30.000      0.000      0.000      0.000      0.000
    -5.000     30.000      0.000      0.000      0.000      0.000
     0.000     30.000      0.000      0.000      0.000      0.000
     5.000     30.000      0.000      0.000      0.000      0.000
    10.000     30.000      0.000      0.000      0.000      0.000
    15.000     30.000      0.000      0.000      0.000      0.000
    20.000     30.000      0.000      0.000      0.000      0.000
    25.000     30.000      0.000      0.000      0.000      0.000
    30.000     30.000      0.000      0.000      0.000      0.000
    35.000     30.000      0.000      0.000      0.000      0.000
    40.000     30.000      0.000      0.000      0.000      0.000
    45.000     30.000      0.000      0.000      0.000      0.000
    50.000     30.000      0.000      0.000      0.000      0.000
    55.000     30.000      0.000      0.000      0.000      0.000
    60.000     30.000      0.000      0.000      0.000      0.000
    65.000     30.000      0.000      0.000      0.000      0.000
    70.000     30.000      0.000      0.000      0.000      0.000
    75.000     30.000      0.000      0.000      0.000      0.000
    80.000     30.000      0.000      0.000      0.000      0.000
    85.000     30.000      0.000      0.000      0.000      0.000
    90.000     30.000      0.000      0.000      0.000      0.000
    95.000     30.000      0.000      0.000      0.000      0.000
   100.000     30.000      0.000      0.000      0.000      0.000
   105.000     30.000      0.000      0.000      0.000      0.000
   110.000     30.000      0.000      0.000      0.000      0.000
   115.000     30.000      0.000      0.000      0.000      0.000
   120.000     30.000      0.000      0.000      0.000      0.000
   125.000     30.000      0.000      0.000      0.000      0.000
   130.000     30.000      0.000      0.000      0.000      0.000
   135.000     30.000      0.000      0.000      0.000      0.000
   140.000     30.000      0.000      0.000      0.000      0.000
   145.000     30.000      0.000      0.000      0.000      0.000
   -25.000     35.000      0.000      0.000      0.000      0.000
   -20.000     35.000      0.000      0.000      0.000      0.000
   -15.000     35.000      0.000      0.000      0.000      0.000
   -10.000     35.000      0.000      0.000      0.000      0.000
    -5.000     35.000      0.000      0.000      0.000      0.000
     0.000     35.000      0.000      0.000      0.000      0.000
     5.000     35.000      0.000      0.000      0.000      0.000
    10.000     35.000      0.000      0.000      0.000      0.000
    15.000     35.000      0.000      0.000      0.000      0.000
    20.000     35.000      0.000      0.000      0.000      0.000
    25.000     35.000      0.000      0.000      0.000      0.000
    30.000     35.000      0.000      0.000      0.000      0.000
    35.000     35.000      0.000      0.000      0.000      0.000
    40.000     35.000      0.000      0.000      0.000      0.000
    45.000     35.000      0.000      0.000      0.000      0.000
    50.000     35.000      0.000      0.000      0.000      0.000
    55.000     35.000      0.000      0.000      0.000      0.000
    60.000     35.000      0.000      0.000      0.000      0.000
    65.000     35.000      0.000      0.000      0.000      0.000
    70.000     35.000      0.000      0.000      0.000      0.000
    75.000     35.000      0.000      0.000      0.000      0.000
    80.000     35.000      0.000      0.000      0.000      0.000
    85.000     35.000      0.000      0.000      0.000      0.000
    90.000     35.000      0.000      0.000      0.000      0.000
    95.000     35.000      0.000      0.000      0.000      0.000
   100.000     35.000      0.000      0.000      0.000      0.000
   105.000     35.000      0.000      0.000      0.000      0.000
   110.000     35.000      0.000      0.000      0.000      0.000
   115.000     35.000      0.000      0.000      0.000      0.000
   120.000     35.000      0.000      0.000      0.000      0.000
   125.000     35.000      0.000      0.000      0.000      0.000
   130.000     35.000      0.000      0.000      0.000      0.000
   135.000     35.000      0.000      0.000      0.000      0.000
   140.000     35.000      0.000      0.000      0.000      0.000
   145.000     35.000      0.000      0.000      0.000      0.000
   -25.000     40.000      0.000      0.000      0.000      0.000
   -20.000     40.000      0.000      0.000      0.000      0.000
   -15.000     40.000      0.000      0.000      0.000      0.000
   -10.000     40.000      0.000      0.000      0.000      0.000
    -5.000     40.000      0.000      0.000      0.000      0.000
     0.000     40.000      0.000      0.000      0.000      0.000
     5.000     40.000      0.000      0.000      0.000      0.000
    10.000     40.000      0.000      0.000      0.000      0.000
    15.000     40.000      0.000      0.000      0.000      0.000
    20.000     40.000      0.000      0.000      0.000      0.000
    25.000     40.000      0.000      0.000      0.000      0.000
    30.000     40.000      0.000      0.000      0.000      0.000
    35.000     40.000      0.000      0.000      0.000      0.000
    40.000     40.000      0.000      0.000      0.000      0.000
    45.000     40.000      0.000      0.000      0.000      0.000
    50.000     40.000      0.000      0.000      0.000      0.000
    55.000     40.000      0.000      0.000      0.000      0.000
    60.000     40.000      0.000      0.000      0.000      0.000
    65.000     40.000      0.000      0.000      0.000      0.000
    70.000     40.000      0.000      0.000      0.000      0.000
    75.000     40.000      0.000      0.000      0.000      0.000
    80.000     40.000      0.000      0.000      0.000      0.000
    85.000     40.000      0.000      0.000      0.000      0.000
    90.000     40.000      0.000      0.000      0.000      0.000
    95.000     40.000      0.000      0.000      0.000      0.000
   100.000     40.000      0.000      0.000      0.000      0.000
   105.000     40.000      0.000      0.000      0.000      0.000
   110.000     40.000      0.000      0.000      0.000      0.000
   115.000     40.000      0.000      0.000      0.000      0.000
   120.000     40.000      0.000      0.000      0.000      0.000
   125.000     40.000      0.000      0.000      0.000      0.000
   130.000     40.000      0.000      0.000      0.000      0.000
   135.000     40.000      0.000      0.000      0.000      0.000
   140.000     40.000      0.000      0.000      0.000      0.000
   145.000     40.000      0.000      0.000      0.000      0.000
