   -25.000    -50.000      0.000      0.000      0.000      0.000
   -20.000    -50.000      0.000      0.000      0.000      0.000
   -15.000    -50.000      0.000      0.000      0.000      0.000
   -10.000    -50.000      0.000      0.000      0.000      0.000
    -5.000    -50.000      0.000      0.000      0.000      0.000
     0.000    -50.000      0.000      0.000      0.000      0.000
     5.000    -50.000      0.000      0.000      0.000      0.000
    10.000    -50.000      0.000      0.000      0.000      0.000
    15.000    -50.000      0.000      0.000      0.000      0.000
    20.000    -50.000      0.000      0.000      0.000      0.000
    25.000    -50.000      0.000      0.000      0.000      0.000
    30.000    -50.000      0.000      0.000      0.000      0.000
    35.000    -50.000      0.000      0.000      0.000      0.000
    40.000    -50.000      0.000      0.000      0.000      0.000
    45.000    -50.000      0.000      0.000      0.000      0.000
    50.000    -50.000      0.000      0.000      0.000      0.000
    55.000    -50.000      0.000      0.000      0.000      0.000
    60.000    -50.000      0.000      0.000      0.000      0.000
    65.000    -50.000      0.000      0.000      0.000      0.000
    70.000    -50.000      0.000      0.000      0.000      0.000
    75.000    -50.000      0.000      0.000      0.000      0.000
    80.000    -50.000      0.000      0.000      0.000      0.000
    85.000    -50.000      0.000      0.000      0.000      0.000
    90.000    -50.000      0.000      0.000      0.000      0.000
    95.000    -50.000      0.000      0.000      0.000      0.000
   100.000    -50.000      0.000      0.000      0.000      0.000
   105.000    -50.000      0.000      0.000      0.000      0.000
   110.000    -50.000      0.000      0.000      0.000      0.000
   115.000    -50.000      0.000      0.000      0.000      0.000
   120.000    -50.000      0.000      0.000      0.000      0.000
   125.000    -50.000      0.000      0.000      0.000      0.000
   130.000    -50.000      0.000      0.000      0.000      0.000
   135.000    -50.000      0.000      0.000      0.000      0.000
   140.000    -50.000      0.000      0.000      0.000      0.000
   145.000    -50.000      0.000      0.000      0.000      0.000
   -25.000    -45.000      0.000      0.000      0.000      0.000
   -20.000    -45.000      0.000      0.000      0.000      0.000
   -15.000    -45.000      0.000      0.000      0.000      0.000
   -10.000    -45.000      0.000      0.000      0.000      0.000
    -5.000    -45.000      0.000      0.000      0.000      0.000
     0.000    -45.000      0.000      0.000      0.000      0.000
     5.000    -45.000      0.000      0.000      0.000      0.000
    10.000    -45.000      0.000      0.000      0.000      0.000
    15.000    -45.000      0.000      0.000      0.000      0.000
    20.000    -45.000      0.000      0.000      0.000      0.000
    25.000    -45.000      0.000      0.000      0.000      0.000
    30.000    -45.000      0.000      0.000      0.000      0.000
    35.000    -45.000      0.000      0.000      0.000      0.000
    40.000    -45.000      0.000      0.000      0.000      0.000
    45.000    -45.000      0.000      0.000      0.000      0.000
    50.000    -45.000      0.000      0.000      0.000      0.000
    55.000    -45.000      0.000      0.000      0.000      0.000
    60.000    -45.000      0.000      0.000      0.000      0.000
    65.000    -45.000      0.000      0.000      0.000      0.000
    70.000    -45.000      0.000      0.000      0.000      0.000
    75.000    -45.000      0.000      0.000      0.000      0.000
    80.000    -45.000      0.000      0.000      0.000      0.000
    85.000    -45.000      0.000      0.000      0.000      0.000
    90.000    -45.000      0.000      0.000      0.000      0.000
    95.000    -45.000      0.000      0.000      0.000      0.000
   100.000    -45.000      0.000      0.000      0.000      0.000
   105.000    -45.000      0.000      0.000      0.000      0.000
   110.000    -45.000      0.000      0.000      0.000      0.000
   115.000    -45.000      0.000      0.000      0.000      0.000
   120.000    -45.000      0.000      0.000      0.000      0.000
   125.000    -45.000      0.000      0.000      0.000      0.000
   130.000    -45.000      0.000      0.000      0.000      0.000
   135.000    -45.000      0.000      0.000      0.000      0.000
   140.000    -45.000      0.000      0.000      0.000      0.000
   145.000    -45.000      0.000      0.000      0.000      0.000
   -25.000    -40.000      0.000      0.000      0.000      0.000
   -20.000    -40.000      0.000      0.000      0.000      0.000
   -15.000    -40.000      0.000      0.000      0.000      0.000
   -10.000    -40.000      0.000      0.000      0.000      0.000
    -5.000    -40.000      0.000      0.000      0.000      0.000
     0.000    -40.000      0.000      0.000      0.000      0.000
     5.000    -40.000      0.000      0.000      0.000      0.000
    10.000    -40.000      0.000      0.000      0.000      0.000
    15.000    -40.000      0.000      0.000      0.000      0.000
    20.000    -40.000      0.000      0.000      0.000      0.000
    25.000    -40.000      0.000      0.000      0.000      0.000
    30.000    -40.000      0.000      0.000      0.000      0.000
    35.000    -40.000      0.000      0.000      0.000      0.000
    40.000    -40.000      0.000      0.000      0.000      0.000
    45.000    -40.000      0.000      0.000      0.000      0.000
    50.000    -40.000      0.000      0.000      0.000      0.000
    55.000    -40.000      0.000      0.000      0.000      0.000
    60.000    -40.000      0.000      0.000      0.000      0.000
    65.000    -40.000      0.000      0.000      0.000      0.000
    70.000    -40.000      0.000      0.000      0.000      0.000
    75.000    -40.000      0.000      0.000      0.000      0.000
    80.000    -40.000      0.000      0.000      0.000      0.000
    85.000    -40.000      0.000      0.000      0.000      0.000
    90.000    -40.000      0.000      0.000      0.000      0.000
    95.000    -40.000      0.000      0.000      0.000      0.000
   100.000    -40.000      0.000      0.000      0.000      0.000
   105.000    -40.000      0.000      0.000      0.000      0.000
   110.000    -40.000      0.000      0.000      0.000      0.000
   115.000    -40.000      0.000      0.000      0.000      0.000
   120.000    -40.000      0.000      0.000      0.000      0.000
   125.000    -40.000      0.000      0.000      0.000      0.000
   130.000    -40.000      0.000      0.000      0.000      0.000
   135.000    -40.000      0.000      0.000      0.000      0.000
   140.000    -40.000      0.000      0.000      0.000      0.000
   145.000    -40.000      0.000      0.000      0.000      0.000
   -25.000    -35.000      0.000      0.000      0.000      0.000
   -20.000    -35.000      0.000      0.000      0.000      0.000
   -15.000    -35.000      0.000      0.000      0.000      0.000
   -10.000    -35.000      0.000      0.000      1.138     73.684
    -5.000    -35.000      0.000      0.000      2.070     69.858
     0.000    -35.000      0.000      0.000      2.729     66.422
     5.000    -35.000      0.000      0.000      2.965     61.516
    10.000    -35.000      0.000      0.000      2.837     54.542
    15.000    -35.000      0.000      0.000      2.710     48.937
    20.000    -35.000      0.000      0.000      2.816     50.825
    25.000    -35.000      0.000      0.000      2.320     52.480
    30.000    -35.000      0.000      0.000      1.568     63.177
    35.000    -35.000      0.000      0.000      0.598     64.003
    40.000    -35.000      0.000      0.000      0.822    -89.078
    45.000    -35.000      0.000      0.000      1.813    -91.473
    50.000    -35.000      0.000      0.000      2.216    -87.797
    55.000    -35.000      0.000      0.000      2.209    -75.755
    60.000    -35.000      0.008     14.702      2.445    -65.958
    65.000    -35.000      0.099     70.635      2.728    -56.638
    70.000    -35.000      0.152     71.274      2.934    -50.671
    75.000    -35.000      0.167     70.592      2.818    -38.358
    80.000    -35.000      0.152     68.626      2.879    -38.226
    85.000    -35.000      0.102     57.710      2.660    -37.564
    90.000    -35.000      0.057     17.361      2.893    -47.491
    95.000    -35.000      0.072    -22.933      3.155    -46.560
   100.000    -35.000      0.094    -26.169      3.026    -36.460
   105.000    -35.000      0.106    -26.742      3.103    -31.805
   110.000    -35.000      0.109    -30.741      3.048    -30.060
   115.000    -35.000      0.098    -43.749      3.090    -33.433
   120.000    -35.000      0.070    -67.675      2.777    -39.453
   125.000    -35.000      0.016    -66.104      1.858    -35.933
   130.000    -35.000      0.042     70.822      0.921    -25.930
   135.000    -35.000      0.000      0.000      0.000      0.000
   140.000    -35.000      0.000      0.000      0.000      0.000
   145.000    -35.000      0.000      0.000      0.000      0.000
   -25.000    -30.000      0.000      0.000      0.000      0.000
   -20.000    -30.000      0.000      0.000      0.000      0.000
   -15.000    -30.000      0.000      0.000      0.000      0.000
   -10.000    -30.000      0.000      0.000      2.094     77.407
    -5.000    -30.000      0.000      0.000      3.380     73.889
     0.000    -30.000      0.000      0.000      4.224     68.148
     5.000    -30.000      0.000      0.000      4.605     62.850
    10.000    -30.000      0.000      0.000      4.330     56.100
    15.000    -30.000      0.000      0.000      3.907     48.994
    20.000    -30.000      0.000      0.000      3.592     44.801
    25.000    -30.000      0.000      0.000      3.227     43.797
    30.000    -30.000      0.000      0.000      2.330     37.388
    35.000    -30.000      0.000      0.000      0.829     17.066
    40.000    -30.000      0.000      0.000      1.605    -86.322
    45.000    -30.000      0.000      0.000      3.789    -93.860
    50.000    -30.000      0.000      0.000      4.614    -91.833
    55.000    -30.000      0.000      0.000      4.643    -79.924
    60.000    -30.000      0.000      0.000      4.686    -69.598
    65.000    -30.000      0.090     59.246      4.985    -58.704
    70.000    -30.000      0.158     49.400      5.239    -52.936
    75.000    -30.000      0.189     51.249      5.011    -46.667
    80.000    -30.000      0.176     55.544      4.919    -44.506
    85.000    -30.000      0.145     58.310      4.708    -40.019
    90.000    -30.000      0.121     52.302      4.957    -42.203
    95.000    -30.000      0.103     28.735      5.290    -42.403
   100.000    -30.000      0.101     -7.132      5.119    -35.324
   105.000    -30.000      0.137    -34.347      5.240    -33.509
   110.000    -30.000      0.188    -39.532      5.380    -31.520
   115.000    -30.000      0.211    -38.927      5.386    -35.163
   120.000    -30.000      0.198    -41.167      4.682    -37.057
   125.000    -30.000      0.157    -37.688      3.309    -36.857
   130.000    -30.000      0.096    -18.400      1.700    -32.584
   135.000    -30.000      0.000      0.000      0.000      0.000
   140.000    -30.000      0.000      0.000      0.000      0.000
   145.000    -30.000      0.000      0.000      0.000      0.000
   -25.000    -25.000      0.000      0.000      0.000      0.000
   -20.000    -25.000      0.000      0.000      0.000      0.000
   -15.000    -25.000      0.000      0.000      0.000      0.000
   -10.000    -25.000      0.000      0.000      1.768     72.062
    -5.000    -25.000      0.000      0.000      3.118     67.261
     0.000    -25.000      0.000      0.000      4.169     63.602
     5.000    -25.000      0.000      0.000      4.652     58.190
    10.000    -25.000      0.000      0.000      4.471     49.566
    15.000    -25.000      0.000      0.000      3.969     36.089
    20.000    -25.000      0.000      0.000      3.639     25.704
    25.000    -25.000      0.000      0.000      2.990     19.470
    30.000    -25.000      0.000      0.000      2.044     -0.963
    35.000    -25.000      0.000      0.000      1.586    -61.903
    40.000    -25.000      0.000      0.000      3.316    -91.874
    45.000    -25.000      0.000      0.000      5.506    -95.792
    50.000    -25.000      0.000      0.000      6.816    -95.059
    55.000    -25.000      0.000      0.000      7.089    -87.893
    60.000    -25.000      0.000      0.000      6.688    -76.431
    65.000    -25.000      0.024     53.275      6.642    -65.954
    70.000    -25.000      0.092     15.112      6.736    -57.858
    75.000    -25.000      0.126     18.642      6.462    -51.403
    80.000    -25.000      0.141     30.826      6.032    -48.018
    85.000    -25.000      0.144     40.549      5.720    -42.395
    90.000    -25.000      0.137     43.462      5.874    -38.023
    95.000    -25.000      0.145     31.546      6.180    -38.312
   100.000    -25.000      0.168     15.900      6.188    -34.830
   105.000    -25.000      0.193      1.505      6.203    -33.572
   110.000    -25.000      0.230    -14.003      6.520    -34.258
   115.000    -25.000      0.259    -27.459      6.523    -36.614
   120.000    -25.000      0.258    -40.034      5.562    -36.534
   125.000    -25.000      0.215    -47.728      3.759    -33.426
   130.000    -25.000      0.125    -53.184      1.872    -32.385
   135.000    -25.000      0.000      0.000      0.000      0.000
   140.000    -25.000      0.000      0.000      0.000      0.000
   145.000    -25.000      0.000      0.000      0.000      0.000
   -25.000    -20.000      0.000      0.000      0.000      0.000
   -20.000    -20.000      0.000      0.000      0.000      0.000
   -15.000    -20.000      0.000      0.000      0.000      0.000
   -10.000    -20.000      0.000      0.000      1.663     58.274
    -5.000    -20.000      0.000      0.000      2.674     57.876
     0.000    -20.000      0.000      0.000      3.068     54.568
     5.000    -20.000      0.000      0.000      2.822     42.957
    10.000    -20.000      0.000      0.000      2.692     20.460
    15.000    -20.000      0.000      0.000      3.126      5.154
    20.000    -20.000      0.000      0.000      3.317    -12.132
    25.000    -20.000      0.000      0.000      3.175    -31.399
    30.000    -20.000      0.000      0.000      3.406    -58.920
    35.000    -20.000      0.000      0.000      4.471    -83.027
    40.000    -20.000      0.000      0.000      5.901    -96.672
    45.000    -20.000      0.000      0.000      8.067    -99.950
    50.000    -20.000      0.000      0.000      9.154    -98.480
    55.000    -20.000      0.000      0.000      9.383    -94.370
    60.000    -20.000      0.000      0.000      8.940    -85.603
    65.000    -20.000      0.023     48.576      8.114    -73.883
    70.000    -20.000      0.096     42.895      7.546    -64.343
    75.000    -20.000      0.154     33.892      6.798    -54.337
    80.000    -20.000      0.198     35.991      6.107    -48.655
    85.000    -20.000      0.221     38.243      5.858    -45.462
    90.000    -20.000      0.209     39.990      5.835    -38.790
    95.000    -20.000      0.201     36.435      5.942    -34.694
   100.000    -20.000      0.187     26.339      5.888    -32.082
   105.000    -20.000      0.175      8.413      5.893    -33.892
   110.000    -20.000      0.186    -14.441      6.019    -38.176
   115.000    -20.000      0.208    -31.557      5.850    -39.412
   120.000    -20.000      0.213    -41.009      4.943    -36.561
   125.000    -20.000      0.188    -54.097      3.403    -30.939
   130.000    -20.000      0.126    -74.189      1.778    -32.065
   135.000    -20.000      0.000      0.000      0.000      0.000
   140.000    -20.000      0.000      0.000      0.000      0.000
   145.000    -20.000      0.000      0.000      0.000      0.000
   -25.000    -15.000      0.000      0.000      0.000      0.000
   -20.000    -15.000      0.000      0.000      0.000      0.000
   -15.000    -15.000      0.000      0.000      0.000      0.000
   -10.000    -15.000      0.000      0.000      0.990     52.895
    -5.000    -15.000      0.000      0.000      1.508     69.734
     0.000    -15.000      0.000      0.000      1.545     55.221
     5.000    -15.000      0.000      0.000      1.353     10.534
    10.000    -15.000      0.000      0.000      2.296    -37.493
    15.000    -15.000      0.000      0.000      3.760    -46.495
    20.000    -15.000      0.000      0.000      4.689    -56.476
    25.000    -15.000      0.000      0.000      5.741    -65.280
    30.000    -15.000      0.000      0.000      6.815    -77.373
    35.000    -15.000      0.000      0.000      8.756    -88.107
    40.000    -15.000      0.000      0.000      9.757    -95.904
    45.000    -15.000      0.000      0.000     11.161   -100.505
    50.000    -15.000      0.000      0.000     11.959   -102.148
    55.000    -15.000      0.000      0.000     11.630    -99.611
    60.000    -15.000      0.000      0.000     10.909    -93.694
    65.000    -15.000      0.000      0.000      9.405    -85.019
    70.000    -15.000      0.149     30.423      7.900    -72.662
    75.000    -15.000      0.215     39.312      6.229    -59.360
    80.000    -15.000      0.262     44.284      5.172    -48.255
    85.000    -15.000      0.265     48.103      4.823    -43.907
    90.000    -15.000      0.212     53.717      4.947    -38.474
    95.000    -15.000      0.166     58.638      4.931    -33.975
   100.000    -15.000      0.119     62.953      4.636    -29.890
   105.000    -15.000      0.084     57.879      4.571    -33.462
   110.000    -15.000      0.079     30.466      4.664    -41.486
   115.000    -15.000      0.111     -3.258      4.389    -43.285
   120.000    -15.000      0.168    -18.658      3.458    -38.638
   125.000    -15.000      0.190    -28.169      2.395    -29.348
   130.000    -15.000      0.144    -34.545      1.322    -27.968
   135.000    -15.000      0.000      0.000      0.000      0.000
   140.000    -15.000      0.000      0.000      0.000      0.000
   145.000    -15.000      0.000      0.000      0.000      0.000
   -25.000    -10.000      0.000      0.000      0.000      0.000
   -20.000    -10.000      0.000      0.000      0.000      0.000
   -15.000    -10.000      0.000      0.000      0.000      0.000
   -10.000    -10.000      0.000      0.000      0.395      6.702
    -5.000    -10.000      0.000      0.000      0.358    -31.792
     0.000    -10.000      0.000      0.000      1.043    -68.556
     5.000    -10.000      0.000      0.000      2.367    -72.759
    10.000    -10.000      0.000      0.000      4.042    -69.778
    15.000    -10.000      0.000      0.000      5.928    -69.141
    20.000    -10.000      0.000      0.000      7.770    -76.260
    25.000    -10.000      0.000      0.000      9.333    -80.867
    30.000    -10.000      0.000      0.000     10.830    -84.482
    35.000    -10.000      0.000      0.000     12.725    -90.261
    40.000    -10.000      0.000      0.000     13.719    -96.756
    45.000    -10.000      0.000      0.000     14.305   -101.147
    50.000    -10.000      0.000      0.000     14.523   -103.451
    55.000    -10.000      0.000      0.000     13.829   -103.946
    60.000    -10.000      0.000      0.000     12.512   -102.050
    65.000    -10.000      0.000      0.000     10.652    -94.524
    70.000    -10.000      0.111     26.791      8.442    -84.053
    75.000    -10.000      0.165     19.602      6.008    -71.769
    80.000    -10.000      0.162     19.662      4.285    -58.763
    85.000    -10.000      0.128     29.988      3.570    -50.217
    90.000    -10.000      0.095     60.806      3.416    -42.189
    95.000    -10.000      0.119     91.020      3.243    -35.177
   100.000    -10.000      0.168     97.349      2.995    -23.334
   105.000    -10.000      0.193     88.717      2.717    -29.134
   110.000    -10.000      0.204     80.437      2.658    -40.691
   115.000    -10.000      0.205     65.661      2.283    -45.253
   120.000    -10.000      0.240     48.631      1.469    -34.255
   125.000    -10.000      0.249     37.966      1.028    -12.690
   130.000    -10.000      0.171     28.476      0.660     -7.027
   135.000    -10.000      0.000      0.000      0.000      0.000
   140.000    -10.000      0.000      0.000      0.000      0.000
   145.000    -10.000      0.000      0.000      0.000      0.000
   -25.000     -5.000      0.000      0.000      0.000      0.000
   -20.000     -5.000      0.000      0.000      0.000      0.000
   -15.000     -5.000      0.000      0.000      0.000      0.000
   -10.000     -5.000      0.000      0.000      0.797    -61.306
    -5.000     -5.000      0.000      0.000      1.912    -82.233
     0.000     -5.000      0.000      0.000      3.591    -89.502
     5.000     -5.000      0.000      0.000      5.407    -88.669
    10.000     -5.000      0.000      0.000      7.016    -84.642
    15.000     -5.000      0.000      0.000      8.741    -81.539
    20.000     -5.000      0.000      0.000     10.662    -83.538
    25.000     -5.000      0.000      0.000     12.890    -87.954
    30.000     -5.000      0.000      0.000     14.468    -90.821
    35.000     -5.000      0.000      0.000     15.909    -94.263
    40.000     -5.000      0.000      0.000     16.978    -97.089
    45.000     -5.000      0.000      0.000     16.956   -101.199
    50.000     -5.000      0.000      0.000     16.395   -104.378
    55.000     -5.000      0.000      0.000     15.251   -106.165
    60.000     -5.000      0.000      0.000     13.629   -106.858
    65.000     -5.000      0.000      0.000     11.394   -103.928
    70.000     -5.000      0.090     13.321      8.955    -96.896
    75.000     -5.000      0.142    -28.767      6.152    -87.507
    80.000     -5.000      0.152    -41.798      3.939    -77.173
    85.000     -5.000      0.122    -46.357      2.523    -63.998
    90.000     -5.000      0.055    -24.097      1.886    -51.344
    95.000     -5.000      0.073     75.867      1.606    -42.195
   100.000     -5.000      0.156     93.530      1.384    -20.556
   105.000     -5.000      0.215    100.857      1.132    -37.016
   110.000     -5.000      0.270    107.187      0.818    -65.964
   115.000     -5.000      0.303    103.901      0.544   -114.397
   120.000     -5.000      0.309     91.757      0.440    161.722
   125.000     -5.000      0.286     78.163      0.381    129.950
   130.000     -5.000      0.182     67.396      0.259     99.327
   135.000     -5.000      0.000      0.000      0.000      0.000
   140.000     -5.000      0.000      0.000      0.000      0.000
   145.000     -5.000      0.000      0.000      0.000      0.000
   -25.000      0.000      0.000      0.000      0.000      0.000
   -20.000      0.000      0.000      0.000      0.000      0.000
   -15.000      0.000      0.000      0.000      0.000      0.000
   -10.000      0.000      0.000      0.000      1.855    -76.021
    -5.000      0.000      0.000      0.000      4.241    -83.861
     0.000      0.000      0.000      0.000      6.394    -88.008
     5.000      0.000      0.000      0.000      8.383    -89.483
    10.000      0.000      0.000      0.000     10.013    -89.019
    15.000      0.000      0.000      0.000     11.352    -86.700
    20.000      0.000      0.000      0.000     13.141    -87.941
    25.000      0.000      0.000      0.000     15.383    -91.661
    30.000      0.000      0.000      0.000     17.252    -95.694
    35.000      0.000      0.000      0.000     18.321    -98.490
    40.000      0.000      0.000      0.000     18.745    -99.635
    45.000      0.000      0.000      0.000     18.611   -101.638
    50.000      0.000      0.000      0.000     17.268   -105.531
    55.000      0.000      0.000      0.000     15.922   -107.410
    60.000      0.000      0.000      0.000     14.017   -109.510
    65.000      0.000      0.000      0.000     11.824   -110.555
    70.000      0.000      0.043    -65.196      9.221   -108.019
    75.000      0.000      0.126    -57.991      6.576   -103.176
    80.000      0.000      0.148    -55.232      4.058    -96.367
    85.000      0.000      0.128    -46.108      1.917    -86.242
    90.000      0.000      0.076    -24.979      0.673    -75.664
    95.000      0.000      0.040     45.230      0.513    -86.131
   100.000      0.000      0.090    103.376      0.604    -96.243
   105.000      0.000      0.169    115.766      0.769   -119.482
   110.000      0.000      0.260    118.114      1.037   -146.205
   115.000      0.000      0.334    114.862      1.409    175.470
   120.000      0.000      0.361    109.798      1.653    157.945
   125.000      0.000      0.324    103.115      1.361    151.794
   130.000      0.000      0.207     97.479      0.830    136.672
   135.000      0.000      0.000      0.000      0.000      0.000
   140.000      0.000      0.000      0.000      0.000      0.000
   145.000      0.000      0.000      0.000      0.000      0.000
   -25.000      5.000      0.000      0.000      0.000      0.000
   -20.000      5.000      0.000      0.000      0.000      0.000
   -15.000      5.000      0.000      0.000      0.000      0.000
   -10.000      5.000      0.000      0.000      2.838    -79.999
    -5.000      5.000      0.000      0.000      5.770    -84.425
     0.000      5.000      0.000      0.000      8.216    -88.390
     5.000      5.000      0.000      0.000     10.316    -90.243
    10.000      5.000      0.000      0.000     12.195    -89.426
    15.000      5.000      0.000      0.000     13.584    -87.941
    20.000      5.000      0.000      0.000     14.555    -89.232
    25.000      5.000      0.000      0.000     16.252    -93.300
    30.000      5.000      0.000      0.000     18.196    -97.958
    35.000      5.000      0.000      0.000     19.148   -100.866
    40.000      5.000      0.000      0.000     19.315   -102.259
    45.000      5.000      0.000      0.000     19.220   -103.857
    50.000      5.000      0.000      0.000     17.230   -106.382
    55.000      5.000      0.000      0.000     15.520   -109.103
    60.000      5.000      0.000      0.000     13.368   -112.059
    65.000      5.000      0.000      0.000     11.234   -115.190
    70.000      5.000      0.013   -104.719      8.917   -116.612
    75.000      5.000      0.016     -9.343      6.794   -115.340
    80.000      5.000      0.030     -0.987      4.241   -115.475
    85.000      5.000      0.037    -19.889      1.789   -114.918
    90.000      5.000      0.028     -2.521      0.591   -153.791
    95.000      5.000      0.029     35.377      0.745    159.858
   100.000      5.000      0.053     74.107      1.019   -158.049
   105.000      5.000      0.112     91.512      1.250   -155.795
   110.000      5.000      0.197     94.669      1.441   -169.786
   115.000      5.000      0.265     96.750      1.771    169.262
   120.000      5.000      0.289    102.646      1.938    163.220
   125.000      5.000      0.257    107.988      1.676    158.986
   130.000      5.000      0.164    110.025      1.037    155.778
   135.000      5.000      0.000      0.000      0.000      0.000
   140.000      5.000      0.000      0.000      0.000      0.000
   145.000      5.000      0.000      0.000      0.000      0.000
   -25.000     10.000      0.000      0.000      0.000      0.000
   -20.000     10.000      0.000      0.000      0.000      0.000
   -15.000     10.000      0.000      0.000      0.000      0.000
   -10.000     10.000      0.000      0.000      3.311    -81.924
    -5.000     10.000      0.000      0.000      6.274    -85.838
     0.000     10.000      0.000      0.000      8.861    -88.718
     5.000     10.000      0.000      0.000     10.959    -89.663
    10.000     10.000      0.000      0.000     12.744    -89.433
    15.000     10.000      0.000      0.000     14.135    -88.846
    20.000     10.000      0.000      0.000     14.591    -90.188
    25.000     10.000      0.000      0.000     15.565    -94.771
    30.000     10.000      0.000      0.000     17.400    -99.264
    35.000     10.000      0.000      0.000     18.368   -102.039
    40.000     10.000      0.000      0.000     18.288   -103.802
    45.000     10.000      0.000      0.000     17.868   -104.990
    50.000     10.000      0.000      0.000     16.363   -106.921
    55.000     10.000      0.000      0.000     13.967   -110.069
    60.000     10.000      0.000      0.000     11.974   -114.188
    65.000     10.000      0.000      0.000     10.122   -117.958
    70.000     10.000      0.059    130.472      8.548   -121.861
    75.000     10.000      0.095    135.897      6.680   -124.131
    80.000     10.000      0.079    139.331      4.670   -126.114
    85.000     10.000      0.051    149.936      2.338   -133.964
    90.000     10.000      0.033    123.414      0.986   -166.787
    95.000     10.000      0.034     54.242      1.005    159.641
   100.000     10.000      0.056     32.611      1.348   -176.997
   105.000     10.000      0.063     36.148      1.666   -170.046
   110.000     10.000      0.093     56.214      1.707   -179.145
   115.000     10.000      0.140     66.017      1.786    177.245
   120.000     10.000      0.156     75.111      1.711    170.583
   125.000     10.000      0.130     88.664      1.542    163.778
   130.000     10.000      0.080    103.481      0.901    165.644
   135.000     10.000      0.000      0.000      0.000      0.000
   140.000     10.000      0.000      0.000      0.000      0.000
   145.000     10.000      0.000      0.000      0.000      0.000
   -25.000     15.000      0.000      0.000      0.000      0.000
   -20.000     15.000      0.000      0.000      0.000      0.000
   -15.000     15.000      0.000      0.000      0.000      0.000
   -10.000     15.000      0.000      0.000      2.477    -80.031
    -5.000     15.000      0.000      0.000      5.664    -85.741
     0.000     15.000      0.000      0.000      8.064    -88.512
     5.000     15.000      0.000      0.000      9.901    -89.495
    10.000     15.000      0.000      0.000     11.230    -89.336
    15.000     15.000      0.000      0.000     12.390    -89.694
    20.000     15.000      0.000      0.000     12.607    -91.075
    25.000     15.000      0.000      0.000     13.448    -95.615
    30.000     15.000      0.000      0.000     14.853   -100.211
    35.000     15.000      0.000      0.000     15.649   -103.426
    40.000     15.000      0.000      0.000     15.367   -105.174
    45.000     15.000      0.000      0.000     15.093   -106.085
    50.000     15.000      0.000      0.000     14.233   -107.984
    55.000     15.000      0.000      0.000     11.835   -111.980
    60.000     15.000      0.000      0.000      9.668   -115.782
    65.000     15.000      0.000      0.000      8.132   -121.169
    70.000     15.000      0.051    179.541      7.101   -125.126
    75.000     15.000      0.132    160.546      5.794   -129.347
    80.000     15.000      0.133    161.563      4.183   -133.833
    85.000     15.000      0.105    160.458      2.609   -144.763
    90.000     15.000      0.081    150.151      1.307   -177.996
    95.000     15.000      0.042    139.248      1.030    159.862
   100.000     15.000      0.021    -35.835      1.295    167.860
   105.000     15.000      0.068    -37.976      1.669   -176.111
   110.000     15.000      0.087    -27.738      1.743   -173.494
   115.000     15.000      0.093     -8.162      1.551   -174.810
   120.000     15.000      0.107     17.395      1.398    175.935
   125.000     15.000      0.128     38.721      1.044    176.477
   130.000     15.000      0.105     52.178      0.550    178.933
   135.000     15.000      0.000      0.000      0.000      0.000
   140.000     15.000      0.000      0.000      0.000      0.000
   145.000     15.000      0.000      0.000      0.000      0.000
   -25.000     20.000      0.000      0.000      0.000      0.000
   -20.000     20.000      0.000      0.000      0.000      0.000
   -15.000     20.000      0.000      0.000      0.000      0.000
   -10.000     20.000      0.000      0.000      2.112    -78.434
    -5.000     20.000      0.000      0.000      4.046    -85.151
     0.000     20.000      0.000      0.000      5.799    -89.198
     5.000     20.000      0.000      0.000      7.147    -90.980
    10.000     20.000      0.000      0.000      8.155    -90.959
    15.000     20.000      0.000      0.000      8.885    -90.829
    20.000     20.000      0.000      0.000      9.202    -92.057
    25.000     20.000      0.000      0.000      9.899    -96.116
    30.000     20.000      0.000      0.000     10.928   -100.762
    35.000     20.000      0.000      0.000     11.453   -104.497
    40.000     20.000      0.000      0.000     11.417   -105.604
    45.000     20.000      0.000      0.000     10.787   -107.078
    50.000     20.000      0.000      0.000     10.215   -109.061
    55.000     20.000      0.000      0.000      8.568   -113.619
    60.000     20.000      0.000      0.000      6.913   -117.922
    65.000     20.000      0.008    127.713      5.591   -123.337
    70.000     20.000      0.059    176.811      4.846   -129.996
    75.000     20.000      0.106    174.763      4.368   -132.848
    80.000     20.000      0.109    169.187      3.304   -137.548
    85.000     20.000      0.081    170.550      2.109   -148.679
    90.000     20.000      0.048   -168.504      1.336   -165.183
    95.000     20.000      0.048   -121.509      0.967   -175.413
   100.000     20.000      0.061    -99.023      0.997    169.326
   105.000     20.000      0.059    -79.558      1.321    179.667
   110.000     20.000      0.051    -41.282      1.373   -169.135
   115.000     20.000      0.063     -1.577      1.327   -169.836
   120.000     20.000      0.091      6.491      1.084   -171.575
   125.000     20.000      0.111      3.809      0.781   -164.825
   130.000     20.000      0.086     -6.936      0.333   -174.315
   135.000     20.000      0.000      0.000      0.000      0.000
   140.000     20.000      0.000      0.000      0.000      0.000
   145.000     20.000      0.000      0.000      0.000      0.000
   -25.000     25.000      0.000      0.000      0.000      0.000
   -20.000     25.000      0.000      0.000      0.000      0.000
   -15.000     25.000      0.000      0.000      0.000      0.000
   -10.000     25.000      0.000      0.000      0.925    -76.517
    -5.000     25.000      0.000      0.000      1.703    -84.935
     0.000     25.000      0.000      0.000      2.675    -90.150
     5.000     25.000      0.000      0.000      3.598    -91.680
    10.000     25.000      0.000      0.000      4.279    -92.054
    15.000     25.000      0.000      0.000      4.393    -93.288
    20.000     25.000      0.000      0.000      4.844    -93.125
    25.000     25.000      0.000      0.000      5.157    -96.612
    30.000     25.000      0.000      0.000      5.819   -100.578
    35.000     25.000      0.000      0.000      5.986   -104.664
    40.000     25.000      0.000      0.000      6.006   -106.202
    45.000     25.000      0.000      0.000      5.510   -107.751
    50.000     25.000      0.000      0.000      5.410   -109.556
    55.000     25.000      0.000      0.000      4.319   -115.567
    60.000     25.000      0.000      0.000      3.542   -120.367
    65.000     25.000      0.014     66.943      2.865   -124.157
    70.000     25.000      0.008     25.603      2.474   -130.634
    75.000     25.000      0.012   -171.011      2.366   -134.859
    80.000     25.000      0.036   -160.601      1.651   -144.755
    85.000     25.000      0.046   -159.245      1.275   -148.764
    90.000     25.000      0.042   -154.737      0.806   -161.819
    95.000     25.000      0.039   -136.100      0.703   -171.654
   100.000     25.000      0.039   -110.595      0.646    167.544
   105.000     25.000      0.029    -81.127      0.650    165.667
   110.000     25.000      0.017    -54.961      0.764   -165.509
   115.000     25.000      0.008    -85.549      0.784   -174.784
   120.000     25.000      0.015    -68.794      0.816   -156.650
   125.000     25.000      0.041    -34.904      0.518   -156.526
   130.000     25.000      0.054    -21.023      0.338   -129.113
   135.000     25.000      0.000      0.000      0.000      0.000
   140.000     25.000      0.000      0.000      0.000      0.000
   145.000     25.000      0.000      0.000      0.000      0.000
   -25.000     30.000      0.000      0.000      0.000      0.000
   -20.000     30.000      0.000      0.000      0.000      0.000
   -15.000     30.000      0.000      0.000      0.000      0.000
   -10.000     30.000      0.000      0.000      0.000      0.000
    -5.000     30.000      0.000      0.000      0.000      0.000
     0.000     30.000      0.000      0.000      0.000      0.000
     5.000     30.000      0.000      0.000      0.000      0.000
    10.000     30.000      0.000      0.000      0.000      0.000
    15.000     30.000      0.000      0.000      0.000      0.000
    20.000     30.000      0.000      0.000      0.000      0.000
    25.000     30.000      0.000      0.000      0.000      0.000
    30.000     30.000      0.000      0.000      0.000      0.000
    35.000     30.000      0.000      0.000      0.000      0.000
    40.000     30.000      0.000      0.000      0.000      0.000
    45.000     30.000      0.000      0.000      0.000      0.000
    50.000     30.000      0.000      0.000      0.000      0.000
    55.000     30.000      0.000      0.000      0.000      0.000
    60.000     30.000      0.000      0.000      0.000      0.000
    65.000     30.000      0.000      0.000      0.000      0.000
    70.000     30.000      0.000      0.000      0.000      0.000
    75.000     30.000      0.000      0.000      0.000      0.000
    80.000     30.000      0.000      0.000      0.000      0.000
    85.000     30.000      0.000      0.000      0.000      0.000
    90.000     30.000      0.000      0.000      0.000      0.000
    95.000     30.000      0.000      0.000      0.000      0.000
   100.000     30.000      0.000      0.000      0.000      0.000
   105.000     30.000      0.000      0.000      0.000      0.000
   110.000     30.000      0.000      0.000      0.000      0.000
   115.000     30.000      0.000      0.000      0.000      0.000
   120.000     30.000      0.000      0.000      0.000      0.000
   125.000     30.000      0.000      0.000      0.000      0.000
   130.000     30.000      0.000      0.000      0.000      0.000
   135.000     30.000      0.000      0.000      0.000      0.000
   140.000     30.000      0.000      0.000      0.000      0.000
   145.000     30.000      0.000      0.000      0.000      0.000
   -25.000     35.000      0.000      0.000      0.000      0.000
   -20.000     35.000      0.000      0.000      0.000      0.000
   -15.000     35.000      0.000      0.000      0.000      0.000
   -10.000     35.000      0.000      0.000      0.000      0.000
    -5.000     35.000      0.000      0.000      0.000      0.000
     0.000     35.000      0.000      0.000      0.000      0.000
     5.000     35.000      0.000      0.000      0.000      0.000
    10.000     35.000      0.000      0.000      0.000      0.000
    15.000     35.000      0.000      0.000      0.000      0.000
    20.000     35.000      0.000      0.000      0.000      0.000
    25.000     35.000      0.000      0.000      0.000      0.000
    30.000     35.000      0.000      0.000      0.000      0.000
    35.000     35.000      0.000      0.000      0.000      0.000
    40.000     35.000      0.000      0.000      0.000      0.000
    45.000     35.000      0.000      0.000      0.000      0.000
    50.000     35.000      0.000      0.000      0.000      0.000
    55.000     35.000      0.000      0.000      0.000      0.000
    60.000     35.000      0.000      0.000      0.000      0.000
    65.000     35.000      0.000      0.000      0.000      0.000
    70.000     35.000      0.000      0.000      0.000      0.000
    75.000     35.000      0.000      0.000      0.000      0.000
    80.000     35.000      0.000      0.000      0.000      0.000
    85.000     35.000      0.000      0.000      0.000      0.000
    90.000     35.000      0.000      0.000      0.000      0.000
    95.000     35.000      0.000      0.000      0.000      0.000
   100.000     35.000      0.000      0.000      0.000      0.000
   105.000     35.000      0.000      0.000      0.000      0.000
   110.000     35.000      0.000      0.000      0.000      0.000
   115.000     35.000      0.000      0.000      0.000      0.000
   120.000     35.000      0.000      0.000      0.000      0.000
   125.000     35.000      0.000      0.000      0.000      0.000
   130.000     35.000      0.000      0.000      0.000      0.000
   135.000     35.000      0.000      0.000      0.000      0.000
   140.000     35.000      0.000      0.000      0.000      0.000
   145.000     35.000      0.000      0.000      0.000      0.000
   -25.000     40.000      0.000      0.000      0.000      0.000
   -20.000     40.000      0.000      0.000      0.000      0.000
   -15.000     40.000      0.000      0.000      0.000      0.000
   -10.000     40.000      0.000      0.000      0.000      0.000
    -5.000     40.000      0.000      0.000      0.000      0.000
     0.000     40.000      0.000      0.000      0.000      0.000
     5.000     40.000      0.000      0.000      0.000      0.000
    10.000     40.000      0.000      0.000      0.000      0.000
    15.000     40.000      0.000      0.000      0.000      0.000
    20.000     40.000      0.000      0.000      0.000      0.000
    25.000     40.000      0.000      0.000      0.000      0.000
    30.000     40.000      0.000      0.000      0.000      0.000
    35.000     40.000      0.000      0.000      0.000      0.000
    40.000     40.000      0.000      0.000      0.000      0.000
    45.000     40.000      0.000      0.000      0.000      0.000
    50.000     40.000      0.000      0.000      0.000      0.000
    55.000     40.000      0.000      0.000      0.000      0.000
    60.000     40.000      0.000      0.000      0.000      0.000
    65.000     40.000      0.000      0.000      0.000      0.000
    70.000     40.000      0.000      0.000      0.000      0.000
    75.000     40.000      0.000      0.000      0.000      0.000
    80.000     40.000      0.000      0.000      0.000      0.000
    85.000     40.000      0.000      0.000      0.000      0.000
    90.000     40.000      0.000      0.000      0.000      0.000
    95.000     40.000      0.000      0.000      0.000      0.000
   100.000     40.000      0.000      0.000      0.000      0.000
   105.000     40.000      0.000      0.000      0.000      0.000
   110.000     40.000      0.000      0.000      0.000      0.000
   115.000     40.000      0.000      0.000      0.000      0.000
   120.000     40.000      0.000      0.000      0.000      0.000
   125.000     40.000      0.000      0.000      0.000      0.000
   130.000     40.000      0.000      0.000      0.000      0.000
   135.000     40.000      0.000      0.000      0.000      0.000
   140.000     40.000      0.000      0.000      0.000      0.000
   145.000     40.000      0.000      0.000      0.000      0.000
