   -25.000    -50.000      0.000      0.000      0.000      0.000
   -20.000    -50.000      0.000      0.000      0.000      0.000
   -15.000    -50.000      0.000      0.000      0.000      0.000
   -10.000    -50.000      0.000      0.000      0.000      0.000
    -5.000    -50.000      0.000      0.000      0.000      0.000
     0.000    -50.000      0.000      0.000      0.000      0.000
     5.000    -50.000      0.000      0.000      0.000      0.000
    10.000    -50.000      0.000      0.000      0.000      0.000
    15.000    -50.000      0.000      0.000      0.000      0.000
    20.000    -50.000      0.000      0.000      0.000      0.000
    25.000    -50.000      0.000      0.000      0.000      0.000
    30.000    -50.000      0.000      0.000      0.000      0.000
    35.000    -50.000      0.000      0.000      0.000      0.000
    40.000    -50.000      0.000      0.000      0.000      0.000
    45.000    -50.000      0.000      0.000      0.000      0.000
    50.000    -50.000      0.000      0.000      0.000      0.000
    55.000    -50.000      0.000      0.000      0.000      0.000
    60.000    -50.000      0.000      0.000      0.000      0.000
    65.000    -50.000      0.000      0.000      0.000      0.000
    70.000    -50.000      0.000      0.000      0.000      0.000
    75.000    -50.000      0.000      0.000      0.000      0.000
    80.000    -50.000      0.000      0.000      0.000      0.000
    85.000    -50.000      0.000      0.000      0.000      0.000
    90.000    -50.000      0.000      0.000      0.000      0.000
    95.000    -50.000      0.000      0.000      0.000      0.000
   100.000    -50.000      0.000      0.000      0.000      0.000
   105.000    -50.000      0.000      0.000      0.000      0.000
   110.000    -50.000      0.000      0.000      0.000      0.000
   115.000    -50.000      0.000      0.000      0.000      0.000
   120.000    -50.000      0.000      0.000      0.000      0.000
   125.000    -50.000      0.000      0.000      0.000      0.000
   130.000    -50.000      0.000      0.000      0.000      0.000
   135.000    -50.000      0.000      0.000      0.000      0.000
   140.000    -50.000      0.000      0.000      0.000      0.000
   145.000    -50.000      0.000      0.000      0.000      0.000
   -25.000    -45.000      0.000      0.000      0.000      0.000
   -20.000    -45.000      0.000      0.000      0.000      0.000
   -15.000    -45.000      0.000      0.000      0.000      0.000
   -10.000    -45.000      0.000      0.000      0.000      0.000
    -5.000    -45.000      0.000      0.000      0.000      0.000
     0.000    -45.000      0.000      0.000      0.000      0.000
     5.000    -45.000      0.000      0.000      0.000      0.000
    10.000    -45.000      0.000      0.000      0.000      0.000
    15.000    -45.000      0.000      0.000      0.000      0.000
    20.000    -45.000      0.000      0.000      0.000      0.000
    25.000    -45.000      0.000      0.000      0.000      0.000
    30.000    -45.000      0.000      0.000      0.000      0.000
    35.000    -45.000      0.000      0.000      0.000      0.000
    40.000    -45.000      0.000      0.000      0.000      0.000
    45.000    -45.000      0.000      0.000      0.000      0.000
    50.000    -45.000      0.000      0.000      0.000      0.000
    55.000    -45.000      0.000      0.000      0.000      0.000
    60.000    -45.000      0.000      0.000      0.000      0.000
    65.000    -45.000      0.000      0.000      0.000      0.000
    70.000    -45.000      0.000      0.000      0.000      0.000
    75.000    -45.000      0.000      0.000      0.000      0.000
    80.000    -45.000      0.000      0.000      0.000      0.000
    85.000    -45.000      0.000      0.000      0.000      0.000
    90.000    -45.000      0.000      0.000      0.000      0.000
    95.000    -45.000      0.000      0.000      0.000      0.000
   100.000    -45.000      0.000      0.000      0.000      0.000
   105.000    -45.000      0.000      0.000      0.000      0.000
   110.000    -45.000      0.000      0.000      0.000      0.000
   115.000    -45.000      0.000      0.000      0.000      0.000
   120.000    -45.000      0.000      0.000      0.000      0.000
   125.000    -45.000      0.000      0.000      0.000      0.000
   130.000    -45.000      0.000      0.000      0.000      0.000
   135.000    -45.000      0.000      0.000      0.000      0.000
   140.000    -45.000      0.000      0.000      0.000      0.000
   145.000    -45.000      0.000      0.000      0.000      0.000
   -25.000    -40.000      0.000      0.000      0.000      0.000
   -20.000    -40.000      0.000      0.000      0.000      0.000
   -15.000    -40.000      0.000      0.000      0.000      0.000
   -10.000    -40.000      0.000      0.000      0.000      0.000
    -5.000    -40.000      0.000      0.000      0.000      0.000
     0.000    -40.000      0.000      0.000      0.000      0.000
     5.000    -40.000      0.000      0.000      0.000      0.000
    10.000    -40.000      0.000      0.000      0.000      0.000
    15.000    -40.000      0.000      0.000      0.000      0.000
    20.000    -40.000      0.000      0.000      0.000      0.000
    25.000    -40.000      0.000      0.000      0.000      0.000
    30.000    -40.000      0.000      0.000      0.000      0.000
    35.000    -40.000      0.000      0.000      0.000      0.000
    40.000    -40.000      0.000      0.000      0.000      0.000
    45.000    -40.000      0.000      0.000      0.000      0.000
    50.000    -40.000      0.000      0.000      0.000      0.000
    55.000    -40.000      0.000      0.000      0.000      0.000
    60.000    -40.000      0.000      0.000      0.000      0.000
    65.000    -40.000      0.000      0.000      0.000      0.000
    70.000    -40.000      0.000      0.000      0.000      0.000
    75.000    -40.000      0.000      0.000      0.000      0.000
    80.000    -40.000      0.000      0.000      0.000      0.000
    85.000    -40.000      0.000      0.000      0.000      0.000
    90.000    -40.000      0.000      0.000      0.000      0.000
    95.000    -40.000      0.000      0.000      0.000      0.000
   100.000    -40.000      0.000      0.000      0.000      0.000
   105.000    -40.000      0.000      0.000      0.000      0.000
   110.000    -40.000      0.000      0.000      0.000      0.000
   115.000    -40.000      0.000      0.000      0.000      0.000
   120.000    -40.000      0.000      0.000      0.000      0.000
   125.000    -40.000      0.000      0.000      0.000      0.000
   130.000    -40.000      0.000      0.000      0.000      0.000
   135.000    -40.000      0.000      0.000      0.000      0.000
   140.000    -40.000      0.000      0.000      0.000      0.000
   145.000    -40.000      0.000      0.000      0.000      0.000
   -25.000    -35.000      0.000      0.000      0.000      0.000
   -20.000    -35.000      0.000      0.000      0.000      0.000
   -15.000    -35.000      0.000      0.000      0.000      0.000
   -10.000    -35.000      0.053     44.803      1.137     73.695
    -5.000    -35.000      0.058     13.796      2.069     69.869
     0.000    -35.000      0.044    -49.545      2.729     66.428
     5.000    -35.000      0.047    -74.248      2.965     61.521
    10.000    -35.000      0.061    -69.549      2.837     54.551
    15.000    -35.000      0.110    -57.967      2.729     49.550
    20.000    -35.000      0.098    -33.846      2.707     51.028
    25.000    -35.000      0.103    -15.497      2.185     52.712
    30.000    -35.000      0.123    -26.430      1.520     62.657
    35.000    -35.000      0.125    -42.700      0.672     73.532
    40.000    -35.000      0.156    -58.930      0.190   -121.263
    45.000    -35.000      0.200    -67.299      1.068   -115.415
    50.000    -35.000      0.228    -69.571      1.347   -111.743
    55.000    -35.000      0.247    -69.462      1.234   -103.084
    60.000    -35.000      0.250    -66.965      1.363    -97.042
    65.000    -35.000      0.256    -61.907      1.661    -89.367
    70.000    -35.000      0.262    -57.703      1.842    -86.240
    75.000    -35.000      0.261    -52.976      1.443    -78.192
    80.000    -35.000      0.261    -49.707      1.470    -80.334
    85.000    -35.000      0.271    -48.790      1.207    -87.600
    90.000    -35.000      0.286    -49.726      1.597    -94.233
    95.000    -35.000      0.293    -49.944      1.620    -86.843
   100.000    -35.000      0.302    -52.276      1.082    -70.687
   105.000    -35.000      0.298    -53.221      0.959    -51.916
   110.000    -35.000      0.290    -52.878      0.871    -38.822
   115.000    -35.000      0.269    -51.758      1.047    -39.698
   120.000    -35.000      0.242    -52.497      1.041    -49.944
   125.000    -35.000      0.192    -52.815      0.531    -39.844
   130.000    -35.000      0.122    -50.610      0.212     -0.625
   135.000    -35.000      0.000      0.000      0.000      0.000
   140.000    -35.000      0.000      0.000      0.000      0.000
   145.000    -35.000      0.000      0.000      0.000      0.000
   -25.000    -30.000      0.000      0.000      0.000      0.000
   -20.000    -30.000      0.000      0.000      0.000      0.000
   -15.000    -30.000      0.000      0.000      0.000      0.000
   -10.000    -30.000      0.007     41.130      2.094     77.407
    -5.000    -30.000      0.004     36.211      3.380     73.889
     0.000    -30.000      0.003   -106.006      4.224     68.148
     5.000    -30.000      0.006   -135.000      4.605     62.850
    10.000    -30.000      0.010   -126.376      4.330     56.100
    15.000    -30.000      0.011   -109.186      3.907     48.994
    20.000    -30.000      0.093   -133.024      3.593     44.801
    25.000    -30.000      0.004   -145.223      3.195     43.640
    30.000    -30.000      0.106    -57.886      2.277     40.857
    35.000    -30.000      0.179    -70.776      0.733     27.487
    40.000    -30.000      0.274    -76.324      0.897    -95.367
    45.000    -30.000      0.360    -76.114      2.789   -106.109
    50.000    -30.000      0.413    -73.902      3.431   -108.264
    55.000    -30.000      0.442    -71.019      3.234   -101.209
    60.000    -30.000      0.442    -68.784      2.975    -95.249
    65.000    -30.000      0.430    -65.832      3.165    -88.469
    70.000    -30.000      0.416    -61.690      3.316    -87.496
    75.000    -30.000      0.414    -57.223      2.938    -88.212
    80.000    -30.000      0.413    -53.152      2.800    -90.114
    85.000    -30.000      0.421    -50.250      2.343    -89.314
    90.000    -30.000      0.442    -48.364      2.539    -88.500
    95.000    -30.000      0.467    -46.233      2.607    -83.556
   100.000    -30.000      0.489    -45.540      1.861    -71.230
   105.000    -30.000      0.496    -44.638      1.718    -59.309
   110.000    -30.000      0.494    -44.258      1.752    -45.187
   115.000    -30.000      0.463    -44.102      1.991    -48.398
   120.000    -30.000      0.405    -45.119      1.725    -49.557
   125.000    -30.000      0.316    -46.689      1.043    -48.236
   130.000    -30.000      0.194    -49.620      0.427    -33.399
   135.000    -30.000      0.000      0.000      0.000      0.000
   140.000    -30.000      0.000      0.000      0.000      0.000
   145.000    -30.000      0.000      0.000      0.000      0.000
   -25.000    -25.000      0.000      0.000      0.000      0.000
   -20.000    -25.000      0.000      0.000      0.000      0.000
   -15.000    -25.000      0.000      0.000      0.000      0.000
   -10.000    -25.000      0.000      0.000      1.768     72.062
    -5.000    -25.000      0.000      0.000      3.118     67.261
     0.000    -25.000      0.000      0.000      4.169     63.602
     5.000    -25.000      0.000      0.000      4.652     58.190
    10.000    -25.000      0.000      0.000      4.471     49.566
    15.000    -25.000      0.000      0.000      3.969     36.089
    20.000    -25.000      0.001   -158.769      3.639     25.704
    25.000    -25.000      0.020    -31.832      2.990     19.473
    30.000    -25.000      0.121    -79.858      2.041      0.352
    35.000    -25.000      0.183    -80.905      1.543    -58.395
    40.000    -25.000      0.298    -79.325      2.639    -92.403
    45.000    -25.000      0.406    -77.963      4.567   -101.249
    50.000    -25.000      0.472    -76.134      5.718   -105.631
    55.000    -25.000      0.501    -72.183      5.766   -103.850
    60.000    -25.000      0.506    -68.035      5.169    -98.583
    65.000    -25.000      0.495    -64.033      4.923    -93.439
    70.000    -25.000      0.477    -60.353      4.739    -90.573
    75.000    -25.000      0.461    -55.905      4.247    -90.509
    80.000    -25.000      0.451    -51.449      3.811    -94.162
    85.000    -25.000      0.459    -47.973      3.217    -93.132
    90.000    -25.000      0.483    -45.048      2.924    -85.389
    95.000    -25.000      0.516    -42.373      3.019    -80.740
   100.000    -25.000      0.548    -40.550      2.600    -72.692
   105.000    -25.000      0.557    -39.093      2.369    -65.741
   110.000    -25.000      0.553    -39.259      2.607    -57.902
   115.000    -25.000      0.514    -38.817      2.797    -55.812
   120.000    -25.000      0.442    -39.091      2.250    -52.557
   125.000    -25.000      0.327    -40.244      1.179    -44.830
   130.000    -25.000      0.167    -43.870      0.438    -41.470
   135.000    -25.000      0.000      0.000      0.000      0.000
   140.000    -25.000      0.000      0.000      0.000      0.000
   145.000    -25.000      0.000      0.000      0.000      0.000
   -25.000    -20.000      0.000      0.000      0.000      0.000
   -20.000    -20.000      0.000      0.000      0.000      0.000
   -15.000    -20.000      0.000      0.000      0.000      0.000
   -10.000    -20.000      0.000      0.000      1.663     58.274
    -5.000    -20.000      0.000      0.000      2.674     57.876
     0.000    -20.000      0.000      0.000      3.068     54.568
     5.000    -20.000      0.000      0.000      2.822     42.957
    10.000    -20.000      0.000      0.000      2.692     20.460
    15.000    -20.000      0.000      0.000      3.126      5.154
    20.000    -20.000      0.000      0.000      3.317    -12.132
    25.000    -20.000      0.005    125.637      3.175    -31.399
    30.000    -20.000      0.064   -120.269      3.405    -58.911
    35.000    -20.000      0.125    -91.157      4.415    -82.676
    40.000    -20.000      0.236    -85.531      5.569    -97.159
    45.000    -20.000      0.322    -80.375      7.372   -101.974
    50.000    -20.000      0.391    -75.436      8.357   -104.903
    55.000    -20.000      0.443    -70.191      8.427   -104.924
    60.000    -20.000      0.477    -65.686      7.900   -101.354
    65.000    -20.000      0.497    -61.603      6.987    -96.295
    70.000    -20.000      0.505    -57.607      6.249    -94.023
    75.000    -20.000      0.496    -53.403      5.157    -92.562
    80.000    -20.000      0.478    -48.319      4.392    -95.440
    85.000    -20.000      0.471    -43.590      4.053    -95.606
    90.000    -20.000      0.467    -39.841      3.489    -87.788
    95.000    -20.000      0.474    -38.070      3.169    -78.981
   100.000    -20.000      0.483    -37.640      2.819    -72.050
   105.000    -20.000      0.491    -38.203      2.810    -70.066
   110.000    -20.000      0.482    -38.679      3.057    -70.553
   115.000    -20.000      0.436    -39.028      2.954    -67.918
   120.000    -20.000      0.371    -40.051      2.223    -62.187
   125.000    -20.000      0.282    -37.791      1.170    -52.464
   130.000    -20.000      0.152    -29.428      0.545    -55.925
   135.000    -20.000      0.000      0.000      0.000      0.000
   140.000    -20.000      0.000      0.000      0.000      0.000
   145.000    -20.000      0.000      0.000      0.000      0.000
   -25.000    -15.000      0.000      0.000      0.000      0.000
   -20.000    -15.000      0.000      0.000      0.000      0.000
   -15.000    -15.000      0.000      0.000      0.000      0.000
   -10.000    -15.000      0.000      0.000      0.990     52.895
    -5.000    -15.000      0.000      0.000      1.508     69.734
     0.000    -15.000      0.000      0.000      1.545     55.221
     5.000    -15.000      0.000      0.000      1.353     10.534
    10.000    -15.000      0.000      0.000      2.296    -37.493
    15.000    -15.000      0.000      0.000      3.760    -46.495
    20.000    -15.000      0.000      0.000      4.689    -56.476
    25.000    -15.000      0.000      0.000      5.741    -65.280
    30.000    -15.000      0.006    -94.122      6.815    -77.373
    35.000    -15.000      0.101    -80.849      8.732    -88.112
    40.000    -15.000      0.177    -83.926      9.552    -96.084
    45.000    -15.000      0.226    -77.931     10.922   -101.741
    50.000    -15.000      0.270    -68.710     11.578   -105.560
    55.000    -15.000      0.318    -59.116     11.310   -105.591
    60.000    -15.000      0.368    -52.951     10.483   -103.090
    65.000    -15.000      0.406    -48.491      9.161   -100.496
    70.000    -15.000      0.434    -43.942      7.590    -97.579
    75.000    -15.000      0.450    -40.843      5.648    -96.635
    80.000    -15.000      0.446    -37.592      4.335    -97.604
    85.000    -15.000      0.437    -36.359      3.912    -97.254
    90.000    -15.000      0.423    -36.529      3.617    -87.918
    95.000    -15.000      0.407    -39.184      3.307    -79.022
   100.000    -15.000      0.378    -41.422      2.843    -72.729
   105.000    -15.000      0.361    -43.778      2.962    -72.702
   110.000    -15.000      0.349    -45.669      3.396    -77.180
   115.000    -15.000      0.332    -46.821      3.208    -78.424
   120.000    -15.000      0.299    -48.102      2.253    -79.221
   125.000    -15.000      0.240    -48.631      1.200    -76.270
   130.000    -15.000      0.130    -48.399      0.603    -78.520
   135.000    -15.000      0.000      0.000      0.000      0.000
   140.000    -15.000      0.000      0.000      0.000      0.000
   145.000    -15.000      0.000      0.000      0.000      0.000
   -25.000    -10.000      0.000      0.000      0.000      0.000
   -20.000    -10.000      0.000      0.000      0.000      0.000
   -15.000    -10.000      0.000      0.000      0.000      0.000
   -10.000    -10.000      0.000      0.000      0.395      6.702
    -5.000    -10.000      0.000      0.000      0.358    -31.792
     0.000    -10.000      0.000      0.000      1.043    -68.556
     5.000    -10.000      0.000      0.000      2.367    -72.759
    10.000    -10.000      0.000      0.000      4.042    -69.778
    15.000    -10.000      0.000      0.000      5.928    -69.141
    20.000    -10.000      0.000      0.000      7.770    -76.260
    25.000    -10.000      0.000      0.000      9.333    -80.867
    30.000    -10.000      0.006    -49.047     10.830    -84.482
    35.000    -10.000      0.076    -53.423     12.724    -90.263
    40.000    -10.000      0.140    -69.622     13.637    -96.818
    45.000    -10.000      0.178    -63.032     14.331   -101.440
    50.000    -10.000      0.213    -49.912     14.590   -105.489
    55.000    -10.000      0.254    -39.338     14.019   -107.403
    60.000    -10.000      0.295    -32.398     12.963   -106.998
    65.000    -10.000      0.323    -26.263     11.209   -103.731
    70.000    -10.000      0.349    -21.246      9.159   -101.068
    75.000    -10.000      0.368    -19.936      6.585   -100.543
    80.000    -10.000      0.373    -21.379      4.640   -102.003
    85.000    -10.000      0.355    -24.697      3.773   -101.402
    90.000    -10.000      0.335    -29.478      3.316    -92.844
    95.000    -10.000      0.318    -35.674      2.990    -83.499
   100.000    -10.000      0.294    -42.985      2.519    -71.817
   105.000    -10.000      0.271    -52.801      2.696    -75.590
   110.000    -10.000      0.260    -63.387      3.114    -80.583
   115.000    -10.000      0.255    -71.564      2.954    -85.704
   120.000    -10.000      0.260    -78.022      2.084    -92.341
   125.000    -10.000      0.251    -79.254      1.276    -94.291
   130.000    -10.000      0.175    -78.667      0.701    -91.474
   135.000    -10.000      0.000      0.000      0.000      0.000
   140.000    -10.000      0.000      0.000      0.000      0.000
   145.000    -10.000      0.000      0.000      0.000      0.000
   -25.000     -5.000      0.000      0.000      0.000      0.000
   -20.000     -5.000      0.000      0.000      0.000      0.000
   -15.000     -5.000      0.000      0.000      0.000      0.000
   -10.000     -5.000      0.000      0.000      0.797    -61.306
    -5.000     -5.000      0.000      0.000      1.912    -82.233
     0.000     -5.000      0.000      0.000      3.591    -89.502
     5.000     -5.000      0.000      0.000      5.407    -88.669
    10.000     -5.000      0.000      0.000      7.016    -84.642
    15.000     -5.000      0.000      0.000      8.741    -81.539
    20.000     -5.000      0.000      0.000     10.662    -83.538
    25.000     -5.000      0.000      0.000     12.890    -87.954
    30.000     -5.000      0.008    -12.423     14.468    -90.821
    35.000     -5.000      0.065    -16.356     15.909    -94.265
    40.000     -5.000      0.149    -43.425     16.892    -97.413
    45.000     -5.000      0.175    -41.308     16.983   -101.946
    50.000     -5.000      0.190    -29.650     16.678   -105.770
    55.000     -5.000      0.220    -16.366     15.885   -108.605
    60.000     -5.000      0.264     -5.750     14.598   -109.778
    65.000     -5.000      0.298      0.766     12.794   -108.758
    70.000     -5.000      0.306      6.173     10.594   -106.566
    75.000     -5.000      0.306      8.495      7.631   -104.998
    80.000     -5.000      0.305      7.309      5.215   -105.264
    85.000     -5.000      0.292      3.186      3.599   -104.992
    90.000     -5.000      0.260     -6.446      2.826   -100.483
    95.000     -5.000      0.221    -21.195      2.561    -92.339
   100.000     -5.000      0.191    -40.439      2.193    -79.535
   105.000     -5.000      0.180    -63.108      2.542    -81.729
   110.000     -5.000      0.212    -85.880      2.726    -88.197
   115.000     -5.000      0.249   -100.517      2.567    -97.551
   120.000     -5.000      0.279   -109.388      1.927   -106.904
   125.000     -5.000      0.269   -113.629      1.437   -108.441
   130.000     -5.000      0.205   -113.641      0.752   -106.592
   135.000     -5.000      0.000      0.000      0.000      0.000
   140.000     -5.000      0.000      0.000      0.000      0.000
   145.000     -5.000      0.000      0.000      0.000      0.000
   -25.000      0.000      0.000      0.000      0.000      0.000
   -20.000      0.000      0.000      0.000      0.000      0.000
   -15.000      0.000      0.000      0.000      0.000      0.000
   -10.000      0.000      0.000      0.000      1.855    -76.021
    -5.000      0.000      0.000      0.000      4.241    -83.861
     0.000      0.000      0.000      0.000      6.394    -88.008
     5.000      0.000      0.000      0.000      8.383    -89.483
    10.000      0.000      0.000      0.000     10.013    -89.019
    15.000      0.000      0.000      0.000     11.352    -86.700
    20.000      0.000      0.000      0.000     13.141    -87.941
    25.000      0.000      0.000      0.000     15.383    -91.661
    30.000      0.000      0.003     21.332     17.252    -95.694
    35.000      0.000      0.034    -29.093     18.321    -98.491
    40.000      0.000      0.164    -40.684     18.726    -99.995
    45.000      0.000      0.203    -28.657     18.741   -102.722
    50.000      0.000      0.219    -12.938     17.796   -106.963
    55.000      0.000      0.246      3.019     16.943   -109.388
    60.000      0.000      0.286     15.087     15.566   -111.632
    65.000      0.000      0.324     22.719     13.692   -112.730
    70.000      0.000      0.343     27.028     11.269   -111.781
    75.000      0.000      0.343     28.958      8.532   -110.168
    80.000      0.000      0.320     28.591      5.827   -108.339
    85.000      0.000      0.273     26.600      3.520   -107.499
    90.000      0.000      0.206     18.692      2.236   -108.299
    95.000      0.000      0.131     -0.509      2.113   -102.254
   100.000      0.000      0.094    -52.595      2.283    -93.902
   105.000      0.000      0.139   -100.006      2.504    -92.512
   110.000      0.000      0.215   -120.322      2.601    -96.813
   115.000      0.000      0.279   -131.177      2.130   -109.340
   120.000      0.000      0.310   -137.300      1.678   -120.563
   125.000      0.000      0.288   -142.159      1.279   -122.415
   130.000      0.000      0.187   -147.691      0.551   -125.878
   135.000      0.000      0.000      0.000      0.000      0.000
   140.000      0.000      0.000      0.000      0.000      0.000
   145.000      0.000      0.000      0.000      0.000      0.000
   -25.000      5.000      0.000      0.000      0.000      0.000
   -20.000      5.000      0.000      0.000      0.000      0.000
   -15.000      5.000      0.000      0.000      0.000      0.000
   -10.000      5.000      0.000      0.000      2.838    -79.999
    -5.000      5.000      0.000      0.000      5.770    -84.425
     0.000      5.000      0.000      0.000      8.216    -88.390
     5.000      5.000      0.000      0.000     10.316    -90.243
    10.000      5.000      0.000      0.000     12.195    -89.426
    15.000      5.000      0.000      0.000     13.584    -87.941
    20.000      5.000      0.000      0.000     14.555    -89.232
    25.000      5.000      0.000      0.000     16.252    -93.300
    30.000      5.000      0.001   -117.525     18.196    -97.958
    35.000      5.000      0.038    -65.553     19.148   -100.867
    40.000      5.000      0.164    -42.047     19.242   -102.525
    45.000      5.000      0.229    -25.556     19.227   -104.629
    50.000      5.000      0.265     -8.462     17.652   -107.674
    55.000      5.000      0.299      8.422     16.639   -110.713
    60.000      5.000      0.333     19.646     15.221   -113.729
    65.000      5.000      0.357     26.129     13.480   -116.064
    70.000      5.000      0.361     30.090     11.153   -116.681
    75.000      5.000      0.340     32.270      8.901   -115.211
    80.000      5.000      0.289     32.479      6.124   -114.457
    85.000      5.000      0.219     32.480      3.404   -111.306
    90.000      5.000      0.131     30.398      1.823   -113.974
    95.000      5.000      0.032     15.095      1.229   -119.883
   100.000      5.000      0.081   -132.121      1.792   -107.995
   105.000      5.000      0.178   -139.681      1.975   -103.602
   110.000      5.000      0.258   -143.539      1.896   -106.416
   115.000      5.000      0.306   -147.411      1.552   -119.277
   120.000      5.000      0.302   -151.488      1.395   -128.880
   125.000      5.000      0.253   -157.206      1.056   -134.040
   130.000      5.000      0.155   -166.895      0.576   -140.229
   135.000      5.000      0.000      0.000      0.000      0.000
   140.000      5.000      0.000      0.000      0.000      0.000
   145.000      5.000      0.000      0.000      0.000      0.000
   -25.000     10.000      0.000      0.000      0.000      0.000
   -20.000     10.000      0.000      0.000      0.000      0.000
   -15.000     10.000      0.000      0.000      0.000      0.000
   -10.000     10.000      0.000      0.000      3.311    -81.924
    -5.000     10.000      0.000      0.000      6.274    -85.838
     0.000     10.000      0.000      0.000      8.861    -88.718
     5.000     10.000      0.000      0.000     10.959    -89.663
    10.000     10.000      0.000      0.000     12.744    -89.433
    15.000     10.000      0.000      0.000     14.135    -88.846
    20.000     10.000      0.000      0.000     14.591    -90.188
    25.000     10.000      0.000      0.000     15.565    -94.771
    30.000     10.000      0.003    -64.552     17.400    -99.264
    35.000     10.000      0.070    -35.082     18.368   -102.041
    40.000     10.000      0.186    -37.138     18.217   -104.228
    45.000     10.000      0.248    -27.101     17.722   -105.998
    50.000     10.000      0.285    -14.414     16.669   -108.460
    55.000     10.000      0.313      0.231     15.178   -111.907
    60.000     10.000      0.338     12.890     13.843   -115.539
    65.000     10.000      0.356     23.443     12.258   -118.352
    70.000     10.000      0.342     28.983     10.615   -119.980
    75.000     10.000      0.310     33.575      8.505   -119.869
    80.000     10.000      0.250     37.803      6.161   -118.872
    85.000     10.000      0.169     42.727      3.430   -117.715
    90.000     10.000      0.065     55.058      1.516   -117.447
    95.000     10.000      0.059   -170.814      0.752   -129.408
   100.000     10.000      0.143   -159.721      1.092   -128.199
   105.000     10.000      0.209   -156.161      1.281   -126.724
   110.000     10.000      0.248   -155.075      1.078   -129.836
   115.000     10.000      0.268   -154.034      1.107   -131.827
   120.000     10.000      0.257   -153.869      0.972   -137.303
   125.000     10.000      0.202   -154.616      0.782   -150.935
   130.000     10.000      0.101   -158.811      0.475   -145.996
   135.000     10.000      0.000      0.000      0.000      0.000
   140.000     10.000      0.000      0.000      0.000      0.000
   145.000     10.000      0.000      0.000      0.000      0.000
   -25.000     15.000      0.000      0.000      0.000      0.000
   -20.000     15.000      0.000      0.000      0.000      0.000
   -15.000     15.000      0.000      0.000      0.000      0.000
   -10.000     15.000      0.000      0.000      2.477    -80.031
    -5.000     15.000      0.000      0.000      5.664    -85.741
     0.000     15.000      0.000      0.000      8.064    -88.512
     5.000     15.000      0.000      0.000      9.901    -89.495
    10.000     15.000      0.000      0.000     11.230    -89.336
    15.000     15.000      0.000      0.000     12.390    -89.694
    20.000     15.000      0.000      0.000     12.607    -91.075
    25.000     15.000      0.000      0.000     13.448    -95.615
    30.000     15.000      0.003   -136.834     14.853   -100.211
    35.000     15.000      0.098    -47.925     15.641   -103.545
    40.000     15.000      0.187    -46.457     15.304   -105.615
    45.000     15.000      0.243    -38.843     15.015   -107.268
    50.000     15.000      0.267    -26.450     14.454   -109.558
    55.000     15.000      0.276    -10.289     12.752   -113.608
    60.000     15.000      0.283      4.209     11.304   -117.120
    65.000     15.000      0.287     16.537      9.932   -121.004
    70.000     15.000      0.280     26.940      8.748   -122.409
    75.000     15.000      0.253     35.095      7.139   -123.054
    80.000     15.000      0.186     42.134      5.155   -123.271
    85.000     15.000      0.107     52.467      3.119   -125.844
    90.000     15.000      0.047     89.043      1.116   -134.573
    95.000     15.000      0.058    171.448      0.289   -154.056
   100.000     15.000      0.108   -167.791      0.412    174.882
   105.000     15.000      0.161   -158.457      0.725   -163.780
   110.000     15.000      0.199   -153.411      0.757   -158.951
   115.000     15.000      0.220   -148.787      0.636   -152.257
   120.000     15.000      0.223   -144.387      0.596   -163.501
   125.000     15.000      0.195   -140.734      0.546   -149.927
   130.000     15.000      0.118   -140.889      0.368   -137.195
   135.000     15.000      0.000      0.000      0.000      0.000
   140.000     15.000      0.000      0.000      0.000      0.000
   145.000     15.000      0.000      0.000      0.000      0.000
   -25.000     20.000      0.000      0.000      0.000      0.000
   -20.000     20.000      0.000      0.000      0.000      0.000
   -15.000     20.000      0.000      0.000      0.000      0.000
   -10.000     20.000      0.000      0.000      2.112    -78.434
    -5.000     20.000      0.000      0.000      4.046    -85.151
     0.000     20.000      0.000      0.000      5.799    -89.198
     5.000     20.000      0.000      0.000      7.147    -90.980
    10.000     20.000      0.000      0.000      8.155    -90.959
    15.000     20.000      0.000      0.000      8.885    -90.829
    20.000     20.000      0.000      0.000      9.202    -92.057
    25.000     20.000      0.005    -77.235      9.899    -96.116
    30.000     20.000      0.033    134.998     10.928   -100.761
    35.000     20.000      0.034    -78.536     11.425   -104.493
    40.000     20.000      0.116    -51.307     11.364   -106.357
    45.000     20.000      0.175    -41.400     10.733   -108.708
    50.000     20.000      0.206    -33.583     10.423   -110.998
    55.000     20.000      0.214    -23.454      9.223   -115.261
    60.000     20.000      0.208    -10.041      8.076   -118.691
    65.000     20.000      0.197      3.330      6.970   -121.953
    70.000     20.000      0.176     13.173      6.069   -125.181
    75.000     20.000      0.149     20.280      5.300   -125.245
    80.000     20.000      0.115     28.650      3.890   -125.835
    85.000     20.000      0.085     43.152      2.272   -129.642
    90.000     20.000      0.053     62.053      1.043   -137.858
    95.000     20.000      0.027    110.799      0.329   -152.931
   100.000     20.000      0.049    176.191      0.382    118.795
   105.000     20.000      0.100   -163.029      0.529    148.585
   110.000     20.000      0.153   -151.913      0.469    178.211
   115.000     20.000      0.194   -145.470      0.496   -176.937
   120.000     20.000      0.209   -141.477      0.428   -175.784
   125.000     20.000      0.187   -137.436      0.380   -158.469
   130.000     20.000      0.129   -133.776      0.176   -179.069
   135.000     20.000      0.000      0.000      0.000      0.000
   140.000     20.000      0.000      0.000      0.000      0.000
   145.000     20.000      0.000      0.000      0.000      0.000
   -25.000     25.000      0.000      0.000      0.000      0.000
   -20.000     25.000      0.000      0.000      0.000      0.000
   -15.000     25.000      0.000      0.000      0.000      0.000
   -10.000     25.000      0.000      0.000      0.925    -76.517
    -5.000     25.000      0.000      0.000      1.703    -84.935
     0.000     25.000      0.000      0.000      2.675    -90.150
     5.000     25.000      0.000      0.000      3.598    -91.680
    10.000     25.000      0.000      0.000      4.279    -92.054
    15.000     25.000      0.000      0.000      4.393    -93.288
    20.000     25.000      0.002    -53.560      4.844    -93.125
    25.000     25.000      0.038    -84.493      5.157    -96.613
    30.000     25.000      0.011    170.400      5.835   -100.458
    35.000     25.000      0.021    -98.682      5.981   -104.760
    40.000     25.000      0.056    -69.334      5.990   -107.127
    45.000     25.000      0.087    -59.696      5.550   -109.886
    50.000     25.000      0.105    -46.848      5.455   -111.799
    55.000     25.000      0.115    -33.086      4.660   -117.193
    60.000     25.000      0.120    -24.402      4.189   -120.040
    65.000     25.000      0.114    -16.671      3.659   -121.735
    70.000     25.000      0.105     -7.690      3.182   -125.200
    75.000     25.000      0.103      5.338      2.870   -127.038
    80.000     25.000      0.089     16.405      1.880   -131.385
    85.000     25.000      0.065     28.543      1.275   -132.142
    90.000     25.000      0.038     52.148      0.568   -140.442
    95.000     25.000      0.018    126.667      0.295   -170.677
   100.000     25.000      0.042   -176.256      0.368    117.245
   105.000     25.000      0.072   -162.290      0.438    107.673
   110.000     25.000      0.097   -153.865      0.235    162.343
   115.000     25.000      0.109   -149.834      0.322    146.041
   120.000     25.000      0.112   -143.914      0.324   -162.817
   125.000     25.000      0.103   -134.565      0.194   -175.705
   130.000     25.000      0.069   -126.014      0.181   -127.588
   135.000     25.000      0.000      0.000      0.000      0.000
   140.000     25.000      0.000      0.000      0.000      0.000
   145.000     25.000      0.000      0.000      0.000      0.000
   -25.000     30.000      0.000      0.000      0.000      0.000
   -20.000     30.000      0.000      0.000      0.000      0.000
   -15.000     30.000      0.000      0.000      0.000      0.000
   -10.000     30.000      0.000      0.000      0.000      0.000
    -5.000     30.000      0.000      0.000      0.000      0.000
     0.000     30.000      0.000      0.000      0.000      0.000
     5.000     30.000      0.000      0.000      0.000      0.000
    10.000     30.000      0.000      0.000      0.000      0.000
    15.000     30.000      0.000      0.000      0.000      0.000
    20.000     30.000      0.000      0.000      0.000      0.000
    25.000     30.000      0.000      0.000      0.000      0.000
    30.000     30.000      0.000      0.000      0.000      0.000
    35.000     30.000      0.000      0.000      0.000      0.000
    40.000     30.000      0.000      0.000      0.000      0.000
    45.000     30.000      0.000      0.000      0.000      0.000
    50.000     30.000      0.000      0.000      0.000      0.000
    55.000     30.000      0.000      0.000      0.000      0.000
    60.000     30.000      0.000      0.000      0.000      0.000
    65.000     30.000      0.000      0.000      0.000      0.000
    70.000     30.000      0.000      0.000      0.000      0.000
    75.000     30.000      0.000      0.000      0.000      0.000
    80.000     30.000      0.000      0.000      0.000      0.000
    85.000     30.000      0.000      0.000      0.000      0.000
    90.000     30.000      0.000      0.000      0.000      0.000
    95.000     30.000      0.000      0.000      0.000      0.000
   100.000     30.000      0.000      0.000      0.000      0.000
   105.000     30.000      0.000      0.000      0.000      0.000
   110.000     30.000      0.000      0.000      0.000      0.000
   115.000     30.000      0.000      0.000      0.000      0.000
   120.000     30.000      0.000      0.000      0.000      0.000
   125.000     30.000      0.000      0.000      0.000      0.000
   130.000     30.000      0.000      0.000      0.000      0.000
   135.000     30.000      0.000      0.000      0.000      0.000
   140.000     30.000      0.000      0.000      0.000      0.000
   145.000     30.000      0.000      0.000      0.000      0.000
   -25.000     35.000      0.000      0.000      0.000      0.000
   -20.000     35.000      0.000      0.000      0.000      0.000
   -15.000     35.000      0.000      0.000      0.000      0.000
   -10.000     35.000      0.000      0.000      0.000      0.000
    -5.000     35.000      0.000      0.000      0.000      0.000
     0.000     35.000      0.000      0.000      0.000      0.000
     5.000     35.000      0.000      0.000      0.000      0.000
    10.000     35.000      0.000      0.000      0.000      0.000
    15.000     35.000      0.000      0.000      0.000      0.000
    20.000     35.000      0.000      0.000      0.000      0.000
    25.000     35.000      0.000      0.000      0.000      0.000
    30.000     35.000      0.000      0.000      0.000      0.000
    35.000     35.000      0.000      0.000      0.000      0.000
    40.000     35.000      0.000      0.000      0.000      0.000
    45.000     35.000      0.000      0.000      0.000      0.000
    50.000     35.000      0.000      0.000      0.000      0.000
    55.000     35.000      0.000      0.000      0.000      0.000
    60.000     35.000      0.000      0.000      0.000      0.000
    65.000     35.000      0.000      0.000      0.000      0.000
    70.000     35.000      0.000      0.000      0.000      0.000
    75.000     35.000      0.000      0.000      0.000      0.000
    80.000     35.000      0.000      0.000      0.000      0.000
    85.000     35.000      0.000      0.000      0.000      0.000
    90.000     35.000      0.000      0.000      0.000      0.000
    95.000     35.000      0.000      0.000      0.000      0.000
   100.000     35.000      0.000      0.000      0.000      0.000
   105.000     35.000      0.000      0.000      0.000      0.000
   110.000     35.000      0.000      0.000      0.000      0.000
   115.000     35.000      0.000      0.000      0.000      0.000
   120.000     35.000      0.000      0.000      0.000      0.000
   125.000     35.000      0.000      0.000      0.000      0.000
   130.000     35.000      0.000      0.000      0.000      0.000
   135.000     35.000      0.000      0.000      0.000      0.000
   140.000     35.000      0.000      0.000      0.000      0.000
   145.000     35.000      0.000      0.000      0.000      0.000
   -25.000     40.000      0.000      0.000      0.000      0.000
   -20.000     40.000      0.000      0.000      0.000      0.000
   -15.000     40.000      0.000      0.000      0.000      0.000
   -10.000     40.000      0.000      0.000      0.000      0.000
    -5.000     40.000      0.000      0.000      0.000      0.000
     0.000     40.000      0.000      0.000      0.000      0.000
     5.000     40.000      0.000      0.000      0.000      0.000
    10.000     40.000      0.000      0.000      0.000      0.000
    15.000     40.000      0.000      0.000      0.000      0.000
    20.000     40.000      0.000      0.000      0.000      0.000
    25.000     40.000      0.000      0.000      0.000      0.000
    30.000     40.000      0.000      0.000      0.000      0.000
    35.000     40.000      0.000      0.000      0.000      0.000
    40.000     40.000      0.000      0.000      0.000      0.000
    45.000     40.000      0.000      0.000      0.000      0.000
    50.000     40.000      0.000      0.000      0.000      0.000
    55.000     40.000      0.000      0.000      0.000      0.000
    60.000     40.000      0.000      0.000      0.000      0.000
    65.000     40.000      0.000      0.000      0.000      0.000
    70.000     40.000      0.000      0.000      0.000      0.000
    75.000     40.000      0.000      0.000      0.000      0.000
    80.000     40.000      0.000      0.000      0.000      0.000
    85.000     40.000      0.000      0.000      0.000      0.000
    90.000     40.000      0.000      0.000      0.000      0.000
    95.000     40.000      0.000      0.000      0.000      0.000
   100.000     40.000      0.000      0.000      0.000      0.000
   105.000     40.000      0.000      0.000      0.000      0.000
   110.000     40.000      0.000      0.000      0.000      0.000
   115.000     40.000      0.000      0.000      0.000      0.000
   120.000     40.000      0.000      0.000      0.000      0.000
   125.000     40.000      0.000      0.000      0.000      0.000
   130.000     40.000      0.000      0.000      0.000      0.000
   135.000     40.000      0.000      0.000      0.000      0.000
   140.000     40.000      0.000      0.000      0.000      0.000
   145.000     40.000      0.000      0.000      0.000      0.000
