   -25.000    -60.000      0.000      0.000      0.000      0.000
   -20.000    -60.000      0.000      0.000      0.000      0.000
   -15.000    -60.000      0.000      0.000      0.000      0.000
   -10.000    -60.000      0.000      0.000      0.000      0.000
    -5.000    -60.000      0.000      0.000      0.000      0.000
     0.000    -60.000      0.000      0.000      0.000      0.000
     5.000    -60.000      0.000      0.000      0.000      0.000
    10.000    -60.000      0.000      0.000      0.000      0.000
    15.000    -60.000      0.000      0.000      0.000      0.000
    20.000    -60.000      0.000      0.000      0.000      0.000
    25.000    -60.000      0.000      0.000      0.000      0.000
    30.000    -60.000      0.000      0.000      0.000      0.000
    35.000    -60.000      0.000      0.000      0.000      0.000
    40.000    -60.000      0.000      0.000      0.000      0.000
    45.000    -60.000      0.000      0.000      0.000      0.000
    50.000    -60.000      0.000      0.000      0.000      0.000
    55.000    -60.000      0.000      0.000      0.000      0.000
    60.000    -60.000      0.000      0.000      0.000      0.000
    65.000    -60.000      0.000      0.000      0.000      0.000
    70.000    -60.000      0.000      0.000      0.000      0.000
    75.000    -60.000      0.000      0.000      0.000      0.000
    80.000    -60.000      0.000      0.000      0.000      0.000
    85.000    -60.000      0.000      0.000      0.000      0.000
    90.000    -60.000      0.000      0.000      0.000      0.000
    95.000    -60.000      0.000      0.000      0.000      0.000
   100.000    -60.000      0.000      0.000      0.000      0.000
   105.000    -60.000      0.000      0.000      0.000      0.000
   110.000    -60.000      0.000      0.000      0.000      0.000
   115.000    -60.000      0.000      0.000      0.000      0.000
   120.000    -60.000      0.000      0.000      0.000      0.000
   125.000    -60.000      0.000      0.000      0.000      0.000
   130.000    -60.000      0.000      0.000      0.000      0.000
   135.000    -60.000      0.000      0.000      0.000      0.000
   140.000    -60.000      0.000      0.000      0.000      0.000
   145.000    -60.000      0.000      0.000      0.000      0.000
   -25.000    -55.000      0.000      0.000      0.000      0.000
   -20.000    -55.000      0.000      0.000      0.000      0.000
   -15.000    -55.000      0.000      0.000      0.000      0.000
   -10.000    -55.000      0.000      0.000      0.000      0.000
    -5.000    -55.000      0.000      0.000      0.000      0.000
     0.000    -55.000      0.000      0.000      0.000      0.000
     5.000    -55.000      0.000      0.000      0.000      0.000
    10.000    -55.000      0.000      0.000      0.000      0.000
    15.000    -55.000      0.000      0.000      0.000      0.000
    20.000    -55.000      0.000      0.000      0.000      0.000
    25.000    -55.000      0.000      0.000      0.000      0.000
    30.000    -55.000      0.000      0.000      0.000      0.000
    35.000    -55.000      0.000      0.000      0.000      0.000
    40.000    -55.000      0.000      0.000      0.000      0.000
    45.000    -55.000      0.000      0.000      0.000      0.000
    50.000    -55.000      0.000      0.000      0.000      0.000
    55.000    -55.000      0.000      0.000      0.000      0.000
    60.000    -55.000      0.000      0.000      0.000      0.000
    65.000    -55.000      0.000      0.000      0.000      0.000
    70.000    -55.000      0.000      0.000      0.000      0.000
    75.000    -55.000      0.000      0.000      0.000      0.000
    80.000    -55.000      0.000      0.000      0.000      0.000
    85.000    -55.000      0.000      0.000      0.000      0.000
    90.000    -55.000      0.000      0.000      0.000      0.000
    95.000    -55.000      0.000      0.000      0.000      0.000
   100.000    -55.000      0.000      0.000      0.000      0.000
   105.000    -55.000      0.000      0.000      0.000      0.000
   110.000    -55.000      0.000      0.000      0.000      0.000
   115.000    -55.000      0.000      0.000      0.000      0.000
   120.000    -55.000      0.000      0.000      0.000      0.000
   125.000    -55.000      0.000      0.000      0.000      0.000
   130.000    -55.000      0.000      0.000      0.000      0.000
   135.000    -55.000      0.000      0.000      0.000      0.000
   140.000    -55.000      0.000      0.000      0.000      0.000
   145.000    -55.000      0.000      0.000      0.000      0.000
   -25.000    -50.000      0.000      0.000      0.000      0.000
   -20.000    -50.000      0.000      0.000      0.000      0.000
   -15.000    -50.000      0.000      0.000      0.000      0.000
   -10.000    -50.000      0.000      0.000      0.000      0.000
    -5.000    -50.000      0.000      0.000      0.000      0.000
     0.000    -50.000      0.000      0.000      0.000      0.000
     5.000    -50.000      0.000      0.000      0.000      0.000
    10.000    -50.000      0.000      0.000      0.000      0.000
    15.000    -50.000      0.000      0.000      0.000      0.000
    20.000    -50.000      0.000      0.000      0.000      0.000
    25.000    -50.000      0.000      0.000      0.000      0.000
    30.000    -50.000      0.000      0.000      0.000      0.000
    35.000    -50.000      0.000      0.000      0.000      0.000
    40.000    -50.000      0.000      0.000      0.000      0.000
    45.000    -50.000      0.000      0.000      0.000      0.000
    50.000    -50.000      0.000      0.000      0.000      0.000
    55.000    -50.000      0.000      0.000      0.000      0.000
    60.000    -50.000      0.000      0.000      0.000      0.000
    65.000    -50.000      0.000      0.000      0.000      0.000
    70.000    -50.000      0.000      0.000      0.000      0.000
    75.000    -50.000      0.000      0.000      0.000      0.000
    80.000    -50.000      0.000      0.000      0.000      0.000
    85.000    -50.000      0.000      0.000      0.000      0.000
    90.000    -50.000      0.000      0.000      0.000      0.000
    95.000    -50.000      0.000      0.000      0.000      0.000
   100.000    -50.000      0.000      0.000      0.000      0.000
   105.000    -50.000      0.000      0.000      0.000      0.000
   110.000    -50.000      0.000      0.000      0.000      0.000
   115.000    -50.000      0.000      0.000      0.000      0.000
   120.000    -50.000      0.000      0.000      0.000      0.000
   125.000    -50.000      0.000      0.000      0.000      0.000
   130.000    -50.000      0.000      0.000      0.000      0.000
   135.000    -50.000      0.000      0.000      0.000      0.000
   140.000    -50.000      0.000      0.000      0.000      0.000
   145.000    -50.000      0.000      0.000      0.000      0.000
   -25.000    -45.000      0.000      0.000      0.000      0.000
   -20.000    -45.000      0.000      0.000      0.000      0.000
   -15.000    -45.000      0.000      0.000      0.000      0.000
   -10.000    -45.000      0.017     22.117      0.630   -171.250
    -5.000    -45.000      0.036     99.506      1.259   -159.414
     0.000    -45.000      0.095    107.591      1.632   -152.364
     5.000    -45.000      0.123    106.947      1.617   -150.884
    10.000    -45.000      0.128    108.186      1.275   -153.224
    15.000    -45.000      0.129    107.366      0.758   -176.108
    20.000    -45.000      0.142    107.308      0.675    144.283
    25.000    -45.000      0.154    106.101      1.101    114.752
    30.000    -45.000      0.174    103.800      1.090    122.407
    35.000    -45.000      0.186    101.517      0.825    128.253
    40.000    -45.000      0.168    106.360      0.410    130.565
    45.000    -45.000      0.150    114.491      0.309    131.248
    50.000    -45.000      0.157    115.352      0.354    148.862
    55.000    -45.000      0.156    101.735      0.260    105.006
    60.000    -45.000      0.059    126.374      0.059    126.374
    65.000    -45.000      0.000      0.000      0.000      0.000
    70.000    -45.000      0.000      0.000      0.000      0.000
    75.000    -45.000      0.000      0.000      0.000      0.000
    80.000    -45.000      0.000      0.000      0.000      0.000
    85.000    -45.000      0.000      0.000      0.000      0.000
    90.000    -45.000      0.000      0.000      0.000      0.000
    95.000    -45.000      0.000      0.000      0.000      0.000
   100.000    -45.000      0.000      0.000      0.000      0.000
   105.000    -45.000      0.000      0.000      0.000      0.000
   110.000    -45.000      0.000      0.000      0.000      0.000
   115.000    -45.000      0.000      0.000      0.000      0.000
   120.000    -45.000      0.000      0.000      0.000      0.000
   125.000    -45.000      0.000      0.000      0.000      0.000
   130.000    -45.000      0.000      0.000      0.000      0.000
   135.000    -45.000      0.000      0.000      0.000      0.000
   140.000    -45.000      0.000      0.000      0.000      0.000
   145.000    -45.000      0.000      0.000      0.000      0.000
   -25.000    -40.000      0.000      0.000      0.000      0.000
   -20.000    -40.000      0.000      0.000      0.000      0.000
   -15.000    -40.000      0.000      0.000      0.000      0.000
   -10.000    -40.000      0.006     47.248      0.970   -161.217
    -5.000    -40.000      0.035    113.902      1.817   -162.971
     0.000    -40.000      0.089    118.488      2.514   -159.590
     5.000    -40.000      0.120    121.235      2.679   -157.018
    10.000    -40.000      0.136    116.211      2.180   -158.226
    15.000    -40.000      0.142    111.188      1.287   -165.220
    20.000    -40.000      0.156    105.112      0.881    158.854
    25.000    -40.000      0.173    101.167      1.216    117.296
    30.000    -40.000      0.198    103.813      1.397    119.256
    35.000    -40.000      0.209    111.569      1.173    128.105
    40.000    -40.000      0.219    122.581      0.948    131.613
    45.000    -40.000      0.244    133.120      0.735    158.910
    50.000    -40.000      0.268    135.343      0.796    173.228
    55.000    -40.000      0.255    130.112      0.604    126.131
    60.000    -40.000      0.187    123.951      0.220    124.932
    65.000    -40.000      0.033    125.323      0.033    125.323
    70.000    -40.000      0.000      0.000      0.000      0.000
    75.000    -40.000      0.000      0.000      0.000      0.000
    80.000    -40.000      0.000      0.000      0.000      0.000
    85.000    -40.000      0.000      0.000      0.000      0.000
    90.000    -40.000      0.000      0.000      0.000      0.000
    95.000    -40.000      0.000      0.000      0.000      0.000
   100.000    -40.000      0.000      0.000      0.000      0.000
   105.000    -40.000      0.000      0.000      0.000      0.000
   110.000    -40.000      0.000      0.000      0.000      0.000
   115.000    -40.000      0.000      0.000      0.000      0.000
   120.000    -40.000      0.000      0.000      0.000      0.000
   125.000    -40.000      0.000      0.000      0.000      0.000
   130.000    -40.000      0.000      0.000      0.000      0.000
   135.000    -40.000      0.000      0.000      0.000      0.000
   140.000    -40.000      0.000      0.000      0.000      0.000
   145.000    -40.000      0.000      0.000      0.000      0.000
   -25.000    -35.000      0.000      0.000      0.000      0.000
   -20.000    -35.000      0.000      0.000      0.000      0.000
   -15.000    -35.000      0.000      0.000      0.000      0.000
   -10.000    -35.000      0.041    121.344      1.676   -156.991
    -5.000    -35.000      0.051    129.171      2.995   -156.328
     0.000    -35.000      0.056    125.384      3.657   -153.103
     5.000    -35.000      0.058    113.255      3.632   -150.781
    10.000    -35.000      0.053     97.093      2.973   -151.234
    15.000    -35.000      0.068     88.025      2.059   -157.425
    20.000    -35.000      0.070     92.633      1.503   -176.862
    25.000    -35.000      0.057    121.097      1.063    148.200
    30.000    -35.000      0.080    155.391      1.122    143.603
    35.000    -35.000      0.145    169.282      1.015    154.342
    40.000    -35.000      0.213    170.678      0.898    159.222
    45.000    -35.000      0.285    173.217      0.915   -164.956
    50.000    -35.000      0.322    170.534      0.914   -169.702
    55.000    -35.000      0.299    165.617      0.655    153.487
    60.000    -35.000      0.208    156.622      0.323    155.284
    65.000    -35.000      0.037    151.189      0.037    151.189
    70.000    -35.000      0.000      0.000      0.000      0.000
    75.000    -35.000      0.000      0.000      0.000      0.000
    80.000    -35.000      0.000      0.000      0.000      0.000
    85.000    -35.000      0.000      0.000      0.000      0.000
    90.000    -35.000      0.000      0.000      0.000      0.000
    95.000    -35.000      0.000      0.000      0.000      0.000
   100.000    -35.000      0.000      0.000      0.000      0.000
   105.000    -35.000      0.000      0.000      0.000      0.000
   110.000    -35.000      0.000      0.000      0.000      0.000
   115.000    -35.000      0.000      0.000      0.000      0.000
   120.000    -35.000      0.000      0.000      0.000      0.000
   125.000    -35.000      0.000      0.000      0.000      0.000
   130.000    -35.000      0.000      0.000      0.000      0.000
   135.000    -35.000      0.000      0.000      0.000      0.000
   140.000    -35.000      0.000      0.000      0.000      0.000
   145.000    -35.000      0.000      0.000      0.000      0.000
   -25.000    -30.000      0.000      0.000      0.000      0.000
   -20.000    -30.000      0.000      0.000      0.000      0.000
   -15.000    -30.000      0.000      0.000      0.000      0.000
   -10.000    -30.000      0.030    139.112      2.149   -164.569
    -5.000    -30.000      0.042     94.654      3.634   -161.825
     0.000    -30.000      0.044     68.655      4.298   -156.653
     5.000    -30.000      0.048     43.860      4.194   -151.047
    10.000    -30.000      0.048     27.140      3.474   -147.571
    15.000    -30.000      0.033     34.582      2.473   -150.026
    20.000    -30.000      0.007     21.796      1.690   -160.636
    25.000    -30.000      0.041   -107.088      1.257   -158.480
    30.000    -30.000      0.096   -121.222      1.190   -158.166
    35.000    -30.000      0.192   -128.451      1.201   -151.805
    40.000    -30.000      0.296   -136.011      1.255   -152.758
    45.000    -30.000      0.379   -144.672      1.505   -128.619
    50.000    -30.000      0.403   -154.487      1.172   -137.676
    55.000    -30.000      0.368   -162.709      0.735   -165.414
    60.000    -30.000      0.250   -170.556      0.399    166.502
    65.000    -30.000      0.114   -144.809      0.138   -142.958
    70.000    -30.000      0.032     69.268      0.032     69.268
    75.000    -30.000      0.000      0.000      0.000      0.000
    80.000    -30.000      0.000      0.000      0.000      0.000
    85.000    -30.000      0.000      0.000      0.000      0.000
    90.000    -30.000      0.000      0.000      0.000      0.000
    95.000    -30.000      0.000      0.000      0.000      0.000
   100.000    -30.000      0.000      0.000      0.000      0.000
   105.000    -30.000      0.000      0.000      0.000      0.000
   110.000    -30.000      0.000      0.000      0.000      0.000
   115.000    -30.000      0.000      0.000      0.000      0.000
   120.000    -30.000      0.000      0.000      0.000      0.000
   125.000    -30.000      0.000      0.000      0.000      0.000
   130.000    -30.000      0.000      0.000      0.000      0.000
   135.000    -30.000      0.000      0.000      0.000      0.000
   140.000    -30.000      0.000      0.000      0.000      0.000
   145.000    -30.000      0.000      0.000      0.000      0.000
   -25.000    -25.000      0.000      0.000      0.000      0.000
   -20.000    -25.000      0.000      0.000      0.000      0.000
   -15.000    -25.000      0.000      0.000      0.000      0.000
   -10.000    -25.000      0.027    146.816      2.641   -159.173
    -5.000    -25.000      0.036    134.240      4.394   -158.651
     0.000    -25.000      0.028     99.070      4.960   -157.303
     5.000    -25.000      0.036     41.186      4.477   -154.106
    10.000    -25.000      0.054      2.037      3.526   -146.945
    15.000    -25.000      0.090    -39.444      2.616   -138.942
    20.000    -25.000      0.128    -63.227      1.820   -130.365
    25.000    -25.000      0.196    -84.265      1.803   -122.096
    30.000    -25.000      0.275    -98.657      1.887   -120.087
    35.000    -25.000      0.359   -107.251      2.478   -110.114
    40.000    -25.000      0.436   -112.071      2.079   -113.773
    45.000    -25.000      0.458   -118.717      2.066   -110.512
    50.000    -25.000      0.423   -129.465      1.655   -121.436
    55.000    -25.000      0.360   -144.451      1.092   -143.665
    60.000    -25.000      0.259   -165.469      0.508    178.837
    65.000    -25.000      0.145    176.579      0.251    160.518
    70.000    -25.000      0.068    -69.326      0.068    -69.326
    75.000    -25.000      0.000      0.000      0.000      0.000
    80.000    -25.000      0.000      0.000      0.000      0.000
    85.000    -25.000      0.000      0.000      0.000      0.000
    90.000    -25.000      0.000      0.000      0.000      0.000
    95.000    -25.000      0.000      0.000      0.000      0.000
   100.000    -25.000      0.000      0.000      0.000      0.000
   105.000    -25.000      0.000      0.000      0.000      0.000
   110.000    -25.000      0.000      0.000      0.000      0.000
   115.000    -25.000      0.000      0.000      0.000      0.000
   120.000    -25.000      0.000      0.000      0.000      0.000
   125.000    -25.000      0.000      0.000      0.000      0.000
   130.000    -25.000      0.000      0.000      0.000      0.000
   135.000    -25.000      0.000      0.000      0.000      0.000
   140.000    -25.000      0.000      0.000      0.000      0.000
   145.000    -25.000      0.000      0.000      0.000      0.000
   -25.000    -20.000      0.000      0.000      0.000      0.000
   -20.000    -20.000      0.000      0.000      0.000      0.000
   -15.000    -20.000      0.000      0.000      0.000      0.000
   -10.000    -20.000      0.049    144.381      2.451   -154.625
    -5.000    -20.000      0.092    146.983      4.078   -157.271
     0.000    -20.000      0.086    158.953      4.531   -159.035
     5.000    -20.000      0.060   -160.070      4.058   -157.097
    10.000    -20.000      0.120   -100.999      3.084   -146.155
    15.000    -20.000      0.235    -85.737      2.114   -122.087
    20.000    -20.000      0.335    -80.567      2.363   -101.425
    25.000    -20.000      0.424    -80.183      2.701    -97.668
    30.000    -20.000      0.471    -83.902      3.156    -94.673
    35.000    -20.000      0.493    -90.698      3.652    -92.528
    40.000    -20.000      0.504    -99.766      3.378    -96.457
    45.000    -20.000      0.491   -110.434      2.938    -95.824
    50.000    -20.000      0.459   -123.421      2.179   -107.546
    55.000    -20.000      0.383   -138.416      1.363   -128.529
    60.000    -20.000      0.284   -160.201      0.725   -167.364
    65.000    -20.000      0.195    162.428      0.341    151.445
    70.000    -20.000      0.099    139.413      0.124    131.803
    75.000    -20.000      0.000      0.000      0.000      0.000
    80.000    -20.000      0.000      0.000      0.000      0.000
    85.000    -20.000      0.000      0.000      0.000      0.000
    90.000    -20.000      0.000      0.000      0.000      0.000
    95.000    -20.000      0.000      0.000      0.000      0.000
   100.000    -20.000      0.000      0.000      0.000      0.000
   105.000    -20.000      0.000      0.000      0.000      0.000
   110.000    -20.000      0.000      0.000      0.000      0.000
   115.000    -20.000      0.000      0.000      0.000      0.000
   120.000    -20.000      0.000      0.000      0.000      0.000
   125.000    -20.000      0.000      0.000      0.000      0.000
   130.000    -20.000      0.000      0.000      0.000      0.000
   135.000    -20.000      0.000      0.000      0.000      0.000
   140.000    -20.000      0.000      0.000      0.000      0.000
   145.000    -20.000      0.000      0.000      0.000      0.000
   -25.000    -15.000      0.000      0.000      0.000      0.000
   -20.000    -15.000      0.000      0.000      0.000      0.000
   -15.000    -15.000      0.000      0.000      0.000      0.000
   -10.000    -15.000      0.097    167.952      1.671   -142.623
    -5.000    -15.000      0.132    178.066      2.765   -146.612
     0.000    -15.000      0.141   -172.895      2.983   -147.883
     5.000    -15.000      0.138   -150.244      2.763   -143.580
    10.000    -15.000      0.173   -115.958      2.347   -126.083
    15.000    -15.000      0.298    -94.539      2.217    -95.929
    20.000    -15.000      0.454    -87.986      2.806    -75.899
    25.000    -15.000      0.587    -84.695      3.643    -76.692
    30.000    -15.000      0.666    -84.599      4.565    -81.024
    35.000    -15.000      0.695    -87.701      4.940    -85.282
    40.000    -15.000      0.673    -93.612      4.448    -88.738
    45.000    -15.000      0.620   -102.525      4.136    -86.449
    50.000    -15.000      0.551   -115.341      2.914    -98.781
    55.000    -15.000      0.455   -130.101      1.795   -110.365
    60.000    -15.000      0.360   -148.575      0.850   -131.992
    65.000    -15.000      0.274   -168.747      0.461    170.209
    70.000    -15.000      0.185   -164.489      0.218   -164.865
    75.000    -15.000      0.000      0.000      0.000      0.000
    80.000    -15.000      0.000      0.000      0.000      0.000
    85.000    -15.000      0.000      0.000      0.000      0.000
    90.000    -15.000      0.000      0.000      0.000      0.000
    95.000    -15.000      0.000      0.000      0.000      0.000
   100.000    -15.000      0.000      0.000      0.000      0.000
   105.000    -15.000      0.000      0.000      0.000      0.000
   110.000    -15.000      0.000      0.000      0.000      0.000
   115.000    -15.000      0.000      0.000      0.000      0.000
   120.000    -15.000      0.000      0.000      0.000      0.000
   125.000    -15.000      0.000      0.000      0.000      0.000
   130.000    -15.000      0.000      0.000      0.000      0.000
   135.000    -15.000      0.000      0.000      0.000      0.000
   140.000    -15.000      0.000      0.000      0.000      0.000
   145.000    -15.000      0.000      0.000      0.000      0.000
   -25.000    -10.000      0.000      0.000      0.000      0.000
   -20.000    -10.000      0.000      0.000      0.000      0.000
   -15.000    -10.000      0.000      0.000      0.000      0.000
   -10.000    -10.000      0.089   -164.029      0.980   -123.603
    -5.000    -10.000      0.135   -147.299      1.635   -118.097
     0.000    -10.000      0.170   -130.956      1.975   -111.950
     5.000    -10.000      0.234   -116.015      2.117   -100.511
    10.000    -10.000      0.321   -107.320      2.347    -84.710
    15.000    -10.000      0.420   -101.338      2.942    -67.493
    20.000    -10.000      0.527    -96.066      3.663    -59.583
    25.000    -10.000      0.649    -92.229      4.306    -62.272
    30.000    -10.000      0.759    -90.992      5.297    -71.016
    35.000    -10.000      0.828    -91.585      5.948    -79.117
    40.000    -10.000      0.846    -93.077      5.366    -85.237
    45.000    -10.000      0.794    -96.168      4.604    -83.647
    50.000    -10.000      0.700   -100.779      3.756    -89.947
    55.000    -10.000      0.558   -106.594      2.095    -98.029
    60.000    -10.000      0.405   -114.538      1.091   -103.364
    65.000    -10.000      0.284   -123.218      0.422   -117.530
    70.000    -10.000      0.201   -123.886      0.235   -121.637
    75.000    -10.000      0.000      0.000      0.000      0.000
    80.000    -10.000      0.000      0.000      0.000      0.000
    85.000    -10.000      0.000      0.000      0.000      0.000
    90.000    -10.000      0.000      0.000      0.000      0.000
    95.000    -10.000      0.000      0.000      0.000      0.000
   100.000    -10.000      0.000      0.000      0.000      0.000
   105.000    -10.000      0.000      0.000      0.000      0.000
   110.000    -10.000      0.000      0.000      0.000      0.000
   115.000    -10.000      0.000      0.000      0.000      0.000
   120.000    -10.000      0.000      0.000      0.000      0.000
   125.000    -10.000      0.000      0.000      0.000      0.000
   130.000    -10.000      0.000      0.000      0.000      0.000
   135.000    -10.000      0.000      0.000      0.000      0.000
   140.000    -10.000      0.000      0.000      0.000      0.000
   145.000    -10.000      0.000      0.000      0.000      0.000
   -25.000     -5.000      0.000      0.000      0.000      0.000
   -20.000     -5.000      0.000      0.000      0.000      0.000
   -15.000     -5.000      0.000      0.000      0.000      0.000
   -10.000     -5.000      0.068   -109.968      0.491    -68.593
    -5.000     -5.000      0.142   -122.613      1.227    -52.782
     0.000     -5.000      0.240   -119.856      1.921    -48.830
     5.000     -5.000      0.353   -113.510      2.724    -47.417
    10.000     -5.000      0.468   -107.842      3.431    -49.127
    15.000     -5.000      0.572   -104.023      4.010    -47.624
    20.000     -5.000      0.655   -101.319      4.756    -46.531
    25.000     -5.000      0.725    -98.740      5.310    -53.405
    30.000     -5.000      0.790    -95.733      5.743    -63.789
    35.000     -5.000      0.843    -93.199      6.196    -75.411
    40.000     -5.000      0.872    -91.073      5.719    -81.302
    45.000     -5.000      0.842    -89.835      5.002    -81.177
    50.000     -5.000      0.770    -90.040      4.291    -84.634
    55.000     -5.000      0.646    -91.272      2.781    -88.347
    60.000     -5.000      0.494    -94.659      1.161    -82.391
    65.000     -5.000      0.317   -101.579      0.519    -86.584
    70.000     -5.000      0.155   -122.553      0.173   -124.322
    75.000     -5.000      0.000      0.000      0.000      0.000
    80.000     -5.000      0.000      0.000      0.000      0.000
    85.000     -5.000      0.000      0.000      0.000      0.000
    90.000     -5.000      0.000      0.000      0.000      0.000
    95.000     -5.000      0.000      0.000      0.000      0.000
   100.000     -5.000      0.000      0.000      0.000      0.000
   105.000     -5.000      0.000      0.000      0.000      0.000
   110.000     -5.000      0.000      0.000      0.000      0.000
   115.000     -5.000      0.000      0.000      0.000      0.000
   120.000     -5.000      0.000      0.000      0.000      0.000
   125.000     -5.000      0.000      0.000      0.000      0.000
   130.000     -5.000      0.000      0.000      0.000      0.000
   135.000     -5.000      0.000      0.000      0.000      0.000
   140.000     -5.000      0.000      0.000      0.000      0.000
   145.000     -5.000      0.000      0.000      0.000      0.000
   -25.000      0.000      0.000      0.000      0.000      0.000
   -20.000      0.000      0.000      0.000      0.000      0.000
   -15.000      0.000      0.000      0.000      0.000      0.000
   -10.000      0.000      0.064   -113.180      1.122    -29.137
    -5.000      0.000      0.161   -122.374      2.312    -21.571
     0.000      0.000      0.260   -123.014      3.293    -27.239
     5.000      0.000      0.359   -119.288      4.118    -30.727
    10.000      0.000      0.478   -112.706      4.743    -30.727
    15.000      0.000      0.603   -105.981      5.035    -33.055
    20.000      0.000      0.721   -100.762      5.504    -40.107
    25.000      0.000      0.819    -96.810      5.981    -49.406
    30.000      0.000      0.880    -93.407      5.981    -59.453
    35.000      0.000      0.908    -90.414      6.044    -68.566
    40.000      0.000      0.903    -88.696      5.976    -76.785
    45.000      0.000      0.863    -87.748      5.268    -79.070
    50.000      0.000      0.773    -86.711      3.976    -78.207
    55.000      0.000      0.642    -85.661      2.791    -79.833
    60.000      0.000      0.453    -84.324      1.402    -77.930
    65.000      0.000      0.248    -87.977      0.594    -81.032
    70.000      0.000      0.093   -126.287      0.110   -127.787
    75.000      0.000      0.000      0.000      0.000      0.000
    80.000      0.000      0.000      0.000      0.000      0.000
    85.000      0.000      0.000      0.000      0.000      0.000
    90.000      0.000      0.000      0.000      0.000      0.000
    95.000      0.000      0.000      0.000      0.000      0.000
   100.000      0.000      0.000      0.000      0.000      0.000
   105.000      0.000      0.000      0.000      0.000      0.000
   110.000      0.000      0.000      0.000      0.000      0.000
   115.000      0.000      0.000      0.000      0.000      0.000
   120.000      0.000      0.000      0.000      0.000      0.000
   125.000      0.000      0.000      0.000      0.000      0.000
   130.000      0.000      0.000      0.000      0.000      0.000
   135.000      0.000      0.000      0.000      0.000      0.000
   140.000      0.000      0.000      0.000      0.000      0.000
   145.000      0.000      0.000      0.000      0.000      0.000
   -25.000      5.000      0.000      0.000      0.000      0.000
   -20.000      5.000      0.000      0.000      0.000      0.000
   -15.000      5.000      0.000      0.000      0.000      0.000
   -10.000      5.000      0.069   -151.360      1.505    -16.392
    -5.000      5.000      0.168   -143.519      2.819    -15.174
     0.000      5.000      0.259   -134.381      3.853    -19.632
     5.000      5.000      0.345   -123.500      4.698    -24.611
    10.000      5.000      0.440   -112.615      5.544    -27.749
    15.000      5.000      0.542   -104.269      5.865    -29.866
    20.000      5.000      0.645    -98.672      5.952    -41.016
    25.000      5.000      0.743    -94.021      5.999    -48.494
    30.000      5.000      0.810    -90.832      5.678    -55.893
    35.000      5.000      0.846    -88.612      5.641    -63.536
    40.000      5.000      0.845    -87.179      5.339    -72.107
    45.000      5.000      0.801    -85.773      4.713    -77.807
    50.000      5.000      0.697    -83.741      3.359    -74.368
    55.000      5.000      0.553    -81.351      2.320    -73.160
    60.000      5.000      0.367    -77.400      1.152    -76.135
    65.000      5.000      0.162    -64.626      0.367    -72.239
    70.000      5.000      0.083     40.130      0.107     39.122
    75.000      5.000      0.000      0.000      0.000      0.000
    80.000      5.000      0.000      0.000      0.000      0.000
    85.000      5.000      0.000      0.000      0.000      0.000
    90.000      5.000      0.000      0.000      0.000      0.000
    95.000      5.000      0.000      0.000      0.000      0.000
   100.000      5.000      0.000      0.000      0.000      0.000
   105.000      5.000      0.000      0.000      0.000      0.000
   110.000      5.000      0.000      0.000      0.000      0.000
   115.000      5.000      0.000      0.000      0.000      0.000
   120.000      5.000      0.000      0.000      0.000      0.000
   125.000      5.000      0.000      0.000      0.000      0.000
   130.000      5.000      0.000      0.000      0.000      0.000
   135.000      5.000      0.000      0.000      0.000      0.000
   140.000      5.000      0.000      0.000      0.000      0.000
   145.000      5.000      0.000      0.000      0.000      0.000
   -25.000     10.000      0.000      0.000      0.000      0.000
   -20.000     10.000      0.000      0.000      0.000      0.000
   -15.000     10.000      0.000      0.000      0.000      0.000
   -10.000     10.000      0.100   -162.730      1.420    -24.175
    -5.000     10.000      0.177   -145.238      2.735    -15.673
     0.000     10.000      0.235   -132.147      3.606    -17.350
     5.000     10.000      0.295   -121.455      4.247    -22.444
    10.000     10.000      0.367   -113.505      4.996    -29.160
    15.000     10.000      0.435   -106.647      5.276    -32.240
    20.000     10.000      0.512    -99.958      5.150    -38.426
    25.000     10.000      0.587    -93.968      4.956    -50.460
    30.000     10.000      0.644    -89.590      4.796    -56.673
    35.000     10.000      0.679    -86.811      4.695    -61.713
    40.000     10.000      0.677    -84.827      4.370    -68.093
    45.000     10.000      0.632    -82.558      3.547    -74.190
    50.000     10.000      0.550    -79.463      2.776    -76.725
    55.000     10.000      0.448    -75.553      1.913    -76.502
    60.000     10.000      0.305    -69.644      1.129    -80.560
    65.000     10.000      0.156    -61.877      0.208    -64.896
    70.000     10.000      0.063    -47.445      0.071    -48.121
    75.000     10.000      0.000      0.000      0.000      0.000
    80.000     10.000      0.000      0.000      0.000      0.000
    85.000     10.000      0.000      0.000      0.000      0.000
    90.000     10.000      0.000      0.000      0.000      0.000
    95.000     10.000      0.000      0.000      0.000      0.000
   100.000     10.000      0.000      0.000      0.000      0.000
   105.000     10.000      0.000      0.000      0.000      0.000
   110.000     10.000      0.000      0.000      0.000      0.000
   115.000     10.000      0.000      0.000      0.000      0.000
   120.000     10.000      0.000      0.000      0.000      0.000
   125.000     10.000      0.000      0.000      0.000      0.000
   130.000     10.000      0.000      0.000      0.000      0.000
   135.000     10.000      0.000      0.000      0.000      0.000
   140.000     10.000      0.000      0.000      0.000      0.000
   145.000     10.000      0.000      0.000      0.000      0.000
   -25.000     15.000      0.000      0.000      0.000      0.000
   -20.000     15.000      0.000      0.000      0.000      0.000
   -15.000     15.000      0.000      0.000      0.000      0.000
   -10.000     15.000      0.069   -159.407      0.887    -20.854
    -5.000     15.000      0.118   -146.068      1.895    -26.026
     0.000     15.000      0.164   -130.663      2.458    -24.553
     5.000     15.000      0.217   -117.451      2.805    -26.977
    10.000     15.000      0.260   -109.003      3.247    -32.537
    15.000     15.000      0.302   -102.483      3.126    -33.304
    20.000     15.000      0.337    -97.270      3.052    -38.676
    25.000     15.000      0.354    -92.465      2.896    -50.390
    30.000     15.000      0.372    -88.678      2.794    -57.054
    35.000     15.000      0.381    -83.695      2.744    -63.329
    40.000     15.000      0.388    -80.087      2.412    -68.012
    45.000     15.000      0.381    -78.507      2.051    -69.251
    50.000     15.000      0.332    -78.880      1.781    -76.868
    55.000     15.000      0.238    -78.980      1.044    -73.617
    60.000     15.000      0.135    -75.208      0.672    -79.495
    65.000     15.000      0.054    -56.140      0.130    -32.093
    70.000     15.000      0.067    -67.667      0.083    -68.888
    75.000     15.000      0.000      0.000      0.000      0.000
    80.000     15.000      0.000      0.000      0.000      0.000
    85.000     15.000      0.000      0.000      0.000      0.000
    90.000     15.000      0.000      0.000      0.000      0.000
    95.000     15.000      0.000      0.000      0.000      0.000
   100.000     15.000      0.000      0.000      0.000      0.000
   105.000     15.000      0.000      0.000      0.000      0.000
   110.000     15.000      0.000      0.000      0.000      0.000
   115.000     15.000      0.000      0.000      0.000      0.000
   120.000     15.000      0.000      0.000      0.000      0.000
   125.000     15.000      0.000      0.000      0.000      0.000
   130.000     15.000      0.000      0.000      0.000      0.000
   135.000     15.000      0.000      0.000      0.000      0.000
   140.000     15.000      0.000      0.000      0.000      0.000
   145.000     15.000      0.000      0.000      0.000      0.000
   -25.000     20.000      0.000      0.000      0.000      0.000
   -20.000     20.000      0.000      0.000      0.000      0.000
   -15.000     20.000      0.000      0.000      0.000      0.000
   -10.000     20.000      0.000      0.000      0.000      0.000
    -5.000     20.000      0.000      0.000      0.000      0.000
     0.000     20.000      0.000      0.000      0.000      0.000
     5.000     20.000      0.000      0.000      0.000      0.000
    10.000     20.000      0.000      0.000      0.000      0.000
    15.000     20.000      0.000      0.000      0.000      0.000
    20.000     20.000      0.000      0.000      0.000      0.000
    25.000     20.000      0.000      0.000      0.000      0.000
    30.000     20.000      0.000      0.000      0.000      0.000
    35.000     20.000      0.000      0.000      0.000      0.000
    40.000     20.000      0.000      0.000      0.000      0.000
    45.000     20.000      0.000      0.000      0.000      0.000
    50.000     20.000      0.000      0.000      0.000      0.000
    55.000     20.000      0.000      0.000      0.000      0.000
    60.000     20.000      0.000      0.000      0.000      0.000
    65.000     20.000      0.000      0.000      0.000      0.000
    70.000     20.000      0.000      0.000      0.000      0.000
    75.000     20.000      0.000      0.000      0.000      0.000
    80.000     20.000      0.000      0.000      0.000      0.000
    85.000     20.000      0.000      0.000      0.000      0.000
    90.000     20.000      0.000      0.000      0.000      0.000
    95.000     20.000      0.000      0.000      0.000      0.000
   100.000     20.000      0.000      0.000      0.000      0.000
   105.000     20.000      0.000      0.000      0.000      0.000
   110.000     20.000      0.000      0.000      0.000      0.000
   115.000     20.000      0.000      0.000      0.000      0.000
   120.000     20.000      0.000      0.000      0.000      0.000
   125.000     20.000      0.000      0.000      0.000      0.000
   130.000     20.000      0.000      0.000      0.000      0.000
   135.000     20.000      0.000      0.000      0.000      0.000
   140.000     20.000      0.000      0.000      0.000      0.000
   145.000     20.000      0.000      0.000      0.000      0.000
   -25.000     25.000      0.000      0.000      0.000      0.000
   -20.000     25.000      0.000      0.000      0.000      0.000
   -15.000     25.000      0.000      0.000      0.000      0.000
   -10.000     25.000      0.000      0.000      0.000      0.000
    -5.000     25.000      0.000      0.000      0.000      0.000
     0.000     25.000      0.000      0.000      0.000      0.000
     5.000     25.000      0.000      0.000      0.000      0.000
    10.000     25.000      0.000      0.000      0.000      0.000
    15.000     25.000      0.000      0.000      0.000      0.000
    20.000     25.000      0.000      0.000      0.000      0.000
    25.000     25.000      0.000      0.000      0.000      0.000
    30.000     25.000      0.000      0.000      0.000      0.000
    35.000     25.000      0.000      0.000      0.000      0.000
    40.000     25.000      0.000      0.000      0.000      0.000
    45.000     25.000      0.000      0.000      0.000      0.000
    50.000     25.000      0.000      0.000      0.000      0.000
    55.000     25.000      0.000      0.000      0.000      0.000
    60.000     25.000      0.000      0.000      0.000      0.000
    65.000     25.000      0.000      0.000      0.000      0.000
    70.000     25.000      0.000      0.000      0.000      0.000
    75.000     25.000      0.000      0.000      0.000      0.000
    80.000     25.000      0.000      0.000      0.000      0.000
    85.000     25.000      0.000      0.000      0.000      0.000
    90.000     25.000      0.000      0.000      0.000      0.000
    95.000     25.000      0.000      0.000      0.000      0.000
   100.000     25.000      0.000      0.000      0.000      0.000
   105.000     25.000      0.000      0.000      0.000      0.000
   110.000     25.000      0.000      0.000      0.000      0.000
   115.000     25.000      0.000      0.000      0.000      0.000
   120.000     25.000      0.000      0.000      0.000      0.000
   125.000     25.000      0.000      0.000      0.000      0.000
   130.000     25.000      0.000      0.000      0.000      0.000
   135.000     25.000      0.000      0.000      0.000      0.000
   140.000     25.000      0.000      0.000      0.000      0.000
   145.000     25.000      0.000      0.000      0.000      0.000
   -25.000     30.000      0.000      0.000      0.000      0.000
   -20.000     30.000      0.000      0.000      0.000      0.000
   -15.000     30.000      0.000      0.000      0.000      0.000
   -10.000     30.000      0.000      0.000      0.000      0.000
    -5.000     30.000      0.000      0.000      0.000      0.000
     0.000     30.000      0.000      0.000      0.000      0.000
     5.000     30.000      0.000      0.000      0.000      0.000
    10.000     30.000      0.000      0.000      0.000      0.000
    15.000     30.000      0.000      0.000      0.000      0.000
    20.000     30.000      0.000      0.000      0.000      0.000
    25.000     30.000      0.000      0.000      0.000      0.000
    30.000     30.000      0.000      0.000      0.000      0.000
    35.000     30.000      0.000      0.000      0.000      0.000
    40.000     30.000      0.000      0.000      0.000      0.000
    45.000     30.000      0.000      0.000      0.000      0.000
    50.000     30.000      0.000      0.000      0.000      0.000
    55.000     30.000      0.000      0.000      0.000      0.000
    60.000     30.000      0.000      0.000      0.000      0.000
    65.000     30.000      0.000      0.000      0.000      0.000
    70.000     30.000      0.000      0.000      0.000      0.000
    75.000     30.000      0.000      0.000      0.000      0.000
    80.000     30.000      0.000      0.000      0.000      0.000
    85.000     30.000      0.000      0.000      0.000      0.000
    90.000     30.000      0.000      0.000      0.000      0.000
    95.000     30.000      0.000      0.000      0.000      0.000
   100.000     30.000      0.000      0.000      0.000      0.000
   105.000     30.000      0.000      0.000      0.000      0.000
   110.000     30.000      0.000      0.000      0.000      0.000
   115.000     30.000      0.000      0.000      0.000      0.000
   120.000     30.000      0.000      0.000      0.000      0.000
   125.000     30.000      0.000      0.000      0.000      0.000
   130.000     30.000      0.000      0.000      0.000      0.000
   135.000     30.000      0.000      0.000      0.000      0.000
   140.000     30.000      0.000      0.000      0.000      0.000
   145.000     30.000      0.000      0.000      0.000      0.000
