   -25.000    -60.000      0.000      0.000      0.000      0.000
   -20.000    -60.000      0.000      0.000      0.000      0.000
   -15.000    -60.000      0.000      0.000      0.000      0.000
   -10.000    -60.000      0.000      0.000      0.000      0.000
    -5.000    -60.000      0.000      0.000      0.000      0.000
     0.000    -60.000      0.000      0.000      0.000      0.000
     5.000    -60.000      0.000      0.000      0.000      0.000
    10.000    -60.000      0.000      0.000      0.000      0.000
    15.000    -60.000      0.000      0.000      0.000      0.000
    20.000    -60.000      0.000      0.000      0.000      0.000
    25.000    -60.000      0.000      0.000      0.000      0.000
    30.000    -60.000      0.000      0.000      0.000      0.000
    35.000    -60.000      0.000      0.000      0.000      0.000
    40.000    -60.000      0.000      0.000      0.000      0.000
    45.000    -60.000      0.000      0.000      0.000      0.000
    50.000    -60.000      0.000      0.000      0.000      0.000
    55.000    -60.000      0.000      0.000      0.000      0.000
    60.000    -60.000      0.000      0.000      0.000      0.000
    65.000    -60.000      0.000      0.000      0.000      0.000
    70.000    -60.000      0.000      0.000      0.000      0.000
    75.000    -60.000      0.000      0.000      0.000      0.000
    80.000    -60.000      0.000      0.000      0.000      0.000
    85.000    -60.000      0.000      0.000      0.000      0.000
    90.000    -60.000      0.000      0.000      0.000      0.000
    95.000    -60.000      0.000      0.000      0.000      0.000
   100.000    -60.000      0.000      0.000      0.000      0.000
   105.000    -60.000      0.000      0.000      0.000      0.000
   110.000    -60.000      0.000      0.000      0.000      0.000
   115.000    -60.000      0.000      0.000      0.000      0.000
   120.000    -60.000      0.000      0.000      0.000      0.000
   125.000    -60.000      0.000      0.000      0.000      0.000
   130.000    -60.000      0.000      0.000      0.000      0.000
   135.000    -60.000      0.000      0.000      0.000      0.000
   140.000    -60.000      0.000      0.000      0.000      0.000
   145.000    -60.000      0.000      0.000      0.000      0.000
   -25.000    -55.000      0.000      0.000      0.000      0.000
   -20.000    -55.000      0.000      0.000      0.000      0.000
   -15.000    -55.000      0.000      0.000      0.000      0.000
   -10.000    -55.000      0.000      0.000      0.000      0.000
    -5.000    -55.000      0.000      0.000      0.000      0.000
     0.000    -55.000      0.000      0.000      0.000      0.000
     5.000    -55.000      0.000      0.000      0.000      0.000
    10.000    -55.000      0.000      0.000      0.000      0.000
    15.000    -55.000      0.000      0.000      0.000      0.000
    20.000    -55.000      0.000      0.000      0.000      0.000
    25.000    -55.000      0.000      0.000      0.000      0.000
    30.000    -55.000      0.000      0.000      0.000      0.000
    35.000    -55.000      0.000      0.000      0.000      0.000
    40.000    -55.000      0.000      0.000      0.000      0.000
    45.000    -55.000      0.000      0.000      0.000      0.000
    50.000    -55.000      0.000      0.000      0.000      0.000
    55.000    -55.000      0.000      0.000      0.000      0.000
    60.000    -55.000      0.000      0.000      0.000      0.000
    65.000    -55.000      0.000      0.000      0.000      0.000
    70.000    -55.000      0.000      0.000      0.000      0.000
    75.000    -55.000      0.000      0.000      0.000      0.000
    80.000    -55.000      0.000      0.000      0.000      0.000
    85.000    -55.000      0.000      0.000      0.000      0.000
    90.000    -55.000      0.000      0.000      0.000      0.000
    95.000    -55.000      0.000      0.000      0.000      0.000
   100.000    -55.000      0.000      0.000      0.000      0.000
   105.000    -55.000      0.000      0.000      0.000      0.000
   110.000    -55.000      0.000      0.000      0.000      0.000
   115.000    -55.000      0.000      0.000      0.000      0.000
   120.000    -55.000      0.000      0.000      0.000      0.000
   125.000    -55.000      0.000      0.000      0.000      0.000
   130.000    -55.000      0.000      0.000      0.000      0.000
   135.000    -55.000      0.000      0.000      0.000      0.000
   140.000    -55.000      0.000      0.000      0.000      0.000
   145.000    -55.000      0.000      0.000      0.000      0.000
   -25.000    -50.000      0.000      0.000      0.000      0.000
   -20.000    -50.000      0.000      0.000      0.000      0.000
   -15.000    -50.000      0.000      0.000      0.000      0.000
   -10.000    -50.000      0.000      0.000      0.000      0.000
    -5.000    -50.000      0.000      0.000      0.000      0.000
     0.000    -50.000      0.000      0.000      0.000      0.000
     5.000    -50.000      0.000      0.000      0.000      0.000
    10.000    -50.000      0.000      0.000      0.000      0.000
    15.000    -50.000      0.000      0.000      0.000      0.000
    20.000    -50.000      0.000      0.000      0.000      0.000
    25.000    -50.000      0.000      0.000      0.000      0.000
    30.000    -50.000      0.000      0.000      0.000      0.000
    35.000    -50.000      0.000      0.000      0.000      0.000
    40.000    -50.000      0.000      0.000      0.000      0.000
    45.000    -50.000      0.000      0.000      0.000      0.000
    50.000    -50.000      0.000      0.000      0.000      0.000
    55.000    -50.000      0.000      0.000      0.000      0.000
    60.000    -50.000      0.000      0.000      0.000      0.000
    65.000    -50.000      0.000      0.000      0.000      0.000
    70.000    -50.000      0.000      0.000      0.000      0.000
    75.000    -50.000      0.000      0.000      0.000      0.000
    80.000    -50.000      0.000      0.000      0.000      0.000
    85.000    -50.000      0.000      0.000      0.000      0.000
    90.000    -50.000      0.000      0.000      0.000      0.000
    95.000    -50.000      0.000      0.000      0.000      0.000
   100.000    -50.000      0.000      0.000      0.000      0.000
   105.000    -50.000      0.000      0.000      0.000      0.000
   110.000    -50.000      0.000      0.000      0.000      0.000
   115.000    -50.000      0.000      0.000      0.000      0.000
   120.000    -50.000      0.000      0.000      0.000      0.000
   125.000    -50.000      0.000      0.000      0.000      0.000
   130.000    -50.000      0.000      0.000      0.000      0.000
   135.000    -50.000      0.000      0.000      0.000      0.000
   140.000    -50.000      0.000      0.000      0.000      0.000
   145.000    -50.000      0.000      0.000      0.000      0.000
   -25.000    -45.000      0.000      0.000      0.000      0.000
   -20.000    -45.000      0.000      0.000      0.000      0.000
   -15.000    -45.000      0.000      0.000      0.000      0.000
   -10.000    -45.000      0.000      0.000      0.918     75.824
    -5.000    -45.000      0.000      0.000      1.237     79.142
     0.000    -45.000      0.000      0.000      1.269     76.457
     5.000    -45.000      0.000      0.000      1.370     70.235
    10.000    -45.000      0.000      0.000      1.553     61.492
    15.000    -45.000      0.000      0.000      2.018     55.706
    20.000    -45.000      0.000      0.000      2.009     59.483
    25.000    -45.000      0.000      0.000      2.097     71.279
    30.000    -45.000      0.000      0.000      1.442     86.204
    35.000    -45.000      0.000      0.000      0.711     96.942
    40.000    -45.000      0.000      0.000      0.353    -75.082
    45.000    -45.000      0.000      0.000      0.945    -90.393
    50.000    -45.000      0.000      0.000      1.512    -90.200
    55.000    -45.000      0.000      0.000      1.752    -72.545
    60.000    -45.000      0.017    -26.836      2.306    -64.248
    65.000    -45.000      0.046    -31.042      2.912    -55.855
    70.000    -45.000      0.064    -19.525      3.342    -50.631
    75.000    -45.000      0.084    -12.322      3.317    -40.815
    80.000    -45.000      0.098    -22.939      3.569    -37.610
    85.000    -45.000      0.120    -46.863      3.281    -35.115
    90.000    -45.000      0.111    -49.746      3.185    -36.912
    95.000    -45.000      0.081    -50.610      3.154    -32.342
   100.000    -45.000      0.041     -0.667      2.940    -26.987
   105.000    -45.000      0.078     35.251      2.973     -8.252
   110.000    -45.000      0.101     36.846      2.918     -5.180
   115.000    -45.000      0.077     30.600      2.626     -9.509
   120.000    -45.000      0.077     32.874      2.384    -13.050
   125.000    -45.000      0.090     22.835      1.935    -20.755
   130.000    -45.000      0.067      9.749      1.017    -25.701
   135.000    -45.000      0.000      0.000      0.000      0.000
   140.000    -45.000      0.000      0.000      0.000      0.000
   145.000    -45.000      0.000      0.000      0.000      0.000
   -25.000    -40.000      0.000      0.000      0.000      0.000
   -20.000    -40.000      0.000      0.000      0.000      0.000
   -15.000    -40.000      0.000      0.000      0.000      0.000
   -10.000    -40.000      0.000      0.000      0.982     69.832
    -5.000    -40.000      0.000      0.000      1.769     73.206
     0.000    -40.000      0.000      0.000      1.997     75.918
     5.000    -40.000      0.000      0.000      2.069     73.379
    10.000    -40.000      0.000      0.000      2.274     64.770
    15.000    -40.000      0.000      0.000      2.879     50.372
    20.000    -40.000      0.000      0.000      2.931     50.690
    25.000    -40.000      0.000      0.000      2.620     53.697
    30.000    -40.000      0.000      0.000      1.636     66.783
    35.000    -40.000      0.000      0.000      0.575     95.255
    40.000    -40.000      0.000      0.000      1.039   -111.325
    45.000    -40.000      0.000      0.000      2.439   -101.163
    50.000    -40.000      0.000      0.000      3.392    -95.435
    55.000    -40.000      0.000      0.000      3.556    -78.712
    60.000    -40.000      0.015   -106.949      4.408    -68.380
    65.000    -40.000      0.059     -1.704      5.137    -57.252
    70.000    -40.000      0.065     -8.580      5.746    -50.995
    75.000    -40.000      0.077    -30.899      5.793    -45.018
    80.000    -40.000      0.106    -43.206      6.008    -43.402
    85.000    -40.000      0.120    -44.941      5.658    -38.377
    90.000    -40.000      0.130    -23.120      5.473    -34.587
    95.000    -40.000      0.155     -6.424      5.459    -30.853
   100.000    -40.000      0.161      3.508      5.043    -26.261
   105.000    -40.000      0.145     10.116      4.866    -13.819
   110.000    -40.000      0.136      8.729      4.800     -9.322
   115.000    -40.000      0.124     -2.999      4.548    -12.170
   120.000    -40.000      0.112    -17.644      3.996    -16.792
   125.000    -40.000      0.105    -56.771      2.983    -21.872
   130.000    -40.000      0.134    -90.674      1.474    -31.840
   135.000    -40.000      0.000      0.000      0.000      0.000
   140.000    -40.000      0.000      0.000      0.000      0.000
   145.000    -40.000      0.000      0.000      0.000      0.000
   -25.000    -35.000      0.000      0.000      0.000      0.000
   -20.000    -35.000      0.000      0.000      0.000      0.000
   -15.000    -35.000      0.000      0.000      0.000      0.000
   -10.000    -35.000      0.000      0.000      0.533    136.487
    -5.000    -35.000      0.000      0.000      0.882    120.068
     0.000    -35.000      0.000      0.000      1.020     93.276
     5.000    -35.000      0.000      0.000      1.285     64.547
    10.000    -35.000      0.000      0.000      1.826     45.680
    15.000    -35.000      0.000      0.000      2.374     39.674
    20.000    -35.000      0.000      0.000      2.225     37.073
    25.000    -35.000      0.000      0.000      1.820     32.946
    30.000    -35.000      0.000      0.000      0.555     11.767
    35.000    -35.000      0.000      0.000      1.098   -109.918
    40.000    -35.000      0.000      0.000      2.828   -107.828
    45.000    -35.000      0.000      0.000      4.481   -103.597
    50.000    -35.000      0.000      0.000      5.432    -98.173
    55.000    -35.000      0.000      0.000      5.841    -87.124
    60.000    -35.000      0.000      0.000      6.491    -76.064
    65.000    -35.000      0.035     58.796      6.922    -63.559
    70.000    -35.000      0.101     64.722      7.182    -53.259
    75.000    -35.000      0.119     49.816      7.101    -46.605
    80.000    -35.000      0.119     26.195      7.216    -45.753
    85.000    -35.000      0.143     15.635      6.864    -44.397
    90.000    -35.000      0.183     15.232      6.669    -39.251
    95.000    -35.000      0.186     10.208      6.507    -33.186
   100.000    -35.000      0.176      2.435      5.932    -26.555
   105.000    -35.000      0.186      2.343      5.523    -17.235
   110.000    -35.000      0.187      3.971      5.196    -10.546
   115.000    -35.000      0.122     -5.885      4.848    -14.699
   120.000    -35.000      0.059    -64.528      4.194    -18.599
   125.000    -35.000      0.070   -129.111      2.910    -18.894
   130.000    -35.000      0.064   -147.610      1.371    -16.278
   135.000    -35.000      0.000      0.000      0.000      0.000
   140.000    -35.000      0.000      0.000      0.000      0.000
   145.000    -35.000      0.000      0.000      0.000      0.000
   -25.000    -30.000      0.000      0.000      0.000      0.000
   -20.000    -30.000      0.000      0.000      0.000      0.000
   -15.000    -30.000      0.000      0.000      0.000      0.000
   -10.000    -30.000      0.000      0.000      0.867    178.244
    -5.000    -30.000      0.000      0.000      1.085   -179.054
     0.000    -30.000      0.000      0.000      0.667   -164.320
     5.000    -30.000      0.000      0.000      0.478    -59.490
    10.000    -30.000      0.000      0.000      1.359    -23.235
    15.000    -30.000      0.000      0.000      1.994    -14.066
    20.000    -30.000      0.000      0.000      2.086    -19.224
    25.000    -30.000      0.000      0.000      2.129    -47.144
    30.000    -30.000      0.000      0.000      2.865    -80.434
    35.000    -30.000      0.000      0.000      4.145    -97.556
    40.000    -30.000      0.000      0.000      5.513   -105.104
    45.000    -30.000      0.000      0.000      7.327   -103.027
    50.000    -30.000      0.000      0.000      8.021   -101.210
    55.000    -30.000      0.000      0.000      8.488    -94.791
    60.000    -30.000      0.000      0.000      8.665    -85.364
    65.000    -30.000      0.013     46.136      8.831    -74.369
    70.000    -30.000      0.078     39.021      8.380    -63.113
    75.000    -30.000      0.118     38.304      7.810    -55.783
    80.000    -30.000      0.157     40.167      7.352    -52.513
    85.000    -30.000      0.140     35.083      6.756    -50.225
    90.000    -30.000      0.113     20.064      6.450    -46.813
    95.000    -30.000      0.106     -0.492      6.198    -38.128
   100.000    -30.000      0.105      3.734      5.449    -28.206
   105.000    -30.000      0.101     21.215      4.965    -18.758
   110.000    -30.000      0.078     32.107      4.574    -14.517
   115.000    -30.000      0.046     -7.308      4.204    -18.471
   120.000    -30.000      0.040    -53.092      3.681    -21.796
   125.000    -30.000      0.056     16.721      2.492    -14.839
   130.000    -30.000      0.103     41.684      1.334     -0.538
   135.000    -30.000      0.000      0.000      0.000      0.000
   140.000    -30.000      0.000      0.000      0.000      0.000
   145.000    -30.000      0.000      0.000      0.000      0.000
   -25.000    -25.000      0.000      0.000      0.000      0.000
   -20.000    -25.000      0.000      0.000      0.000      0.000
   -15.000    -25.000      0.000      0.000      0.000      0.000
   -10.000    -25.000      0.000      0.000      1.620   -141.228
    -5.000    -25.000      0.000      0.000      2.324   -136.952
     0.000    -25.000      0.000      0.000      2.288   -124.856
     5.000    -25.000      0.000      0.000      2.140    -98.977
    10.000    -25.000      0.000      0.000      2.650    -72.956
    15.000    -25.000      0.000      0.000      3.349    -60.949
    20.000    -25.000      0.000      0.000      4.200    -60.626
    25.000    -25.000      0.000      0.000      5.173    -72.946
    30.000    -25.000      0.000      0.000      6.502    -85.324
    35.000    -25.000      0.000      0.000      8.580    -93.354
    40.000    -25.000      0.000      0.000      9.296    -99.971
    45.000    -25.000      0.000      0.000     10.585   -100.875
    50.000    -25.000      0.000      0.000     11.049   -102.076
    55.000    -25.000      0.000      0.000     11.197   -100.451
    60.000    -25.000      0.000      0.000     10.816    -93.075
    65.000    -25.000      0.000      0.000     10.527    -84.967
    70.000    -25.000      0.061    -16.693      9.970    -75.406
    75.000    -25.000      0.091     -1.285      8.375    -67.991
    80.000    -25.000      0.077      0.883      6.998    -62.663
    85.000    -25.000      0.058     12.037      5.884    -56.526
    90.000    -25.000      0.080     41.460      5.384    -51.433
    95.000    -25.000      0.086     58.026      5.056    -43.584
   100.000    -25.000      0.071     65.174      4.398    -33.392
   105.000    -25.000      0.059     37.031      3.795    -22.948
   110.000    -25.000      0.103     17.648      3.517    -19.192
   115.000    -25.000      0.151     23.314      3.213    -22.994
   120.000    -25.000      0.134     29.457      2.526    -24.388
   125.000    -25.000      0.078     24.044      1.341    -21.678
   130.000    -25.000      0.046    -14.918      0.663      7.733
   135.000    -25.000      0.000      0.000      0.000      0.000
   140.000    -25.000      0.000      0.000      0.000      0.000
   145.000    -25.000      0.000      0.000      0.000      0.000
   -25.000    -20.000      0.000      0.000      0.000      0.000
   -20.000    -20.000      0.000      0.000      0.000      0.000
   -15.000    -20.000      0.000      0.000      0.000      0.000
   -10.000    -20.000      0.000      0.000      1.784   -123.734
    -5.000    -20.000      0.000      0.000      2.756   -124.465
     0.000    -20.000      0.000      0.000      2.991   -119.223
     5.000    -20.000      0.000      0.000      3.181   -104.764
    10.000    -20.000      0.000      0.000      3.949    -86.765
    15.000    -20.000      0.000      0.000      5.242    -72.406
    20.000    -20.000      0.000      0.000      6.865    -74.465
    25.000    -20.000      0.000      0.000      8.558    -80.972
    30.000    -20.000      0.000      0.000     10.389    -86.797
    35.000    -20.000      0.000      0.000     12.494    -91.315
    40.000    -20.000      0.000      0.000     13.489    -96.694
    45.000    -20.000      0.000      0.000     14.270    -98.975
    50.000    -20.000      0.000      0.000     14.348   -101.392
    55.000    -20.000      0.000      0.000     13.837   -101.960
    60.000    -20.000      0.000      0.000     12.890   -100.033
    65.000    -20.000      0.000      0.000     11.682    -94.351
    70.000    -20.000      0.016    -37.375     10.571    -87.681
    75.000    -20.000      0.059    -18.327      8.809    -80.447
    80.000    -20.000      0.058     17.485      6.570    -74.851
    85.000    -20.000      0.092     44.120      4.664    -66.494
    90.000    -20.000      0.079     44.765      3.641    -55.471
    95.000    -20.000      0.051     58.221      3.253    -44.559
   100.000    -20.000      0.044     90.555      2.845    -37.111
   105.000    -20.000      0.070    118.209      2.324    -28.670
   110.000    -20.000      0.066    112.356      2.044    -39.173
   115.000    -20.000      0.065     84.806      1.769    -46.189
   120.000    -20.000      0.078     58.868      1.332    -57.326
   125.000    -20.000      0.096     68.659      0.421    -74.358
   130.000    -20.000      0.061     88.841      0.157    167.613
   135.000    -20.000      0.000      0.000      0.000      0.000
   140.000    -20.000      0.000      0.000      0.000      0.000
   145.000    -20.000      0.000      0.000      0.000      0.000
   -25.000    -15.000      0.000      0.000      0.000      0.000
   -20.000    -15.000      0.000      0.000      0.000      0.000
   -15.000    -15.000      0.000      0.000      0.000      0.000
   -10.000    -15.000      0.000      0.000      1.973   -105.869
    -5.000    -15.000      0.000      0.000      3.033   -106.493
     0.000    -15.000      0.000      0.000      3.510   -101.509
     5.000    -15.000      0.000      0.000      4.150    -92.966
    10.000    -15.000      0.000      0.000      5.288    -83.497
    15.000    -15.000      0.000      0.000      7.099    -77.028
    20.000    -15.000      0.000      0.000      9.078    -76.466
    25.000    -15.000      0.000      0.000     11.406    -82.248
    30.000    -15.000      0.000      0.000     13.712    -87.873
    35.000    -15.000      0.000      0.000     15.764    -92.295
    40.000    -15.000      0.000      0.000     16.774    -96.719
    45.000    -15.000      0.000      0.000     17.628    -98.015
    50.000    -15.000      0.000      0.000     17.157   -102.067
    55.000    -15.000      0.000      0.000     16.244   -103.635
    60.000    -15.000      0.000      0.000     14.692   -103.414
    65.000    -15.000      0.000      0.000     12.987   -102.923
    70.000    -15.000      0.021     63.071     11.260    -99.424
    75.000    -15.000      0.075     44.733      8.967    -93.782
    80.000    -15.000      0.144     62.500      6.024    -87.351
    85.000    -15.000      0.169     72.047      3.555    -78.125
    90.000    -15.000      0.130     82.213      1.976    -57.212
    95.000    -15.000      0.100    101.918      1.342    -41.607
   100.000    -15.000      0.075    117.122      1.095    -44.548
   105.000    -15.000      0.060    140.091      0.963    -49.397
   110.000    -15.000      0.105    162.881      1.178    -86.406
   115.000    -15.000      0.151    150.090      1.352   -107.106
   120.000    -15.000      0.154    120.136      1.222   -127.955
   125.000    -15.000      0.141     86.283      0.821   -156.177
   130.000    -15.000      0.083     77.750      0.544   -161.968
   135.000    -15.000      0.000      0.000      0.000      0.000
   140.000    -15.000      0.000      0.000      0.000      0.000
   145.000    -15.000      0.000      0.000      0.000      0.000
   -25.000    -10.000      0.000      0.000      0.000      0.000
   -20.000    -10.000      0.000      0.000      0.000      0.000
   -15.000    -10.000      0.000      0.000      0.000      0.000
   -10.000    -10.000      0.000      0.000      2.104    -95.487
    -5.000    -10.000      0.000      0.000      3.485    -93.653
     0.000    -10.000      0.000      0.000      4.521    -88.933
     5.000    -10.000      0.000      0.000      5.566    -84.168
    10.000    -10.000      0.000      0.000      6.946    -79.293
    15.000    -10.000      0.000      0.000      8.832    -77.150
    20.000    -10.000      0.000      0.000     10.644    -77.346
    25.000    -10.000      0.000      0.000     12.854    -82.207
    30.000    -10.000      0.000      0.000     15.559    -87.766
    35.000    -10.000      0.000      0.000     17.836    -92.951
    40.000    -10.000      0.000      0.000     18.781    -97.442
    45.000    -10.000      0.000      0.000     19.187    -98.845
    50.000    -10.000      0.000      0.000     19.068   -101.708
    55.000    -10.000      0.000      0.000     17.491   -104.717
    60.000    -10.000      0.000      0.000     15.746   -105.480
    65.000    -10.000      0.000      0.000     13.736   -106.711
    70.000    -10.000      0.006    118.491     11.636   -107.290
    75.000    -10.000      0.058     70.363      8.911   -106.024
    80.000    -10.000      0.043     98.658      6.269   -103.860
    85.000    -10.000      0.056     99.717      3.550    -98.035
    90.000    -10.000      0.077    100.396      1.112    -80.996
    95.000    -10.000      0.107    108.798      0.179     69.516
   100.000    -10.000      0.118    113.952      0.395    153.805
   105.000    -10.000      0.130     89.665      0.664   -146.684
   110.000    -10.000      0.156     81.359      1.459   -126.255
   115.000    -10.000      0.147    103.748      1.828   -128.269
   120.000    -10.000      0.144    132.462      1.765   -145.502
   125.000    -10.000      0.120    125.444      1.457   -159.022
   130.000    -10.000      0.082     89.766      0.823   -161.107
   135.000    -10.000      0.000      0.000      0.000      0.000
   140.000    -10.000      0.000      0.000      0.000      0.000
   145.000    -10.000      0.000      0.000      0.000      0.000
   -25.000     -5.000      0.000      0.000      0.000      0.000
   -20.000     -5.000      0.000      0.000      0.000      0.000
   -15.000     -5.000      0.000      0.000      0.000      0.000
   -10.000     -5.000      0.000      0.000      1.627    -89.155
    -5.000     -5.000      0.000      0.000      3.227    -80.281
     0.000     -5.000      0.000      0.000      4.715    -74.941
     5.000     -5.000      0.000      0.000      6.318    -72.414
    10.000     -5.000      0.000      0.000      8.036    -72.268
    15.000     -5.000      0.000      0.000      9.737    -73.931
    20.000     -5.000      0.000      0.000     11.647    -75.495
    25.000     -5.000      0.000      0.000     13.626    -80.438
    30.000     -5.000      0.000      0.000     15.900    -87.208
    35.000     -5.000      0.000      0.000     18.076    -93.354
    40.000     -5.000      0.000      0.000     19.156    -97.782
    45.000     -5.000      0.000      0.000     19.597    -99.457
    50.000     -5.000      0.000      0.000     19.585   -101.598
    55.000     -5.000      0.000      0.000     18.018   -104.611
    60.000     -5.000      0.000      0.000     15.431   -106.556
    65.000     -5.000      0.000      0.000     13.218   -108.976
    70.000     -5.000      0.013    102.287     10.937   -112.600
    75.000     -5.000      0.016    152.312      8.523   -114.621
    80.000     -5.000      0.030   -179.970      6.228   -114.650
    85.000     -5.000      0.024    161.727      3.661   -114.151
    90.000     -5.000      0.017     52.801      1.224   -115.294
    95.000     -5.000      0.063     56.041      0.559    130.007
   100.000     -5.000      0.096     75.522      1.203    127.705
   105.000     -5.000      0.105     84.919      1.291    177.481
   110.000     -5.000      0.091     89.665      1.985   -149.307
   115.000     -5.000      0.079     85.965      2.187   -144.001
   120.000     -5.000      0.096     88.765      1.924   -153.134
   125.000     -5.000      0.106    103.776      1.493   -160.442
   130.000     -5.000      0.071    136.743      0.938   -159.753
   135.000     -5.000      0.000      0.000      0.000      0.000
   140.000     -5.000      0.000      0.000      0.000      0.000
   145.000     -5.000      0.000      0.000      0.000      0.000
   -25.000      0.000      0.000      0.000      0.000      0.000
   -20.000      0.000      0.000      0.000      0.000      0.000
   -15.000      0.000      0.000      0.000      0.000      0.000
   -10.000      0.000      0.000      0.000      1.845    -69.623
    -5.000      0.000      0.000      0.000      3.641    -63.907
     0.000      0.000      0.000      0.000      5.407    -64.198
     5.000      0.000      0.000      0.000      6.965    -64.617
    10.000      0.000      0.000      0.000      8.381    -64.542
    15.000      0.000      0.000      0.000      9.858    -67.776
    20.000      0.000      0.000      0.000     11.881    -73.659
    25.000      0.000      0.000      0.000     13.703    -79.361
    30.000      0.000      0.000      0.000     15.017    -86.229
    35.000      0.000      0.000      0.000     16.516    -92.443
    40.000      0.000      0.000      0.000     18.053    -96.840
    45.000      0.000      0.000      0.000     18.555    -98.967
    50.000      0.000      0.000      0.000     17.897   -100.840
    55.000      0.000      0.000      0.000     16.582   -103.685
    60.000      0.000      0.000      0.000     14.111   -106.840
    65.000      0.000      0.000      0.000     11.779   -110.495
    70.000      0.000      0.003    -54.111      9.742   -115.467
    75.000      0.000      0.060   -114.859      8.086   -119.094
    80.000      0.000      0.051   -115.720      6.024   -121.299
    85.000      0.000      0.034   -143.561      3.898   -122.712
    90.000      0.000      0.033   -166.635      1.771   -131.553
    95.000      0.000      0.009    117.767      0.637    165.014
   100.000      0.000      0.025    -31.212      1.012    136.275
   105.000      0.000      0.033    -46.302      1.411    170.430
   110.000      0.000      0.017    -16.466      2.285   -157.328
   115.000      0.000      0.066     53.953      2.373   -157.161
   120.000      0.000      0.111     56.980      2.104   -159.278
   125.000      0.000      0.085     68.401      1.552   -161.978
   130.000      0.000      0.040    128.603      0.885   -169.796
   135.000      0.000      0.000      0.000      0.000      0.000
   140.000      0.000      0.000      0.000      0.000      0.000
   145.000      0.000      0.000      0.000      0.000      0.000
   -25.000      5.000      0.000      0.000      0.000      0.000
   -20.000      5.000      0.000      0.000      0.000      0.000
   -15.000      5.000      0.000      0.000      0.000      0.000
   -10.000      5.000      0.000      0.000      1.943    -56.077
    -5.000      5.000      0.000      0.000      3.549    -53.482
     0.000      5.000      0.000      0.000      5.117    -55.997
     5.000      5.000      0.000      0.000      6.624    -58.851
    10.000      5.000      0.000      0.000      8.221    -61.203
    15.000      5.000      0.000      0.000      9.598    -63.615
    20.000      5.000      0.000      0.000     11.230    -71.528
    25.000      5.000      0.000      0.000     12.456    -77.993
    30.000      5.000      0.000      0.000     13.027    -84.674
    35.000      5.000      0.000      0.000     14.021    -90.671
    40.000      5.000      0.000      0.000     15.129    -95.862
    45.000      5.000      0.000      0.000     15.542    -98.900
    50.000      5.000      0.000      0.000     14.657   -100.305
    55.000      5.000      0.000      0.000     13.411   -102.403
    60.000      5.000      0.000      0.000     11.301   -106.973
    65.000      5.000      0.000      0.000      9.107   -111.846
    70.000      5.000      0.006   -106.966      7.444   -116.991
    75.000      5.000      0.041   -152.561      6.367   -121.999
    80.000      5.000      0.038   -161.841      4.929   -127.153
    85.000      5.000      0.005    136.077      3.182   -129.015
    90.000      5.000      0.010     -2.247      1.799   -141.046
    95.000      5.000      0.023    -87.184      0.810    176.205
   100.000      5.000      0.038    -90.715      0.788    147.196
   105.000      5.000      0.028    -49.719      1.185    169.358
   110.000      5.000      0.026     15.740      2.032   -165.918
   115.000      5.000      0.041     58.062      2.456   -162.426
   120.000      5.000      0.049     51.169      2.129   -158.353
   125.000      5.000      0.050     38.030      1.570   -156.782
   130.000      5.000      0.023     25.531      0.776   -170.559
   135.000      5.000      0.000      0.000      0.000      0.000
   140.000      5.000      0.000      0.000      0.000      0.000
   145.000      5.000      0.000      0.000      0.000      0.000
   -25.000     10.000      0.000      0.000      0.000      0.000
   -20.000     10.000      0.000      0.000      0.000      0.000
   -15.000     10.000      0.000      0.000      0.000      0.000
   -10.000     10.000      0.000      0.000      1.985    -60.524
    -5.000     10.000      0.000      0.000      3.347    -50.389
     0.000     10.000      0.000      0.000      4.561    -52.946
     5.000     10.000      0.000      0.000      5.664    -56.852
    10.000     10.000      0.000      0.000      7.030    -59.783
    15.000     10.000      0.000      0.000      8.105    -62.606
    20.000     10.000      0.000      0.000      8.722    -67.814
    25.000     10.000      0.000      0.000      9.579    -77.339
    30.000     10.000      0.000      0.000     10.061    -83.994
    35.000     10.000      0.000      0.000     10.510    -88.949
    40.000     10.000      0.000      0.000     11.156    -93.773
    45.000     10.000      0.000      0.000     11.162    -97.929
    50.000     10.000      0.000      0.000     10.699    -99.654
    55.000     10.000      0.000      0.000      9.597   -101.765
    60.000     10.000      0.000      0.000      8.149   -106.069
    65.000     10.000      0.000      0.000      6.230   -112.113
    70.000     10.000      0.010     94.190      4.969   -118.405
    75.000     10.000      0.022     83.265      3.918   -127.140
    80.000     10.000      0.034    113.700      3.221   -135.157
    85.000     10.000      0.040     97.151      2.308   -139.265
    90.000     10.000      0.041     82.750      1.404   -150.944
    95.000     10.000      0.036     81.654      0.846   -174.905
   100.000     10.000      0.031     85.785      0.770    169.526
   105.000     10.000      0.010     68.940      0.961   -179.761
   110.000     10.000      0.025   -111.322      1.494   -170.093
   115.000     10.000      0.058   -130.622      2.135   -155.736
   120.000     10.000      0.053   -149.234      2.033   -154.877
   125.000     10.000      0.009   -149.629      1.492   -160.083
   130.000     10.000      0.044     12.546      0.716   -162.823
   135.000     10.000      0.000      0.000      0.000      0.000
   140.000     10.000      0.000      0.000      0.000      0.000
   145.000     10.000      0.000      0.000      0.000      0.000
   -25.000     15.000      0.000      0.000      0.000      0.000
   -20.000     15.000      0.000      0.000      0.000      0.000
   -15.000     15.000      0.000      0.000      0.000      0.000
   -10.000     15.000      0.000      0.000      1.163    -57.456
    -5.000     15.000      0.000      0.000      2.354    -52.764
     0.000     15.000      0.000      0.000      3.104    -53.763
     5.000     15.000      0.000      0.000      3.669    -56.882
    10.000     15.000      0.000      0.000      4.402    -59.611
    15.000     15.000      0.000      0.000      4.547    -62.095
    20.000     15.000      0.000      0.000      4.765    -65.833
    25.000     15.000      0.000      0.000      5.251    -76.208
    30.000     15.000      0.000      0.000      5.490    -83.275
    35.000     15.000      0.000      0.000      5.747    -88.687
    40.000     15.000      0.000      0.000      5.955    -93.756
    45.000     15.000      0.000      0.000      5.901    -96.239
    50.000     15.000      0.000      0.000      5.871    -98.411
    55.000     15.000      0.000      0.000      4.964   -100.152
    60.000     15.000      0.000      0.000      4.262   -104.672
    65.000     15.000      0.000      0.000      3.154   -110.697
    70.000     15.000      0.005    100.823      2.571   -118.651
    75.000     15.000      0.058     85.041      1.859   -133.055
    80.000     15.000      0.040    107.702      1.459   -145.917
    85.000     15.000      0.019    107.156      1.459   -144.362
    90.000     15.000      0.042     60.106      0.769   -172.646
    95.000     15.000      0.035     73.832      0.592    176.400
   100.000     15.000      0.036    174.406      0.581    155.205
   105.000     15.000      0.063   -151.797      0.689   -175.800
   110.000     15.000      0.025   -132.059      0.831   -163.056
   115.000     15.000      0.028    -85.756      1.141   -146.685
   120.000     15.000      0.045   -110.485      1.314   -146.467
   125.000     15.000      0.048   -115.832      1.068   -148.926
   130.000     15.000      0.019    -41.954      0.596   -151.484
   135.000     15.000      0.000      0.000      0.000      0.000
   140.000     15.000      0.000      0.000      0.000      0.000
   145.000     15.000      0.000      0.000      0.000      0.000
   -25.000     20.000      0.000      0.000      0.000      0.000
   -20.000     20.000      0.000      0.000      0.000      0.000
   -15.000     20.000      0.000      0.000      0.000      0.000
   -10.000     20.000      0.000      0.000      0.000      0.000
    -5.000     20.000      0.000      0.000      0.000      0.000
     0.000     20.000      0.000      0.000      0.000      0.000
     5.000     20.000      0.000      0.000      0.000      0.000
    10.000     20.000      0.000      0.000      0.000      0.000
    15.000     20.000      0.000      0.000      0.000      0.000
    20.000     20.000      0.000      0.000      0.000      0.000
    25.000     20.000      0.000      0.000      0.000      0.000
    30.000     20.000      0.000      0.000      0.000      0.000
    35.000     20.000      0.000      0.000      0.000      0.000
    40.000     20.000      0.000      0.000      0.000      0.000
    45.000     20.000      0.000      0.000      0.000      0.000
    50.000     20.000      0.000      0.000      0.000      0.000
    55.000     20.000      0.000      0.000      0.000      0.000
    60.000     20.000      0.000      0.000      0.000      0.000
    65.000     20.000      0.000      0.000      0.000      0.000
    70.000     20.000      0.000      0.000      0.000      0.000
    75.000     20.000      0.000      0.000      0.000      0.000
    80.000     20.000      0.000      0.000      0.000      0.000
    85.000     20.000      0.000      0.000      0.000      0.000
    90.000     20.000      0.000      0.000      0.000      0.000
    95.000     20.000      0.000      0.000      0.000      0.000
   100.000     20.000      0.000      0.000      0.000      0.000
   105.000     20.000      0.000      0.000      0.000      0.000
   110.000     20.000      0.000      0.000      0.000      0.000
   115.000     20.000      0.000      0.000      0.000      0.000
   120.000     20.000      0.000      0.000      0.000      0.000
   125.000     20.000      0.000      0.000      0.000      0.000
   130.000     20.000      0.000      0.000      0.000      0.000
   135.000     20.000      0.000      0.000      0.000      0.000
   140.000     20.000      0.000      0.000      0.000      0.000
   145.000     20.000      0.000      0.000      0.000      0.000
   -25.000     25.000      0.000      0.000      0.000      0.000
   -20.000     25.000      0.000      0.000      0.000      0.000
   -15.000     25.000      0.000      0.000      0.000      0.000
   -10.000     25.000      0.000      0.000      0.000      0.000
    -5.000     25.000      0.000      0.000      0.000      0.000
     0.000     25.000      0.000      0.000      0.000      0.000
     5.000     25.000      0.000      0.000      0.000      0.000
    10.000     25.000      0.000      0.000      0.000      0.000
    15.000     25.000      0.000      0.000      0.000      0.000
    20.000     25.000      0.000      0.000      0.000      0.000
    25.000     25.000      0.000      0.000      0.000      0.000
    30.000     25.000      0.000      0.000      0.000      0.000
    35.000     25.000      0.000      0.000      0.000      0.000
    40.000     25.000      0.000      0.000      0.000      0.000
    45.000     25.000      0.000      0.000      0.000      0.000
    50.000     25.000      0.000      0.000      0.000      0.000
    55.000     25.000      0.000      0.000      0.000      0.000
    60.000     25.000      0.000      0.000      0.000      0.000
    65.000     25.000      0.000      0.000      0.000      0.000
    70.000     25.000      0.000      0.000      0.000      0.000
    75.000     25.000      0.000      0.000      0.000      0.000
    80.000     25.000      0.000      0.000      0.000      0.000
    85.000     25.000      0.000      0.000      0.000      0.000
    90.000     25.000      0.000      0.000      0.000      0.000
    95.000     25.000      0.000      0.000      0.000      0.000
   100.000     25.000      0.000      0.000      0.000      0.000
   105.000     25.000      0.000      0.000      0.000      0.000
   110.000     25.000      0.000      0.000      0.000      0.000
   115.000     25.000      0.000      0.000      0.000      0.000
   120.000     25.000      0.000      0.000      0.000      0.000
   125.000     25.000      0.000      0.000      0.000      0.000
   130.000     25.000      0.000      0.000      0.000      0.000
   135.000     25.000      0.000      0.000      0.000      0.000
   140.000     25.000      0.000      0.000      0.000      0.000
   145.000     25.000      0.000      0.000      0.000      0.000
   -25.000     30.000      0.000      0.000      0.000      0.000
   -20.000     30.000      0.000      0.000      0.000      0.000
   -15.000     30.000      0.000      0.000      0.000      0.000
   -10.000     30.000      0.000      0.000      0.000      0.000
    -5.000     30.000      0.000      0.000      0.000      0.000
     0.000     30.000      0.000      0.000      0.000      0.000
     5.000     30.000      0.000      0.000      0.000      0.000
    10.000     30.000      0.000      0.000      0.000      0.000
    15.000     30.000      0.000      0.000      0.000      0.000
    20.000     30.000      0.000      0.000      0.000      0.000
    25.000     30.000      0.000      0.000      0.000      0.000
    30.000     30.000      0.000      0.000      0.000      0.000
    35.000     30.000      0.000      0.000      0.000      0.000
    40.000     30.000      0.000      0.000      0.000      0.000
    45.000     30.000      0.000      0.000      0.000      0.000
    50.000     30.000      0.000      0.000      0.000      0.000
    55.000     30.000      0.000      0.000      0.000      0.000
    60.000     30.000      0.000      0.000      0.000      0.000
    65.000     30.000      0.000      0.000      0.000      0.000
    70.000     30.000      0.000      0.000      0.000      0.000
    75.000     30.000      0.000      0.000      0.000      0.000
    80.000     30.000      0.000      0.000      0.000      0.000
    85.000     30.000      0.000      0.000      0.000      0.000
    90.000     30.000      0.000      0.000      0.000      0.000
    95.000     30.000      0.000      0.000      0.000      0.000
   100.000     30.000      0.000      0.000      0.000      0.000
   105.000     30.000      0.000      0.000      0.000      0.000
   110.000     30.000      0.000      0.000      0.000      0.000
   115.000     30.000      0.000      0.000      0.000      0.000
   120.000     30.000      0.000      0.000      0.000      0.000
   125.000     30.000      0.000      0.000      0.000      0.000
   130.000     30.000      0.000      0.000      0.000      0.000
   135.000     30.000      0.000      0.000      0.000      0.000
   140.000     30.000      0.000      0.000      0.000      0.000
   145.000     30.000      0.000      0.000      0.000      0.000
