   -25.000    -65.000      0.000      0.000      0.000      0.000
   -20.000    -65.000      0.000      0.000      0.000      0.000
   -15.000    -65.000      0.000      0.000      0.000      0.000
   -10.000    -65.000      0.000      0.000      0.000      0.000
    -5.000    -65.000      0.000      0.000      0.000      0.000
     0.000    -65.000      0.000      0.000      0.000      0.000
     5.000    -65.000      0.000      0.000      0.000      0.000
    10.000    -65.000      0.000      0.000      0.000      0.000
    15.000    -65.000      0.000      0.000      0.000      0.000
    20.000    -65.000      0.000      0.000      0.000      0.000
    25.000    -65.000      0.000      0.000      0.000      0.000
    30.000    -65.000      0.000      0.000      0.000      0.000
    35.000    -65.000      0.000      0.000      0.000      0.000
    40.000    -65.000      0.000      0.000      0.000      0.000
    45.000    -65.000      0.000      0.000      0.000      0.000
    50.000    -65.000      0.000      0.000      0.000      0.000
    55.000    -65.000      0.000      0.000      0.000      0.000
    60.000    -65.000      0.000      0.000      0.000      0.000
    65.000    -65.000      0.000      0.000      0.000      0.000
    70.000    -65.000      0.000      0.000      0.000      0.000
    75.000    -65.000      0.000      0.000      0.000      0.000
    80.000    -65.000      0.000      0.000      0.000      0.000
    85.000    -65.000      0.000      0.000      0.000      0.000
    90.000    -65.000      0.000      0.000      0.000      0.000
    95.000    -65.000      0.000      0.000      0.000      0.000
   100.000    -65.000      0.000      0.000      0.000      0.000
   105.000    -65.000      0.000      0.000      0.000      0.000
   110.000    -65.000      0.000      0.000      0.000      0.000
   115.000    -65.000      0.000      0.000      0.000      0.000
   120.000    -65.000      0.000      0.000      0.000      0.000
   125.000    -65.000      0.000      0.000      0.000      0.000
   130.000    -65.000      0.000      0.000      0.000      0.000
   135.000    -65.000      0.000      0.000      0.000      0.000
   140.000    -65.000      0.000      0.000      0.000      0.000
   145.000    -65.000      0.000      0.000      0.000      0.000
   -25.000    -60.000      0.000      0.000      0.000      0.000
   -20.000    -60.000      0.000      0.000      0.000      0.000
   -15.000    -60.000      0.000      0.000      0.000      0.000
   -10.000    -60.000      0.000      0.000      0.000      0.000
    -5.000    -60.000      0.000      0.000      0.000      0.000
     0.000    -60.000      0.000      0.000      0.000      0.000
     5.000    -60.000      0.000      0.000      0.000      0.000
    10.000    -60.000      0.000      0.000      0.000      0.000
    15.000    -60.000      0.000      0.000      0.000      0.000
    20.000    -60.000      0.000      0.000      0.000      0.000
    25.000    -60.000      0.000      0.000      0.000      0.000
    30.000    -60.000      0.000      0.000      0.000      0.000
    35.000    -60.000      0.000      0.000      0.000      0.000
    40.000    -60.000      0.000      0.000      0.000      0.000
    45.000    -60.000      0.000      0.000      0.000      0.000
    50.000    -60.000      0.000      0.000      0.000      0.000
    55.000    -60.000      0.000      0.000      0.000      0.000
    60.000    -60.000      0.000      0.000      0.000      0.000
    65.000    -60.000      0.000      0.000      0.000      0.000
    70.000    -60.000      0.000      0.000      0.000      0.000
    75.000    -60.000      0.000      0.000      0.000      0.000
    80.000    -60.000      0.000      0.000      0.000      0.000
    85.000    -60.000      0.000      0.000      0.000      0.000
    90.000    -60.000      0.000      0.000      0.000      0.000
    95.000    -60.000      0.000      0.000      0.000      0.000
   100.000    -60.000      0.000      0.000      0.000      0.000
   105.000    -60.000      0.000      0.000      0.000      0.000
   110.000    -60.000      0.000      0.000      0.000      0.000
   115.000    -60.000      0.000      0.000      0.000      0.000
   120.000    -60.000      0.000      0.000      0.000      0.000
   125.000    -60.000      0.000      0.000      0.000      0.000
   130.000    -60.000      0.000      0.000      0.000      0.000
   135.000    -60.000      0.000      0.000      0.000      0.000
   140.000    -60.000      0.000      0.000      0.000      0.000
   145.000    -60.000      0.000      0.000      0.000      0.000
   -25.000    -55.000      0.000      0.000      0.000      0.000
   -20.000    -55.000      0.000      0.000      0.000      0.000
   -15.000    -55.000      0.000      0.000      0.000      0.000
   -10.000    -55.000      0.000      0.000      0.000      0.000
    -5.000    -55.000      0.000      0.000      0.000      0.000
     0.000    -55.000      0.000      0.000      0.000      0.000
     5.000    -55.000      0.000      0.000      0.000      0.000
    10.000    -55.000      0.000      0.000      0.000      0.000
    15.000    -55.000      0.000      0.000      0.000      0.000
    20.000    -55.000      0.000      0.000      0.000      0.000
    25.000    -55.000      0.000      0.000      0.000      0.000
    30.000    -55.000      0.000      0.000      0.000      0.000
    35.000    -55.000      0.000      0.000      0.000      0.000
    40.000    -55.000      0.000      0.000      0.000      0.000
    45.000    -55.000      0.000      0.000      0.000      0.000
    50.000    -55.000      0.000      0.000      0.000      0.000
    55.000    -55.000      0.000      0.000      0.000      0.000
    60.000    -55.000      0.000      0.000      0.000      0.000
    65.000    -55.000      0.000      0.000      0.000      0.000
    70.000    -55.000      0.000      0.000      0.000      0.000
    75.000    -55.000      0.000      0.000      0.000      0.000
    80.000    -55.000      0.000      0.000      0.000      0.000
    85.000    -55.000      0.000      0.000      0.000      0.000
    90.000    -55.000      0.000      0.000      0.000      0.000
    95.000    -55.000      0.000      0.000      0.000      0.000
   100.000    -55.000      0.000      0.000      0.000      0.000
   105.000    -55.000      0.000      0.000      0.000      0.000
   110.000    -55.000      0.000      0.000      0.000      0.000
   115.000    -55.000      0.000      0.000      0.000      0.000
   120.000    -55.000      0.000      0.000      0.000      0.000
   125.000    -55.000      0.000      0.000      0.000      0.000
   130.000    -55.000      0.000      0.000      0.000      0.000
   135.000    -55.000      0.000      0.000      0.000      0.000
   140.000    -55.000      0.000      0.000      0.000      0.000
   145.000    -55.000      0.000      0.000      0.000      0.000
   -25.000    -50.000      0.000      0.000      0.000      0.000
   -20.000    -50.000      0.000      0.000      0.000      0.000
   -15.000    -50.000      0.000      0.000      0.000      0.000
   -10.000    -50.000      0.000      0.000      0.543     25.199
    -5.000    -50.000      0.000      0.000      1.260     43.478
     0.000    -50.000      0.000      0.000      1.749     47.634
     5.000    -50.000      0.000      0.000      1.327     40.943
    10.000    -50.000      0.000      0.000      0.655      5.478
    15.000    -50.000      0.000      0.000      0.579    -31.323
    20.000    -50.000      0.049    121.814      0.795     40.327
    25.000    -50.000      0.039    134.759      0.477     29.305
    30.000    -50.000      0.223    -90.867      1.447    -87.135
    35.000    -50.000      0.254    -86.790      1.916    -85.614
    40.000    -50.000      0.331    -89.880      2.484    -91.590
    45.000    -50.000      0.434    -92.456      3.454    -81.135
    50.000    -50.000      0.412    -81.397      4.263    -71.546
    55.000    -50.000      0.352    -54.187      5.205    -58.495
    60.000    -50.000      0.381    -28.577      5.784    -46.406
    65.000    -50.000      0.452    -17.315      6.504    -38.963
    70.000    -50.000      0.511    -12.773      6.947    -32.177
    75.000    -50.000      0.599     -9.228      7.145    -21.286
    80.000    -50.000      0.670    -10.375      7.422    -18.732
    85.000    -50.000      0.734    -11.456      6.623    -15.512
    90.000    -50.000      0.771    -12.896      5.784    -17.704
    95.000    -50.000      0.819    -10.084      5.698    -13.113
   100.000    -50.000      0.855     -7.555      5.385    -14.186
   105.000    -50.000      0.884     -5.057      5.625     -4.154
   110.000    -50.000      0.903     -3.751      5.186     -9.973
   115.000    -50.000      0.910     -0.703      4.025     -8.525
   120.000    -50.000      0.867      3.380      3.354    -11.931
   125.000    -50.000      0.705      2.880      2.389    -24.647
   130.000    -50.000      0.407     -2.334      0.912    -31.370
   135.000    -50.000      0.000      0.000      0.000      0.000
   140.000    -50.000      0.000      0.000      0.000      0.000
   145.000    -50.000      0.000      0.000      0.000      0.000
   -25.000    -45.000      0.000      0.000      0.000      0.000
   -20.000    -45.000      0.000      0.000      0.000      0.000
   -15.000    -45.000      0.000      0.000      0.000      0.000
   -10.000    -45.000      0.000      0.000      0.669    122.404
    -5.000    -45.000      0.000      0.000      0.608    146.111
     0.000    -45.000      0.000      0.000      0.510    136.682
     5.000    -45.000      0.000      0.000      0.360     96.595
    10.000    -45.000      0.000      0.000      0.234      1.557
    15.000    -45.000      0.000      0.000      0.480    -33.191
    20.000    -45.000      0.000      0.000      0.976      8.251
    25.000    -45.000      0.000      0.000      0.830    -17.792
    30.000    -45.000      0.000      0.000      1.543    -82.367
    35.000    -45.000      0.018    -36.000      2.936    -98.981
    40.000    -45.000      0.298    -72.460      4.979    -96.599
    45.000    -45.000      0.508    -70.655      5.827    -89.148
    50.000    -45.000      0.653    -57.368      6.824    -74.974
    55.000    -45.000      0.786    -41.583      7.949    -56.189
    60.000    -45.000      0.918    -31.414      9.496    -43.792
    65.000    -45.000      1.023    -25.922     11.197    -34.221
    70.000    -45.000      1.109    -19.580     12.046    -28.092
    75.000    -45.000      1.190    -13.786     12.306    -21.187
    80.000    -45.000      1.227    -11.579     12.069    -18.305
    85.000    -45.000      1.260     -8.424     11.167    -11.330
    90.000    -45.000      1.286     -4.500     10.343     -7.512
    95.000    -45.000      1.311     -0.755     10.041     -4.097
   100.000    -45.000      1.334      1.956      9.163     -5.472
   105.000    -45.000      1.315      3.564      8.735      1.441
   110.000    -45.000      1.257      5.482      7.965     -0.847
   115.000    -45.000      1.137      5.817      6.715     -4.835
   120.000    -45.000      0.949      4.392      5.462    -10.596
   125.000    -45.000      0.710      4.369      3.725    -15.020
   130.000    -45.000      0.396     11.421      1.479    -16.758
   135.000    -45.000      0.000      0.000      0.000      0.000
   140.000    -45.000      0.000      0.000      0.000      0.000
   145.000    -45.000      0.000      0.000      0.000      0.000
   -25.000    -40.000      0.000      0.000      0.000      0.000
   -20.000    -40.000      0.000      0.000      0.000      0.000
   -15.000    -40.000      0.000      0.000      0.000      0.000
   -10.000    -40.000      0.000      0.000      1.215   -171.479
    -5.000    -40.000      0.000      0.000      2.089   -175.355
     0.000    -40.000      0.000      0.000      2.579   -175.812
     5.000    -40.000      0.000      0.000      2.353   -166.710
    10.000    -40.000      0.000      0.000      2.169   -151.868
    15.000    -40.000      0.000      0.000      2.695   -138.389
    20.000    -40.000      0.000      0.000      2.362   -126.265
    25.000    -40.000      0.000      0.000      1.852   -109.019
    30.000    -40.000      0.000      0.000      3.149   -107.277
    35.000    -40.000      0.000      0.000      4.326   -110.964
    40.000    -40.000      0.165    -75.533      6.056   -103.891
    45.000    -40.000      0.423    -61.607      7.379    -92.823
    50.000    -40.000      0.731    -52.072      8.000    -80.692
    55.000    -40.000      0.993    -43.535      9.051    -62.298
    60.000    -40.000      1.152    -35.405     10.747    -46.273
    65.000    -40.000      1.266    -28.490     13.111    -34.662
    70.000    -40.000      1.356    -20.043     14.238    -24.457
    75.000    -40.000      1.441    -12.813     14.635    -17.182
    80.000    -40.000      1.509     -7.043     14.200    -15.103
    85.000    -40.000      1.527     -1.504     12.769     -9.474
    90.000    -40.000      1.509      4.495     12.114     -0.644
    95.000    -40.000      1.461      9.148     12.240      6.909
   100.000    -40.000      1.364     13.006     11.220      7.167
   105.000    -40.000      1.236     17.236     10.175      8.819
   110.000    -40.000      1.100     20.388      8.766      6.534
   115.000    -40.000      0.950     22.085      7.376      1.950
   120.000    -40.000      0.753     22.905      6.035     -5.221
   125.000    -40.000      0.493     23.006      4.231    -12.009
   130.000    -40.000      0.200     25.811      1.803     -2.193
   135.000    -40.000      0.000      0.000      0.000      0.000
   140.000    -40.000      0.000      0.000      0.000      0.000
   145.000    -40.000      0.000      0.000      0.000      0.000
   -25.000    -35.000      0.000      0.000      0.000      0.000
   -20.000    -35.000      0.000      0.000      0.000      0.000
   -15.000    -35.000      0.000      0.000      0.000      0.000
   -10.000    -35.000      0.000      0.000      1.317   -122.934
    -5.000    -35.000      0.000      0.000      1.837   -130.042
     0.000    -35.000      0.000      0.000      2.724   -130.495
     5.000    -35.000      0.000      0.000      3.405   -122.465
    10.000    -35.000      0.000      0.000      3.750   -112.940
    15.000    -35.000      0.000      0.000      3.839   -115.899
    20.000    -35.000      0.000      0.000      5.046   -109.201
    25.000    -35.000      0.000      0.000      4.957    -97.047
    30.000    -35.000      0.000      0.000      6.516    -94.870
    35.000    -35.000      0.000      0.000      7.217   -104.156
    40.000    -35.000      0.000      0.000      7.967   -107.452
    45.000    -35.000      0.080    -91.916      8.675   -100.214
    50.000    -35.000      0.452    -75.751      9.001    -88.780
    55.000    -35.000      0.764    -59.644      9.070    -73.165
    60.000    -35.000      0.940    -48.236     10.538    -55.437
    65.000    -35.000      1.065    -35.665     12.684    -40.247
    70.000    -35.000      1.186    -21.676     13.443    -25.877
    75.000    -35.000      1.312    -10.186     14.013    -17.153
    80.000    -35.000      1.396     -2.265     13.679    -11.224
    85.000    -35.000      1.412      5.644     12.215     -3.567
    90.000    -35.000      1.395     13.371     11.446      1.822
    95.000    -35.000      1.380     20.391     12.048     10.528
   100.000    -35.000      1.317     26.606     11.501     15.981
   105.000    -35.000      1.186     32.380     10.457     16.132
   110.000    -35.000      1.023     39.617      8.502     15.012
   115.000    -35.000      0.855     47.694      6.400      8.216
   120.000    -35.000      0.667     56.696      4.312     -1.275
   125.000    -35.000      0.426     65.572      2.761     -8.383
   130.000    -35.000      0.188     76.706      1.146      0.715
   135.000    -35.000      0.000      0.000      0.000      0.000
   140.000    -35.000      0.000      0.000      0.000      0.000
   145.000    -35.000      0.000      0.000      0.000      0.000
   -25.000    -30.000      0.000      0.000      0.000      0.000
   -20.000    -30.000      0.000      0.000      0.000      0.000
   -15.000    -30.000      0.000      0.000      0.000      0.000
   -10.000    -30.000      0.000      0.000      1.547    -92.317
    -5.000    -30.000      0.000      0.000      2.835    -97.036
     0.000    -30.000      0.000      0.000      5.112   -101.083
     5.000    -30.000      0.000      0.000      6.736   -101.977
    10.000    -30.000      0.000      0.000      7.550    -98.753
    15.000    -30.000      0.000      0.000      7.490    -95.573
    20.000    -30.000      0.000      0.000      8.067    -91.663
    25.000    -30.000      0.000      0.000      8.868    -94.123
    30.000    -30.000      0.000      0.000     10.025    -93.986
    35.000    -30.000      0.000      0.000     11.754    -95.179
    40.000    -30.000      0.000      0.000     11.055    -99.905
    45.000    -30.000      0.000      0.000     10.700    -99.497
    50.000    -30.000      0.085   -150.204     11.217    -97.384
    55.000    -30.000      0.351    -71.849     10.602    -87.608
    60.000    -30.000      0.551    -53.642     10.351    -72.656
    65.000    -30.000      0.692    -37.482     11.313    -53.249
    70.000    -30.000      0.775    -21.683     11.457    -35.650
    75.000    -30.000      0.863     -4.568     11.514    -23.186
    80.000    -30.000      1.002      9.487     10.653     -9.842
    85.000    -30.000      1.154     20.820      9.810      5.108
    90.000    -30.000      1.201     27.615      9.439     13.178
    95.000    -30.000      1.180     34.104      9.926     17.715
   100.000    -30.000      1.104     40.855      9.831     22.606
   105.000    -30.000      1.040     49.122      8.903     25.565
   110.000    -30.000      0.939     58.173      6.896     26.560
   115.000    -30.000      0.803     66.909      4.387     15.763
   120.000    -30.000      0.623     76.745      2.440      2.210
   125.000    -30.000      0.469     87.405      0.906    -27.014
   130.000    -30.000      0.276     96.445      0.306     64.238
   135.000    -30.000      0.000      0.000      0.000      0.000
   140.000    -30.000      0.000      0.000      0.000      0.000
   145.000    -30.000      0.000      0.000      0.000      0.000
   -25.000    -25.000      0.000      0.000      0.000      0.000
   -20.000    -25.000      0.000      0.000      0.000      0.000
   -15.000    -25.000      0.000      0.000      0.000      0.000
   -10.000    -25.000      0.000      0.000      2.197   -140.608
    -5.000    -25.000      0.000      0.000      3.971   -128.715
     0.000    -25.000      0.000      0.000      6.082   -113.876
     5.000    -25.000      0.000      0.000      8.027   -104.400
    10.000    -25.000      0.000      0.000      9.241    -99.536
    15.000    -25.000      0.000      0.000     10.267    -96.196
    20.000    -25.000      0.000      0.000     11.186    -91.385
    25.000    -25.000      0.000      0.000     12.169    -91.297
    30.000    -25.000      0.000      0.000     13.331    -89.744
    35.000    -25.000      0.000      0.000     15.117    -89.613
    40.000    -25.000      0.000      0.000     15.262    -92.545
    45.000    -25.000      0.000      0.000     14.723    -95.194
    50.000    -25.000      0.052    170.718     14.175    -98.839
    55.000    -25.000      0.179    -52.075     12.746    -97.850
    60.000    -25.000      0.337    -52.500     11.699    -90.844
    65.000    -25.000      0.391    -38.598     11.263    -76.302
    70.000    -25.000      0.433    -11.638     10.094    -56.341
    75.000    -25.000      0.517     12.137      9.285    -40.288
    80.000    -25.000      0.644     31.110      7.518    -22.705
    85.000    -25.000      0.756     43.765      6.268      9.869
    90.000    -25.000      0.860     53.223      6.160     26.212
    95.000    -25.000      0.924     59.144      6.768     30.840
   100.000    -25.000      0.911     64.208      6.449     34.613
   105.000    -25.000      0.837     70.388      5.826     33.263
   110.000    -25.000      0.757     78.758      4.295     43.604
   115.000    -25.000      0.680     87.683      1.845     43.675
   120.000    -25.000      0.573     97.824      0.131    118.010
   125.000    -25.000      0.478    103.060      1.064    164.172
   130.000    -25.000      0.325    100.658      1.078    151.383
   135.000    -25.000      0.000      0.000      0.000      0.000
   140.000    -25.000      0.000      0.000      0.000      0.000
   145.000    -25.000      0.000      0.000      0.000      0.000
   -25.000    -20.000      0.000      0.000      0.000      0.000
   -20.000    -20.000      0.000      0.000      0.000      0.000
   -15.000    -20.000      0.000      0.000      0.000      0.000
   -10.000    -20.000      0.000      0.000      3.348   -120.234
    -5.000    -20.000      0.000      0.000      5.887   -120.354
     0.000    -20.000      0.000      0.000      7.928   -114.904
     5.000    -20.000      0.000      0.000      9.570   -108.385
    10.000    -20.000      0.000      0.000     10.626   -103.314
    15.000    -20.000      0.000      0.000     11.641    -97.083
    20.000    -20.000      0.000      0.000     12.808    -89.297
    25.000    -20.000      0.000      0.000     14.703    -87.524
    30.000    -20.000      0.000      0.000     16.263    -87.569
    35.000    -20.000      0.000      0.000     18.023    -87.630
    40.000    -20.000      0.000      0.000     18.194    -88.598
    45.000    -20.000      0.000      0.000     18.524    -92.271
    50.000    -20.000      0.019   -109.924     17.302    -99.547
    55.000    -20.000      0.199    -15.954     15.240   -101.309
    60.000    -20.000      0.299    -38.735     13.875   -101.578
    65.000    -20.000      0.280    -30.731     12.606    -95.669
    70.000    -20.000      0.239      0.875     10.480    -86.883
    75.000    -20.000      0.295     38.130      7.354    -73.105
    80.000    -20.000      0.436     60.669      4.627    -55.658
    85.000    -20.000      0.589     72.912      2.558      6.274
    90.000    -20.000      0.706     83.264      3.760     49.347
    95.000    -20.000      0.776     92.290      5.129     58.697
   100.000    -20.000      0.767    102.306      5.043     65.877
   105.000    -20.000      0.768    111.280      3.308     72.541
   110.000    -20.000      0.769    117.321      2.335     96.258
   115.000    -20.000      0.730    119.234      1.685    149.319
   120.000    -20.000      0.657    119.334      2.394    175.829
   125.000    -20.000      0.493    117.451      2.711    179.470
   130.000    -20.000      0.269    105.766      1.557   -175.502
   135.000    -20.000      0.000      0.000      0.000      0.000
   140.000    -20.000      0.000      0.000      0.000      0.000
   145.000    -20.000      0.000      0.000      0.000      0.000
   -25.000    -15.000      0.000      0.000      0.000      0.000
   -20.000    -15.000      0.000      0.000      0.000      0.000
   -15.000    -15.000      0.000      0.000      0.000      0.000
   -10.000    -15.000      0.000      0.000      3.456   -122.394
    -5.000    -15.000      0.000      0.000      7.408   -118.854
     0.000    -15.000      0.000      0.000      9.802   -114.980
     5.000    -15.000      0.000      0.000     11.206   -109.793
    10.000    -15.000      0.000      0.000     11.699   -103.354
    15.000    -15.000      0.000      0.000     12.925    -96.156
    20.000    -15.000      0.000      0.000     13.895    -86.710
    25.000    -15.000      0.000      0.000     15.916    -83.900
    30.000    -15.000      0.000      0.000     18.349    -84.141
    35.000    -15.000      0.000      0.000     20.106    -87.558
    40.000    -15.000      0.000      0.000     20.534    -91.680
    45.000    -15.000      0.000      0.000     20.665    -94.196
    50.000    -15.000      0.000      0.000     20.723    -98.586
    55.000    -15.000      0.114     -3.207     17.740   -103.692
    60.000    -15.000      0.240      4.732     16.206   -107.522
    65.000    -15.000      0.255     14.933     14.737   -107.627
    70.000    -15.000      0.248     35.472     12.705   -107.471
    75.000    -15.000      0.323     62.639      9.001   -107.824
    80.000    -15.000      0.436     82.017      5.423   -110.950
    85.000    -15.000      0.523    100.216      1.702   -133.627
    90.000    -15.000      0.635    115.817      2.697     92.288
    95.000    -15.000      0.757    126.562      4.664     85.454
   100.000    -15.000      0.845    134.467      5.093     93.713
   105.000    -15.000      0.920    140.025      4.079    120.896
   110.000    -15.000      0.955    144.833      3.899    151.286
   115.000    -15.000      0.893    146.302      4.227    172.910
   120.000    -15.000      0.753    142.113      4.549    177.561
   125.000    -15.000      0.530    132.676      4.165    179.611
   130.000    -15.000      0.269    113.685      2.314   -169.131
   135.000    -15.000      0.000      0.000      0.000      0.000
   140.000    -15.000      0.000      0.000      0.000      0.000
   145.000    -15.000      0.000      0.000      0.000      0.000
   -25.000    -10.000      0.000      0.000      0.000      0.000
   -20.000    -10.000      0.000      0.000      0.000      0.000
   -15.000    -10.000      0.000      0.000      0.000      0.000
   -10.000    -10.000      0.000      0.000      3.142   -157.543
    -5.000    -10.000      0.000      0.000      5.509   -148.623
     0.000    -10.000      0.000      0.000      7.546   -134.854
     5.000    -10.000      0.000      0.000      9.220   -120.172
    10.000    -10.000      0.000      0.000     10.438   -104.634
    15.000    -10.000      0.000      0.000     12.609    -94.190
    20.000    -10.000      0.000      0.000     14.594    -83.800
    25.000    -10.000      0.000      0.000     16.479    -79.763
    30.000    -10.000      0.000      0.000     17.941    -79.470
    35.000    -10.000      0.000      0.000     19.351    -84.731
    40.000    -10.000      0.000      0.000     20.387    -91.820
    45.000    -10.000      0.000      0.000     21.319    -95.783
    50.000    -10.000      0.000      0.000     21.205    -99.752
    55.000    -10.000      0.054     22.288     19.561   -105.004
    60.000    -10.000      0.221     36.759     17.316   -109.797
    65.000    -10.000      0.328     50.680     16.503   -115.374
    70.000    -10.000      0.388     63.095     14.605   -120.696
    75.000    -10.000      0.393     79.019     11.716   -125.571
    80.000    -10.000      0.423    101.065      8.475   -134.202
    85.000    -10.000      0.513    120.325      5.160   -154.013
    90.000    -10.000      0.656    132.763      3.129    148.678
    95.000    -10.000      0.803    142.980      4.695    111.315
   100.000    -10.000      0.934    150.441      5.738    110.564
   105.000    -10.000      1.040    153.649      5.566    131.392
   110.000    -10.000      1.073    156.566      5.965    165.317
   115.000    -10.000      1.016    158.265      6.319    178.867
   120.000    -10.000      0.861    158.341      6.063   -176.209
   125.000    -10.000      0.581    157.801      4.884   -174.640
   130.000    -10.000      0.246    158.482      2.925   -164.534
   135.000    -10.000      0.000      0.000      0.000      0.000
   140.000    -10.000      0.000      0.000      0.000      0.000
   145.000    -10.000      0.000      0.000      0.000      0.000
   -25.000     -5.000      0.000      0.000      0.000      0.000
   -20.000     -5.000      0.000      0.000      0.000      0.000
   -15.000     -5.000      0.000      0.000      0.000      0.000
   -10.000     -5.000      0.000      0.000      2.510    166.287
    -5.000     -5.000      0.000      0.000      4.221    169.886
     0.000     -5.000      0.000      0.000      5.149   -168.031
     5.000     -5.000      0.000      0.000      5.988   -138.974
    10.000     -5.000      0.000      0.000      7.496   -107.076
    15.000     -5.000      0.000      0.000     10.412    -87.442
    20.000     -5.000      0.000      0.000     13.361    -81.818
    25.000     -5.000      0.000      0.000     15.479    -78.392
    30.000     -5.000      0.000      0.000     16.066    -77.485
    35.000     -5.000      0.000      0.000     17.111    -81.860
    40.000     -5.000      0.000      0.000     18.363    -90.999
    45.000     -5.000      0.000      0.000     19.829    -97.273
    50.000     -5.000      0.000      0.000     19.547   -100.088
    55.000     -5.000      0.022    -66.919     18.929   -104.932
    60.000     -5.000      0.080     14.696     17.817   -110.800
    65.000     -5.000      0.205     58.736     16.048   -118.524
    70.000     -5.000      0.308     77.201     14.971   -127.546
    75.000     -5.000      0.380     95.088     13.225   -134.138
    80.000     -5.000      0.451    113.189     10.568   -142.260
    85.000     -5.000      0.541    127.939      6.963   -157.843
    90.000     -5.000      0.661    138.031      5.058    171.858
    95.000     -5.000      0.794    147.374      5.098    134.611
   100.000     -5.000      0.922    154.667      5.886    124.117
   105.000     -5.000      1.013    158.850      5.860    138.171
   110.000     -5.000      1.055    160.991      6.698    163.361
   115.000     -5.000      1.044    162.059      7.771   -177.948
   120.000     -5.000      0.943    163.362      7.140   -173.956
   125.000     -5.000      0.747    169.285      5.693   -169.256
   130.000     -5.000      0.440   -179.481      2.995   -165.622
   135.000     -5.000      0.000      0.000      0.000      0.000
   140.000     -5.000      0.000      0.000      0.000      0.000
   145.000     -5.000      0.000      0.000      0.000      0.000
   -25.000      0.000      0.000      0.000      0.000      0.000
   -20.000      0.000      0.000      0.000      0.000      0.000
   -15.000      0.000      0.000      0.000      0.000      0.000
   -10.000      0.000      0.000      0.000      2.096    125.671
    -5.000      0.000      0.000      0.000      3.435    121.276
     0.000      0.000      0.000      0.000      3.247    131.661
     5.000      0.000      0.000      0.000      1.898    165.590
    10.000      0.000      0.000      0.000      3.752   -101.421
    15.000      0.000      0.000      0.000      7.917    -75.650
    20.000      0.000      0.000      0.000     10.678    -73.739
    25.000      0.000      0.000      0.000     12.871    -76.315
    30.000      0.000      0.000      0.000     12.853    -76.250
    35.000      0.000      0.000      0.000     13.065    -81.082
    40.000      0.000      0.000      0.000     14.980    -89.783
    45.000      0.000      0.000      0.000     16.817    -97.385
    50.000      0.000      0.000      0.000     17.550   -101.406
    55.000      0.000      0.051    -96.810     17.407   -104.615
    60.000      0.000      0.027    -51.717     16.559   -109.837
    65.000      0.000      0.143     85.185     14.337   -119.948
    70.000      0.000      0.279     91.042     13.276   -130.561
    75.000      0.000      0.372    101.085     12.795   -140.376
    80.000      0.000      0.460    115.205     10.851   -145.895
    85.000      0.000      0.555    127.070      8.088   -155.179
    90.000      0.000      0.632    137.965      5.875   -176.505
    95.000      0.000      0.725    146.717      5.411    155.536
   100.000      0.000      0.823    152.550      5.563    140.750
   105.000      0.000      0.900    157.330      5.557    145.782
   110.000      0.000      0.957    160.519      6.159    159.609
   115.000      0.000      0.978    163.200      7.048    179.619
   120.000      0.000      0.930    164.536      7.108   -172.781
   125.000      0.000      0.808    168.674      5.775   -168.982
   130.000      0.000      0.533    170.831      3.301   -170.656
   135.000      0.000      0.000      0.000      0.000      0.000
   140.000      0.000      0.000      0.000      0.000      0.000
   145.000      0.000      0.000      0.000      0.000      0.000
   -25.000      5.000      0.000      0.000      0.000      0.000
   -20.000      5.000      0.000      0.000      0.000      0.000
   -15.000      5.000      0.000      0.000      0.000      0.000
   -10.000      5.000      0.000      0.000      2.546     90.812
    -5.000      5.000      0.000      0.000      4.457     76.336
     0.000      5.000      0.000      0.000      5.368     68.650
     5.000      5.000      0.000      0.000      4.546     59.448
    10.000      5.000      0.000      0.000      1.808    -13.864
    15.000      5.000      0.000      0.000      5.813    -68.371
    20.000      5.000      0.000      0.000      8.081    -65.809
    25.000      5.000      0.000      0.000      8.737    -68.929
    30.000      5.000      0.000      0.000      8.709    -74.816
    35.000      5.000      0.000      0.000      8.913    -81.709
    40.000      5.000      0.000      0.000     10.525    -90.376
    45.000      5.000      0.000      0.000     12.222    -97.508
    50.000      5.000      0.000      0.000     13.634   -102.628
    55.000      5.000      0.042    -26.282     13.459   -105.247
    60.000      5.000      0.054     -8.900     12.128   -110.003
    65.000      5.000      0.119     67.196     10.652   -120.692
    70.000      5.000      0.224     85.846      9.581   -133.645
    75.000      5.000      0.301     99.688      9.311   -142.114
    80.000      5.000      0.369    114.012      8.346   -148.703
    85.000      5.000      0.441    125.453      7.169   -154.805
    90.000      5.000      0.520    134.987      5.250   -169.003
    95.000      5.000      0.617    142.544      4.675    166.460
   100.000      5.000      0.708    148.842      4.779    152.257
   105.000      5.000      0.770    154.893      4.760    150.842
   110.000      5.000      0.805    160.783      4.766    154.427
   115.000      5.000      0.799    164.682      5.013    170.180
   120.000      5.000      0.734    167.159      5.159   -173.842
   125.000      5.000      0.590    171.014      4.264   -170.516
   130.000      5.000      0.348    167.434      2.574   -168.194
   135.000      5.000      0.000      0.000      0.000      0.000
   140.000      5.000      0.000      0.000      0.000      0.000
   145.000      5.000      0.000      0.000      0.000      0.000
   -25.000     10.000      0.000      0.000      0.000      0.000
   -20.000     10.000      0.000      0.000      0.000      0.000
   -15.000     10.000      0.000      0.000      0.000      0.000
   -10.000     10.000      0.000      0.000      1.072     82.420
    -5.000     10.000      0.000      0.000      2.525     60.731
     0.000     10.000      0.000      0.000      3.562     53.292
     5.000     10.000      0.000      0.000      3.470     46.031
    10.000     10.000      0.000      0.000      2.123     19.132
    15.000     10.000      0.000      0.000      3.065    -63.321
    20.000     10.000      0.000      0.000      4.265    -62.282
    25.000     10.000      0.000      0.000      4.185    -58.629
    30.000     10.000      0.000      0.000      4.864    -73.512
    35.000     10.000      0.000      0.000      5.077    -77.558
    40.000     10.000      0.000      0.000      5.666    -88.249
    45.000     10.000      0.000      0.000      6.435    -94.770
    50.000     10.000      0.000      0.000      7.066   -101.980
    55.000     10.000      0.183     60.767      6.977   -107.603
    60.000     10.000      0.121     49.890      6.345   -111.483
    65.000     10.000      0.133     61.436      5.783   -124.184
    70.000     10.000      0.176     82.377      4.878   -140.064
    75.000     10.000      0.226     97.133      4.916   -143.699
    80.000     10.000      0.284    107.953      4.339   -151.423
    85.000     10.000      0.324    121.093      3.871   -158.412
    90.000     10.000      0.367    135.288      3.431   -164.010
    95.000     10.000      0.421    144.877      2.553    171.519
   100.000     10.000      0.459    153.499      2.567    155.656
   105.000     10.000      0.476    161.835      2.893    145.230
   110.000     10.000      0.453    166.028      2.774    157.605
   115.000     10.000      0.408    167.579      2.620    158.924
   120.000     10.000      0.336    166.768      2.599   -179.701
   125.000     10.000      0.218    162.863      2.112   -179.485
   130.000     10.000      0.079    133.331      1.161   -169.730
   135.000     10.000      0.000      0.000      0.000      0.000
   140.000     10.000      0.000      0.000      0.000      0.000
   145.000     10.000      0.000      0.000      0.000      0.000
   -25.000     15.000      0.000      0.000      0.000      0.000
   -20.000     15.000      0.000      0.000      0.000      0.000
   -15.000     15.000      0.000      0.000      0.000      0.000
   -10.000     15.000      0.000      0.000      0.000      0.000
    -5.000     15.000      0.000      0.000      0.000      0.000
     0.000     15.000      0.000      0.000      0.000      0.000
     5.000     15.000      0.000      0.000      0.000      0.000
    10.000     15.000      0.000      0.000      0.000      0.000
    15.000     15.000      0.000      0.000      0.000      0.000
    20.000     15.000      0.000      0.000      0.000      0.000
    25.000     15.000      0.000      0.000      0.000      0.000
    30.000     15.000      0.000      0.000      0.000      0.000
    35.000     15.000      0.000      0.000      0.000      0.000
    40.000     15.000      0.000      0.000      0.000      0.000
    45.000     15.000      0.000      0.000      0.000      0.000
    50.000     15.000      0.000      0.000      0.000      0.000
    55.000     15.000      0.000      0.000      0.000      0.000
    60.000     15.000      0.000      0.000      0.000      0.000
    65.000     15.000      0.000      0.000      0.000      0.000
    70.000     15.000      0.000      0.000      0.000      0.000
    75.000     15.000      0.000      0.000      0.000      0.000
    80.000     15.000      0.000      0.000      0.000      0.000
    85.000     15.000      0.000      0.000      0.000      0.000
    90.000     15.000      0.000      0.000      0.000      0.000
    95.000     15.000      0.000      0.000      0.000      0.000
   100.000     15.000      0.000      0.000      0.000      0.000
   105.000     15.000      0.000      0.000      0.000      0.000
   110.000     15.000      0.000      0.000      0.000      0.000
   115.000     15.000      0.000      0.000      0.000      0.000
   120.000     15.000      0.000      0.000      0.000      0.000
   125.000     15.000      0.000      0.000      0.000      0.000
   130.000     15.000      0.000      0.000      0.000      0.000
   135.000     15.000      0.000      0.000      0.000      0.000
   140.000     15.000      0.000      0.000      0.000      0.000
   145.000     15.000      0.000      0.000      0.000      0.000
   -25.000     20.000      0.000      0.000      0.000      0.000
   -20.000     20.000      0.000      0.000      0.000      0.000
   -15.000     20.000      0.000      0.000      0.000      0.000
   -10.000     20.000      0.000      0.000      0.000      0.000
    -5.000     20.000      0.000      0.000      0.000      0.000
     0.000     20.000      0.000      0.000      0.000      0.000
     5.000     20.000      0.000      0.000      0.000      0.000
    10.000     20.000      0.000      0.000      0.000      0.000
    15.000     20.000      0.000      0.000      0.000      0.000
    20.000     20.000      0.000      0.000      0.000      0.000
    25.000     20.000      0.000      0.000      0.000      0.000
    30.000     20.000      0.000      0.000      0.000      0.000
    35.000     20.000      0.000      0.000      0.000      0.000
    40.000     20.000      0.000      0.000      0.000      0.000
    45.000     20.000      0.000      0.000      0.000      0.000
    50.000     20.000      0.000      0.000      0.000      0.000
    55.000     20.000      0.000      0.000      0.000      0.000
    60.000     20.000      0.000      0.000      0.000      0.000
    65.000     20.000      0.000      0.000      0.000      0.000
    70.000     20.000      0.000      0.000      0.000      0.000
    75.000     20.000      0.000      0.000      0.000      0.000
    80.000     20.000      0.000      0.000      0.000      0.000
    85.000     20.000      0.000      0.000      0.000      0.000
    90.000     20.000      0.000      0.000      0.000      0.000
    95.000     20.000      0.000      0.000      0.000      0.000
   100.000     20.000      0.000      0.000      0.000      0.000
   105.000     20.000      0.000      0.000      0.000      0.000
   110.000     20.000      0.000      0.000      0.000      0.000
   115.000     20.000      0.000      0.000      0.000      0.000
   120.000     20.000      0.000      0.000      0.000      0.000
   125.000     20.000      0.000      0.000      0.000      0.000
   130.000     20.000      0.000      0.000      0.000      0.000
   135.000     20.000      0.000      0.000      0.000      0.000
   140.000     20.000      0.000      0.000      0.000      0.000
   145.000     20.000      0.000      0.000      0.000      0.000
   -25.000     25.000      0.000      0.000      0.000      0.000
   -20.000     25.000      0.000      0.000      0.000      0.000
   -15.000     25.000      0.000      0.000      0.000      0.000
   -10.000     25.000      0.000      0.000      0.000      0.000
    -5.000     25.000      0.000      0.000      0.000      0.000
     0.000     25.000      0.000      0.000      0.000      0.000
     5.000     25.000      0.000      0.000      0.000      0.000
    10.000     25.000      0.000      0.000      0.000      0.000
    15.000     25.000      0.000      0.000      0.000      0.000
    20.000     25.000      0.000      0.000      0.000      0.000
    25.000     25.000      0.000      0.000      0.000      0.000
    30.000     25.000      0.000      0.000      0.000      0.000
    35.000     25.000      0.000      0.000      0.000      0.000
    40.000     25.000      0.000      0.000      0.000      0.000
    45.000     25.000      0.000      0.000      0.000      0.000
    50.000     25.000      0.000      0.000      0.000      0.000
    55.000     25.000      0.000      0.000      0.000      0.000
    60.000     25.000      0.000      0.000      0.000      0.000
    65.000     25.000      0.000      0.000      0.000      0.000
    70.000     25.000      0.000      0.000      0.000      0.000
    75.000     25.000      0.000      0.000      0.000      0.000
    80.000     25.000      0.000      0.000      0.000      0.000
    85.000     25.000      0.000      0.000      0.000      0.000
    90.000     25.000      0.000      0.000      0.000      0.000
    95.000     25.000      0.000      0.000      0.000      0.000
   100.000     25.000      0.000      0.000      0.000      0.000
   105.000     25.000      0.000      0.000      0.000      0.000
   110.000     25.000      0.000      0.000      0.000      0.000
   115.000     25.000      0.000      0.000      0.000      0.000
   120.000     25.000      0.000      0.000      0.000      0.000
   125.000     25.000      0.000      0.000      0.000      0.000
   130.000     25.000      0.000      0.000      0.000      0.000
   135.000     25.000      0.000      0.000      0.000      0.000
   140.000     25.000      0.000      0.000      0.000      0.000
   145.000     25.000      0.000      0.000      0.000      0.000
