   -25.000    -35.000      0.000      0.000      0.000      0.000
   -20.000    -35.000      0.000      0.000      0.000      0.000
   -15.000    -35.000      0.000      0.000      0.000      0.000
   -10.000    -35.000      0.000      0.000      0.000      0.000
    -5.000    -35.000      0.000      0.000      0.000      0.000
     0.000    -35.000      0.000      0.000      0.000      0.000
     5.000    -35.000      0.000      0.000      0.000      0.000
    10.000    -35.000      0.000      0.000      0.000      0.000
    15.000    -35.000      0.000      0.000      0.000      0.000
    20.000    -35.000      0.000      0.000      0.000      0.000
    25.000    -35.000      0.000      0.000      0.000      0.000
    30.000    -35.000      0.000      0.000      0.000      0.000
    35.000    -35.000      0.000      0.000      0.000      0.000
    40.000    -35.000      0.000      0.000      0.000      0.000
    45.000    -35.000      0.000      0.000      0.000      0.000
    50.000    -35.000      0.000      0.000      0.000      0.000
    55.000    -35.000      0.000      0.000      0.000      0.000
    60.000    -35.000      0.000      0.000      0.000      0.000
    65.000    -35.000      0.000      0.000      0.000      0.000
    70.000    -35.000      0.000      0.000      0.000      0.000
    75.000    -35.000      0.000      0.000      0.000      0.000
    80.000    -35.000      0.000      0.000      0.000      0.000
    85.000    -35.000      0.000      0.000      0.000      0.000
    90.000    -35.000      0.000      0.000      0.000      0.000
    95.000    -35.000      0.000      0.000      0.000      0.000
   100.000    -35.000      0.000      0.000      0.000      0.000
   105.000    -35.000      0.000      0.000      0.000      0.000
   110.000    -35.000      0.000      0.000      0.000      0.000
   115.000    -35.000      0.000      0.000      0.000      0.000
   120.000    -35.000      0.000      0.000      0.000      0.000
   125.000    -35.000      0.000      0.000      0.000      0.000
   130.000    -35.000      0.000      0.000      0.000      0.000
   135.000    -35.000      0.000      0.000      0.000      0.000
   140.000    -35.000      0.000      0.000      0.000      0.000
   145.000    -35.000      0.000      0.000      0.000      0.000
   -25.000    -30.000      0.000      0.000      0.000      0.000
   -20.000    -30.000      0.000      0.000      0.000      0.000
   -15.000    -30.000      0.000      0.000      0.000      0.000
   -10.000    -30.000      0.000      0.000      0.000      0.000
    -5.000    -30.000      0.000      0.000      0.000      0.000
     0.000    -30.000      0.000      0.000      0.000      0.000
     5.000    -30.000      0.000      0.000      0.000      0.000
    10.000    -30.000      0.000      0.000      0.000      0.000
    15.000    -30.000      0.000      0.000      0.000      0.000
    20.000    -30.000      0.000      0.000      0.000      0.000
    25.000    -30.000      0.000      0.000      0.000      0.000
    30.000    -30.000      0.000      0.000      0.000      0.000
    35.000    -30.000      0.000      0.000      0.000      0.000
    40.000    -30.000      0.000      0.000      0.000      0.000
    45.000    -30.000      0.000      0.000      0.000      0.000
    50.000    -30.000      0.000      0.000      0.000      0.000
    55.000    -30.000      0.000      0.000      0.000      0.000
    60.000    -30.000      0.000      0.000      0.000      0.000
    65.000    -30.000      0.000      0.000      0.000      0.000
    70.000    -30.000      0.000      0.000      0.000      0.000
    75.000    -30.000      0.000      0.000      0.000      0.000
    80.000    -30.000      0.000      0.000      0.000      0.000
    85.000    -30.000      0.000      0.000      0.000      0.000
    90.000    -30.000      0.000      0.000      0.000      0.000
    95.000    -30.000      0.000      0.000      0.000      0.000
   100.000    -30.000      0.000      0.000      0.000      0.000
   105.000    -30.000      0.000      0.000      0.000      0.000
   110.000    -30.000      0.000      0.000      0.000      0.000
   115.000    -30.000      0.000      0.000      0.000      0.000
   120.000    -30.000      0.000      0.000      0.000      0.000
   125.000    -30.000      0.000      0.000      0.000      0.000
   130.000    -30.000      0.000      0.000      0.000      0.000
   135.000    -30.000      0.000      0.000      0.000      0.000
   140.000    -30.000      0.000      0.000      0.000      0.000
   145.000    -30.000      0.000      0.000      0.000      0.000
   -25.000    -25.000      0.000      0.000      0.000      0.000
   -20.000    -25.000      0.000      0.000      0.000      0.000
   -15.000    -25.000      0.000      0.000      0.000      0.000
   -10.000    -25.000      0.000      0.000      0.000      0.000
    -5.000    -25.000      0.000      0.000      0.000      0.000
     0.000    -25.000      0.000      0.000      0.000      0.000
     5.000    -25.000      0.000      0.000      0.000      0.000
    10.000    -25.000      0.000      0.000      0.000      0.000
    15.000    -25.000      0.000      0.000      0.000      0.000
    20.000    -25.000      0.000      0.000      0.000      0.000
    25.000    -25.000      0.000      0.000      0.000      0.000
    30.000    -25.000      0.000      0.000      0.000      0.000
    35.000    -25.000      0.000      0.000      0.000      0.000
    40.000    -25.000      0.000      0.000      0.000      0.000
    45.000    -25.000      0.000      0.000      0.000      0.000
    50.000    -25.000      0.000      0.000      0.000      0.000
    55.000    -25.000      0.000      0.000      0.000      0.000
    60.000    -25.000      0.000      0.000      0.000      0.000
    65.000    -25.000      0.000      0.000      0.000      0.000
    70.000    -25.000      0.000      0.000      0.000      0.000
    75.000    -25.000      0.000      0.000      0.000      0.000
    80.000    -25.000      0.000      0.000      0.000      0.000
    85.000    -25.000      0.000      0.000      0.000      0.000
    90.000    -25.000      0.000      0.000      0.000      0.000
    95.000    -25.000      0.000      0.000      0.000      0.000
   100.000    -25.000      0.000      0.000      0.000      0.000
   105.000    -25.000      0.000      0.000      0.000      0.000
   110.000    -25.000      0.000      0.000      0.000      0.000
   115.000    -25.000      0.000      0.000      0.000      0.000
   120.000    -25.000      0.000      0.000      0.000      0.000
   125.000    -25.000      0.000      0.000      0.000      0.000
   130.000    -25.000      0.000      0.000      0.000      0.000
   135.000    -25.000      0.000      0.000      0.000      0.000
   140.000    -25.000      0.000      0.000      0.000      0.000
   145.000    -25.000      0.000      0.000      0.000      0.000
   -25.000    -20.000      0.000      0.000      0.000      0.000
   -20.000    -20.000      0.000      0.000      0.000      0.000
   -15.000    -20.000      0.000      0.000      0.000      0.000
   -10.000    -20.000      0.140   -124.096      0.717    -93.010
    -5.000    -20.000      0.198   -115.322      1.237   -102.579
     0.000    -20.000      0.249   -102.754      1.531   -105.389
     5.000    -20.000      0.299    -94.663      1.548   -105.071
    10.000    -20.000      0.340    -89.748      1.402   -106.877
    15.000    -20.000      0.359    -86.698      1.085   -103.232
    20.000    -20.000      0.352    -84.680      0.666    -94.600
    25.000    -20.000      0.237    -81.473      0.327    -84.041
    30.000    -20.000      0.043     71.380      0.043     71.380
    35.000    -20.000      0.000      0.000      0.000      0.000
    40.000    -20.000      0.000      0.000      0.000      0.000
    45.000    -20.000      0.000      0.000      0.000      0.000
    50.000    -20.000      0.000      0.000      0.000      0.000
    55.000    -20.000      0.000      0.000      0.000      0.000
    60.000    -20.000      0.000      0.000      0.000      0.000
    65.000    -20.000      0.000      0.000      0.000      0.000
    70.000    -20.000      0.000      0.000      0.000      0.000
    75.000    -20.000      0.000      0.000      0.000      0.000
    80.000    -20.000      0.000      0.000      0.000      0.000
    85.000    -20.000      0.000      0.000      0.000      0.000
    90.000    -20.000      0.000      0.000      0.000      0.000
    95.000    -20.000      0.000      0.000      0.000      0.000
   100.000    -20.000      0.000      0.000      0.000      0.000
   105.000    -20.000      0.000      0.000      0.000      0.000
   110.000    -20.000      0.000      0.000      0.000      0.000
   115.000    -20.000      0.000      0.000      0.000      0.000
   120.000    -20.000      0.000      0.000      0.000      0.000
   125.000    -20.000      0.000      0.000      0.000      0.000
   130.000    -20.000      0.000      0.000      0.000      0.000
   135.000    -20.000      0.000      0.000      0.000      0.000
   140.000    -20.000      0.000      0.000      0.000      0.000
   145.000    -20.000      0.000      0.000      0.000      0.000
   -25.000    -15.000      0.000      0.000      0.000      0.000
   -20.000    -15.000      0.000      0.000      0.000      0.000
   -15.000    -15.000      0.000      0.000      0.000      0.000
   -10.000    -15.000      0.078   -113.395      0.695   -110.070
    -5.000    -15.000      0.193   -118.718      1.314   -117.509
     0.000    -15.000      0.317   -115.305      1.857   -117.357
     5.000    -15.000      0.439   -109.051      2.141   -114.491
    10.000    -15.000      0.550   -103.473      2.010   -109.031
    15.000    -15.000      0.617    -99.122      1.732   -105.062
    20.000    -15.000      0.591    -95.786      1.442    -96.926
    25.000    -15.000      0.422    -92.193      0.793    -95.909
    30.000    -15.000      0.036    -93.681      0.059   -133.607
    35.000    -15.000      0.001    -15.433      0.001    -15.433
    40.000    -15.000      0.000      0.000      0.000      0.000
    45.000    -15.000      0.000      0.000      0.000      0.000
    50.000    -15.000      0.000      0.000      0.000      0.000
    55.000    -15.000      0.000      0.000      0.000      0.000
    60.000    -15.000      0.000      0.000      0.000      0.000
    65.000    -15.000      0.000      0.000      0.000      0.000
    70.000    -15.000      0.000      0.000      0.000      0.000
    75.000    -15.000      0.000      0.000      0.000      0.000
    80.000    -15.000      0.000      0.000      0.000      0.000
    85.000    -15.000      0.000      0.000      0.000      0.000
    90.000    -15.000      0.000      0.000      0.000      0.000
    95.000    -15.000      0.000      0.000      0.000      0.000
   100.000    -15.000      0.000      0.000      0.000      0.000
   105.000    -15.000      0.000      0.000      0.000      0.000
   110.000    -15.000      0.000      0.000      0.000      0.000
   115.000    -15.000      0.000      0.000      0.000      0.000
   120.000    -15.000      0.000      0.000      0.000      0.000
   125.000    -15.000      0.000      0.000      0.000      0.000
   130.000    -15.000      0.000      0.000      0.000      0.000
   135.000    -15.000      0.000      0.000      0.000      0.000
   140.000    -15.000      0.000      0.000      0.000      0.000
   145.000    -15.000      0.000      0.000      0.000      0.000
   -25.000    -10.000      0.000      0.000      0.000      0.000
   -20.000    -10.000      0.000      0.000      0.000      0.000
   -15.000    -10.000      0.000      0.000      0.000      0.000
   -10.000    -10.000      0.053    156.312      0.581   -126.635
    -5.000    -10.000      0.154   -166.593      1.355   -133.333
     0.000    -10.000      0.276   -152.037      1.840   -124.980
     5.000    -10.000      0.392   -138.601      2.137   -118.843
    10.000    -10.000      0.494   -125.371      1.999   -114.753
    15.000    -10.000      0.545   -112.291      1.431   -104.583
    20.000    -10.000      0.521    -99.860      1.307    -95.632
    25.000    -10.000      0.405    -84.562      1.065    -91.942
    30.000    -10.000      0.184    -42.855      0.250    -40.830
    35.000    -10.000      0.009     88.764      0.009     88.764
    40.000    -10.000      0.000      0.000      0.000      0.000
    45.000    -10.000      0.000      0.000      0.000      0.000
    50.000    -10.000      0.000      0.000      0.000      0.000
    55.000    -10.000      0.000      0.000      0.000      0.000
    60.000    -10.000      0.000      0.000      0.000      0.000
    65.000    -10.000      0.000      0.000      0.000      0.000
    70.000    -10.000      0.000      0.000      0.000      0.000
    75.000    -10.000      0.000      0.000      0.000      0.000
    80.000    -10.000      0.000      0.000      0.000      0.000
    85.000    -10.000      0.000      0.000      0.000      0.000
    90.000    -10.000      0.000      0.000      0.000      0.000
    95.000    -10.000      0.000      0.000      0.000      0.000
   100.000    -10.000      0.000      0.000      0.000      0.000
   105.000    -10.000      0.000      0.000      0.000      0.000
   110.000    -10.000      0.000      0.000      0.000      0.000
   115.000    -10.000      0.000      0.000      0.000      0.000
   120.000    -10.000      0.000      0.000      0.000      0.000
   125.000    -10.000      0.000      0.000      0.000      0.000
   130.000    -10.000      0.000      0.000      0.000      0.000
   135.000    -10.000      0.000      0.000      0.000      0.000
   140.000    -10.000      0.000      0.000      0.000      0.000
   145.000    -10.000      0.000      0.000      0.000      0.000
   -25.000     -5.000      0.000      0.000      0.000      0.000
   -20.000     -5.000      0.000      0.000      0.000      0.000
   -15.000     -5.000      0.000      0.000      0.000      0.000
   -10.000     -5.000      0.193    136.168      0.791   -133.542
    -5.000     -5.000      0.293    158.521      1.034   -161.356
     0.000     -5.000      0.341    175.369      0.970   -152.119
     5.000     -5.000      0.352   -166.261      1.111   -130.918
    10.000     -5.000      0.330   -148.529      1.609   -114.176
    15.000     -5.000      0.288   -127.234      1.355   -102.726
    20.000     -5.000      0.248   -102.012      0.735    -87.455
    25.000     -5.000      0.230    -68.468      0.664    -87.858
    30.000     -5.000      0.239    -32.562      0.305    -27.510
    35.000     -5.000      0.105    -57.891      0.105    -57.891
    40.000     -5.000      0.000      0.000      0.000      0.000
    45.000     -5.000      0.000      0.000      0.000      0.000
    50.000     -5.000      0.000      0.000      0.000      0.000
    55.000     -5.000      0.000      0.000      0.000      0.000
    60.000     -5.000      0.000      0.000      0.000      0.000
    65.000     -5.000      0.000      0.000      0.000      0.000
    70.000     -5.000      0.000      0.000      0.000      0.000
    75.000     -5.000      0.000      0.000      0.000      0.000
    80.000     -5.000      0.000      0.000      0.000      0.000
    85.000     -5.000      0.000      0.000      0.000      0.000
    90.000     -5.000      0.000      0.000      0.000      0.000
    95.000     -5.000      0.000      0.000      0.000      0.000
   100.000     -5.000      0.000      0.000      0.000      0.000
   105.000     -5.000      0.000      0.000      0.000      0.000
   110.000     -5.000      0.000      0.000      0.000      0.000
   115.000     -5.000      0.000      0.000      0.000      0.000
   120.000     -5.000      0.000      0.000      0.000      0.000
   125.000     -5.000      0.000      0.000      0.000      0.000
   130.000     -5.000      0.000      0.000      0.000      0.000
   135.000     -5.000      0.000      0.000      0.000      0.000
   140.000     -5.000      0.000      0.000      0.000      0.000
   145.000     -5.000      0.000      0.000      0.000      0.000
   -25.000      0.000      0.000      0.000      0.000      0.000
   -20.000      0.000      0.000      0.000      0.000      0.000
   -15.000      0.000      0.000      0.000      0.000      0.000
   -10.000      0.000      0.223    160.607      0.623    177.176
    -5.000      0.000      0.332    165.078      0.640   -179.125
     0.000      0.000      0.333    172.856      0.371    160.075
     5.000      0.000      0.286   -175.804      0.144   -153.110
    10.000      0.000      0.210   -159.644      0.786    -96.397
    15.000      0.000      0.110   -145.567      1.143    -94.788
    20.000      0.000      0.024   -117.786      0.549    -75.459
    25.000      0.000      0.035    -16.003      0.036     62.802
    30.000      0.000      0.071    -58.643      0.090    -50.877
    35.000      0.000      0.069    -83.996      0.069    -83.996
    40.000      0.000      0.000      0.000      0.000      0.000
    45.000      0.000      0.000      0.000      0.000      0.000
    50.000      0.000      0.000      0.000      0.000      0.000
    55.000      0.000      0.000      0.000      0.000      0.000
    60.000      0.000      0.000      0.000      0.000      0.000
    65.000      0.000      0.000      0.000      0.000      0.000
    70.000      0.000      0.000      0.000      0.000      0.000
    75.000      0.000      0.000      0.000      0.000      0.000
    80.000      0.000      0.000      0.000      0.000      0.000
    85.000      0.000      0.000      0.000      0.000      0.000
    90.000      0.000      0.000      0.000      0.000      0.000
    95.000      0.000      0.000      0.000      0.000      0.000
   100.000      0.000      0.000      0.000      0.000      0.000
   105.000      0.000      0.000      0.000      0.000      0.000
   110.000      0.000      0.000      0.000      0.000      0.000
   115.000      0.000      0.000      0.000      0.000      0.000
   120.000      0.000      0.000      0.000      0.000      0.000
   125.000      0.000      0.000      0.000      0.000      0.000
   130.000      0.000      0.000      0.000      0.000      0.000
   135.000      0.000      0.000      0.000      0.000      0.000
   140.000      0.000      0.000      0.000      0.000      0.000
   145.000      0.000      0.000      0.000      0.000      0.000
   -25.000      5.000      0.000      0.000      0.000      0.000
   -20.000      5.000      0.000      0.000      0.000      0.000
   -15.000      5.000      0.000      0.000      0.000      0.000
   -10.000      5.000      0.172   -177.623      0.406    167.030
    -5.000      5.000      0.249    178.060      0.487     79.831
     0.000      5.000      0.244   -178.874      0.868     48.726
     5.000      5.000      0.197   -161.071      0.691     21.796
    10.000      5.000      0.155   -134.513      0.829    -76.401
    15.000      5.000      0.122   -113.760      1.612    -97.216
    20.000      5.000      0.086   -115.740      1.148    -91.190
    25.000      5.000      0.084   -166.663      0.097    -31.428
    30.000      5.000      0.197   -158.900      0.273   -163.221
    35.000      5.000      0.057   -109.066      0.057   -109.066
    40.000      5.000      0.000      0.000      0.000      0.000
    45.000      5.000      0.000      0.000      0.000      0.000
    50.000      5.000      0.000      0.000      0.000      0.000
    55.000      5.000      0.000      0.000      0.000      0.000
    60.000      5.000      0.000      0.000      0.000      0.000
    65.000      5.000      0.000      0.000      0.000      0.000
    70.000      5.000      0.000      0.000      0.000      0.000
    75.000      5.000      0.000      0.000      0.000      0.000
    80.000      5.000      0.000      0.000      0.000      0.000
    85.000      5.000      0.000      0.000      0.000      0.000
    90.000      5.000      0.000      0.000      0.000      0.000
    95.000      5.000      0.000      0.000      0.000      0.000
   100.000      5.000      0.000      0.000      0.000      0.000
   105.000      5.000      0.000      0.000      0.000      0.000
   110.000      5.000      0.000      0.000      0.000      0.000
   115.000      5.000      0.000      0.000      0.000      0.000
   120.000      5.000      0.000      0.000      0.000      0.000
   125.000      5.000      0.000      0.000      0.000      0.000
   130.000      5.000      0.000      0.000      0.000      0.000
   135.000      5.000      0.000      0.000      0.000      0.000
   140.000      5.000      0.000      0.000      0.000      0.000
   145.000      5.000      0.000      0.000      0.000      0.000
   -25.000     10.000      0.000      0.000      0.000      0.000
   -20.000     10.000      0.000      0.000      0.000      0.000
   -15.000     10.000      0.000      0.000      0.000      0.000
   -10.000     10.000      0.092   -156.812      0.406    166.320
    -5.000     10.000      0.150   -160.578      0.599     79.538
     0.000     10.000      0.176   -140.339      0.970     52.010
     5.000     10.000      0.213   -113.777      0.821     22.362
    10.000     10.000      0.284    -97.254      0.980    -52.876
    15.000     10.000      0.315    -92.355      1.449    -79.272
    20.000     10.000      0.266    -94.096      1.140    -86.880
    25.000     10.000      0.184   -100.638      0.144    -74.556
    30.000     10.000      0.198    -99.372      0.253    -95.347
    35.000     10.000      0.093    -94.094      0.093    -94.094
    40.000     10.000      0.000      0.000      0.000      0.000
    45.000     10.000      0.000      0.000      0.000      0.000
    50.000     10.000      0.000      0.000      0.000      0.000
    55.000     10.000      0.000      0.000      0.000      0.000
    60.000     10.000      0.000      0.000      0.000      0.000
    65.000     10.000      0.000      0.000      0.000      0.000
    70.000     10.000      0.000      0.000      0.000      0.000
    75.000     10.000      0.000      0.000      0.000      0.000
    80.000     10.000      0.000      0.000      0.000      0.000
    85.000     10.000      0.000      0.000      0.000      0.000
    90.000     10.000      0.000      0.000      0.000      0.000
    95.000     10.000      0.000      0.000      0.000      0.000
   100.000     10.000      0.000      0.000      0.000      0.000
   105.000     10.000      0.000      0.000      0.000      0.000
   110.000     10.000      0.000      0.000      0.000      0.000
   115.000     10.000      0.000      0.000      0.000      0.000
   120.000     10.000      0.000      0.000      0.000      0.000
   125.000     10.000      0.000      0.000      0.000      0.000
   130.000     10.000      0.000      0.000      0.000      0.000
   135.000     10.000      0.000      0.000      0.000      0.000
   140.000     10.000      0.000      0.000      0.000      0.000
   145.000     10.000      0.000      0.000      0.000      0.000
   -25.000     15.000      0.000      0.000      0.000      0.000
   -20.000     15.000      0.000      0.000      0.000      0.000
   -15.000     15.000      0.000      0.000      0.000      0.000
   -10.000     15.000      0.091   -179.355      0.674   -141.383
    -5.000     15.000      0.147   -135.579      0.332   -175.424
     0.000     15.000      0.248   -104.198      0.098    -47.200
     5.000     15.000      0.355    -87.345      0.685    -53.217
    10.000     15.000      0.441    -79.211      1.513    -72.152
    15.000     15.000      0.443    -78.687      1.428    -67.594
    20.000     15.000      0.307    -85.820      1.078    -80.223
    25.000     15.000      0.089   -120.087      0.171   -104.031
    30.000     15.000      0.081    113.418      0.137    100.610
    35.000     15.000      0.008    -78.091      0.008    -78.091
    40.000     15.000      0.000      0.000      0.000      0.000
    45.000     15.000      0.000      0.000      0.000      0.000
    50.000     15.000      0.000      0.000      0.000      0.000
    55.000     15.000      0.000      0.000      0.000      0.000
    60.000     15.000      0.000      0.000      0.000      0.000
    65.000     15.000      0.000      0.000      0.000      0.000
    70.000     15.000      0.000      0.000      0.000      0.000
    75.000     15.000      0.000      0.000      0.000      0.000
    80.000     15.000      0.000      0.000      0.000      0.000
    85.000     15.000      0.000      0.000      0.000      0.000
    90.000     15.000      0.000      0.000      0.000      0.000
    95.000     15.000      0.000      0.000      0.000      0.000
   100.000     15.000      0.000      0.000      0.000      0.000
   105.000     15.000      0.000      0.000      0.000      0.000
   110.000     15.000      0.000      0.000      0.000      0.000
   115.000     15.000      0.000      0.000      0.000      0.000
   120.000     15.000      0.000      0.000      0.000      0.000
   125.000     15.000      0.000      0.000      0.000      0.000
   130.000     15.000      0.000      0.000      0.000      0.000
   135.000     15.000      0.000      0.000      0.000      0.000
   140.000     15.000      0.000      0.000      0.000      0.000
   145.000     15.000      0.000      0.000      0.000      0.000
   -25.000     20.000      0.000      0.000      0.000      0.000
   -20.000     20.000      0.000      0.000      0.000      0.000
   -15.000     20.000      0.000      0.000      0.000      0.000
   -10.000     20.000      0.139   -177.851      0.791   -127.521
    -5.000     20.000      0.202   -148.233      0.911   -125.494
     0.000     20.000      0.261   -116.374      0.942   -107.136
     5.000     20.000      0.343    -89.522      1.228    -88.209
    10.000     20.000      0.437    -73.373      1.396    -77.450
    15.000     20.000      0.461    -67.708      1.198    -60.874
    20.000     20.000      0.302    -69.341      0.766    -69.022
    25.000     20.000      0.038    -74.718      0.064    -61.091
    30.000     20.000      0.067     99.692      0.067     99.692
    35.000     20.000      0.000      0.000      0.000      0.000
    40.000     20.000      0.000      0.000      0.000      0.000
    45.000     20.000      0.000      0.000      0.000      0.000
    50.000     20.000      0.000      0.000      0.000      0.000
    55.000     20.000      0.000      0.000      0.000      0.000
    60.000     20.000      0.000      0.000      0.000      0.000
    65.000     20.000      0.000      0.000      0.000      0.000
    70.000     20.000      0.000      0.000      0.000      0.000
    75.000     20.000      0.000      0.000      0.000      0.000
    80.000     20.000      0.000      0.000      0.000      0.000
    85.000     20.000      0.000      0.000      0.000      0.000
    90.000     20.000      0.000      0.000      0.000      0.000
    95.000     20.000      0.000      0.000      0.000      0.000
   100.000     20.000      0.000      0.000      0.000      0.000
   105.000     20.000      0.000      0.000      0.000      0.000
   110.000     20.000      0.000      0.000      0.000      0.000
   115.000     20.000      0.000      0.000      0.000      0.000
   120.000     20.000      0.000      0.000      0.000      0.000
   125.000     20.000      0.000      0.000      0.000      0.000
   130.000     20.000      0.000      0.000      0.000      0.000
   135.000     20.000      0.000      0.000      0.000      0.000
   140.000     20.000      0.000      0.000      0.000      0.000
   145.000     20.000      0.000      0.000      0.000      0.000
   -25.000     25.000      0.000      0.000      0.000      0.000
   -20.000     25.000      0.000      0.000      0.000      0.000
   -15.000     25.000      0.000      0.000      0.000      0.000
   -10.000     25.000      0.131   -173.213      0.241    162.402
    -5.000     25.000      0.175   -158.738      0.367   -169.019
     0.000     25.000      0.160   -138.564      0.383   -146.121
     5.000     25.000      0.160    -92.362      0.361   -109.981
    10.000     25.000      0.242    -58.075      0.494    -70.148
    15.000     25.000      0.299    -46.364      0.558    -46.864
    20.000     25.000      0.180    -40.433      0.237    -44.752
    25.000     25.000      0.070     46.959      0.070     46.959
    30.000     25.000      0.003    165.468      0.003    165.468
    35.000     25.000      0.000      0.000      0.000      0.000
    40.000     25.000      0.000      0.000      0.000      0.000
    45.000     25.000      0.000      0.000      0.000      0.000
    50.000     25.000      0.000      0.000      0.000      0.000
    55.000     25.000      0.000      0.000      0.000      0.000
    60.000     25.000      0.000      0.000      0.000      0.000
    65.000     25.000      0.000      0.000      0.000      0.000
    70.000     25.000      0.000      0.000      0.000      0.000
    75.000     25.000      0.000      0.000      0.000      0.000
    80.000     25.000      0.000      0.000      0.000      0.000
    85.000     25.000      0.000      0.000      0.000      0.000
    90.000     25.000      0.000      0.000      0.000      0.000
    95.000     25.000      0.000      0.000      0.000      0.000
   100.000     25.000      0.000      0.000      0.000      0.000
   105.000     25.000      0.000      0.000      0.000      0.000
   110.000     25.000      0.000      0.000      0.000      0.000
   115.000     25.000      0.000      0.000      0.000      0.000
   120.000     25.000      0.000      0.000      0.000      0.000
   125.000     25.000      0.000      0.000      0.000      0.000
   130.000     25.000      0.000      0.000      0.000      0.000
   135.000     25.000      0.000      0.000      0.000      0.000
   140.000     25.000      0.000      0.000      0.000      0.000
   145.000     25.000      0.000      0.000      0.000      0.000
   -25.000     30.000      0.000      0.000      0.000      0.000
   -20.000     30.000      0.000      0.000      0.000      0.000
   -15.000     30.000      0.000      0.000      0.000      0.000
   -10.000     30.000      0.076   -136.685      0.078   -137.149
    -5.000     30.000      0.129   -144.685      0.151   -150.892
     0.000     30.000      0.093   -151.237      0.120   -166.946
     5.000     30.000      0.028    -78.495      0.011   -148.707
    10.000     30.000      0.131    -17.783      0.157    -11.988
    15.000     30.000      0.180    -11.618      0.228    -13.442
    20.000     30.000      0.056     -3.133      0.056     -3.133
    25.000     30.000      0.004     48.669      0.004     48.669
    30.000     30.000      0.000      0.000      0.000      0.000
    35.000     30.000      0.000      0.000      0.000      0.000
    40.000     30.000      0.000      0.000      0.000      0.000
    45.000     30.000      0.000      0.000      0.000      0.000
    50.000     30.000      0.000      0.000      0.000      0.000
    55.000     30.000      0.000      0.000      0.000      0.000
    60.000     30.000      0.000      0.000      0.000      0.000
    65.000     30.000      0.000      0.000      0.000      0.000
    70.000     30.000      0.000      0.000      0.000      0.000
    75.000     30.000      0.000      0.000      0.000      0.000
    80.000     30.000      0.000      0.000      0.000      0.000
    85.000     30.000      0.000      0.000      0.000      0.000
    90.000     30.000      0.000      0.000      0.000      0.000
    95.000     30.000      0.000      0.000      0.000      0.000
   100.000     30.000      0.000      0.000      0.000      0.000
   105.000     30.000      0.000      0.000      0.000      0.000
   110.000     30.000      0.000      0.000      0.000      0.000
   115.000     30.000      0.000      0.000      0.000      0.000
   120.000     30.000      0.000      0.000      0.000      0.000
   125.000     30.000      0.000      0.000      0.000      0.000
   130.000     30.000      0.000      0.000      0.000      0.000
   135.000     30.000      0.000      0.000      0.000      0.000
   140.000     30.000      0.000      0.000      0.000      0.000
   145.000     30.000      0.000      0.000      0.000      0.000
   -25.000     35.000      0.000      0.000      0.000      0.000
   -20.000     35.000      0.000      0.000      0.000      0.000
   -15.000     35.000      0.000      0.000      0.000      0.000
   -10.000     35.000      0.049    151.119      0.049    151.119
    -5.000     35.000      0.020   -174.611      0.020   -174.611
     0.000     35.000      0.058    -63.810      0.058    -63.810
     5.000     35.000      0.083    -60.116      0.083    -60.116
    10.000     35.000      0.088    -72.672      0.088    -72.672
    15.000     35.000      0.004    -17.452      0.004    -17.452
    20.000     35.000      0.000      0.000      0.000      0.000
    25.000     35.000      0.000      0.000      0.000      0.000
    30.000     35.000      0.000      0.000      0.000      0.000
    35.000     35.000      0.000      0.000      0.000      0.000
    40.000     35.000      0.000      0.000      0.000      0.000
    45.000     35.000      0.000      0.000      0.000      0.000
    50.000     35.000      0.000      0.000      0.000      0.000
    55.000     35.000      0.000      0.000      0.000      0.000
    60.000     35.000      0.000      0.000      0.000      0.000
    65.000     35.000      0.000      0.000      0.000      0.000
    70.000     35.000      0.000      0.000      0.000      0.000
    75.000     35.000      0.000      0.000      0.000      0.000
    80.000     35.000      0.000      0.000      0.000      0.000
    85.000     35.000      0.000      0.000      0.000      0.000
    90.000     35.000      0.000      0.000      0.000      0.000
    95.000     35.000      0.000      0.000      0.000      0.000
   100.000     35.000      0.000      0.000      0.000      0.000
   105.000     35.000      0.000      0.000      0.000      0.000
   110.000     35.000      0.000      0.000      0.000      0.000
   115.000     35.000      0.000      0.000      0.000      0.000
   120.000     35.000      0.000      0.000      0.000      0.000
   125.000     35.000      0.000      0.000      0.000      0.000
   130.000     35.000      0.000      0.000      0.000      0.000
   135.000     35.000      0.000      0.000      0.000      0.000
   140.000     35.000      0.000      0.000      0.000      0.000
   145.000     35.000      0.000      0.000      0.000      0.000
   -25.000     40.000      0.000      0.000      0.000      0.000
   -20.000     40.000      0.000      0.000      0.000      0.000
   -15.000     40.000      0.000      0.000      0.000      0.000
   -10.000     40.000      0.000      0.000      0.000      0.000
    -5.000     40.000      0.000      0.000      0.000      0.000
     0.000     40.000      0.000      0.000      0.000      0.000
     5.000     40.000      0.000      0.000      0.000      0.000
    10.000     40.000      0.000      0.000      0.000      0.000
    15.000     40.000      0.000      0.000      0.000      0.000
    20.000     40.000      0.000      0.000      0.000      0.000
    25.000     40.000      0.000      0.000      0.000      0.000
    30.000     40.000      0.000      0.000      0.000      0.000
    35.000     40.000      0.000      0.000      0.000      0.000
    40.000     40.000      0.000      0.000      0.000      0.000
    45.000     40.000      0.000      0.000      0.000      0.000
    50.000     40.000      0.000      0.000      0.000      0.000
    55.000     40.000      0.000      0.000      0.000      0.000
    60.000     40.000      0.000      0.000      0.000      0.000
    65.000     40.000      0.000      0.000      0.000      0.000
    70.000     40.000      0.000      0.000      0.000      0.000
    75.000     40.000      0.000      0.000      0.000      0.000
    80.000     40.000      0.000      0.000      0.000      0.000
    85.000     40.000      0.000      0.000      0.000      0.000
    90.000     40.000      0.000      0.000      0.000      0.000
    95.000     40.000      0.000      0.000      0.000      0.000
   100.000     40.000      0.000      0.000      0.000      0.000
   105.000     40.000      0.000      0.000      0.000      0.000
   110.000     40.000      0.000      0.000      0.000      0.000
   115.000     40.000      0.000      0.000      0.000      0.000
   120.000     40.000      0.000      0.000      0.000      0.000
   125.000     40.000      0.000      0.000      0.000      0.000
   130.000     40.000      0.000      0.000      0.000      0.000
   135.000     40.000      0.000      0.000      0.000      0.000
   140.000     40.000      0.000      0.000      0.000      0.000
   145.000     40.000      0.000      0.000      0.000      0.000
   -25.000     45.000      0.000      0.000      0.000      0.000
   -20.000     45.000      0.000      0.000      0.000      0.000
   -15.000     45.000      0.000      0.000      0.000      0.000
   -10.000     45.000      0.000      0.000      0.000      0.000
    -5.000     45.000      0.000      0.000      0.000      0.000
     0.000     45.000      0.000      0.000      0.000      0.000
     5.000     45.000      0.000      0.000      0.000      0.000
    10.000     45.000      0.000      0.000      0.000      0.000
    15.000     45.000      0.000      0.000      0.000      0.000
    20.000     45.000      0.000      0.000      0.000      0.000
    25.000     45.000      0.000      0.000      0.000      0.000
    30.000     45.000      0.000      0.000      0.000      0.000
    35.000     45.000      0.000      0.000      0.000      0.000
    40.000     45.000      0.000      0.000      0.000      0.000
    45.000     45.000      0.000      0.000      0.000      0.000
    50.000     45.000      0.000      0.000      0.000      0.000
    55.000     45.000      0.000      0.000      0.000      0.000
    60.000     45.000      0.000      0.000      0.000      0.000
    65.000     45.000      0.000      0.000      0.000      0.000
    70.000     45.000      0.000      0.000      0.000      0.000
    75.000     45.000      0.000      0.000      0.000      0.000
    80.000     45.000      0.000      0.000      0.000      0.000
    85.000     45.000      0.000      0.000      0.000      0.000
    90.000     45.000      0.000      0.000      0.000      0.000
    95.000     45.000      0.000      0.000      0.000      0.000
   100.000     45.000      0.000      0.000      0.000      0.000
   105.000     45.000      0.000      0.000      0.000      0.000
   110.000     45.000      0.000      0.000      0.000      0.000
   115.000     45.000      0.000      0.000      0.000      0.000
   120.000     45.000      0.000      0.000      0.000      0.000
   125.000     45.000      0.000      0.000      0.000      0.000
   130.000     45.000      0.000      0.000      0.000      0.000
   135.000     45.000      0.000      0.000      0.000      0.000
   140.000     45.000      0.000      0.000      0.000      0.000
   145.000     45.000      0.000      0.000      0.000      0.000
   -25.000     50.000      0.000      0.000      0.000      0.000
   -20.000     50.000      0.000      0.000      0.000      0.000
   -15.000     50.000      0.000      0.000      0.000      0.000
   -10.000     50.000      0.000      0.000      0.000      0.000
    -5.000     50.000      0.000      0.000      0.000      0.000
     0.000     50.000      0.000      0.000      0.000      0.000
     5.000     50.000      0.000      0.000      0.000      0.000
    10.000     50.000      0.000      0.000      0.000      0.000
    15.000     50.000      0.000      0.000      0.000      0.000
    20.000     50.000      0.000      0.000      0.000      0.000
    25.000     50.000      0.000      0.000      0.000      0.000
    30.000     50.000      0.000      0.000      0.000      0.000
    35.000     50.000      0.000      0.000      0.000      0.000
    40.000     50.000      0.000      0.000      0.000      0.000
    45.000     50.000      0.000      0.000      0.000      0.000
    50.000     50.000      0.000      0.000      0.000      0.000
    55.000     50.000      0.000      0.000      0.000      0.000
    60.000     50.000      0.000      0.000      0.000      0.000
    65.000     50.000      0.000      0.000      0.000      0.000
    70.000     50.000      0.000      0.000      0.000      0.000
    75.000     50.000      0.000      0.000      0.000      0.000
    80.000     50.000      0.000      0.000      0.000      0.000
    85.000     50.000      0.000      0.000      0.000      0.000
    90.000     50.000      0.000      0.000      0.000      0.000
    95.000     50.000      0.000      0.000      0.000      0.000
   100.000     50.000      0.000      0.000      0.000      0.000
   105.000     50.000      0.000      0.000      0.000      0.000
   110.000     50.000      0.000      0.000      0.000      0.000
   115.000     50.000      0.000      0.000      0.000      0.000
   120.000     50.000      0.000      0.000      0.000      0.000
   125.000     50.000      0.000      0.000      0.000      0.000
   130.000     50.000      0.000      0.000      0.000      0.000
   135.000     50.000      0.000      0.000      0.000      0.000
   140.000     50.000      0.000      0.000      0.000      0.000
   145.000     50.000      0.000      0.000      0.000      0.000
   -25.000     55.000      0.000      0.000      0.000      0.000
   -20.000     55.000      0.000      0.000      0.000      0.000
   -15.000     55.000      0.000      0.000      0.000      0.000
   -10.000     55.000      0.000      0.000      0.000      0.000
    -5.000     55.000      0.000      0.000      0.000      0.000
     0.000     55.000      0.000      0.000      0.000      0.000
     5.000     55.000      0.000      0.000      0.000      0.000
    10.000     55.000      0.000      0.000      0.000      0.000
    15.000     55.000      0.000      0.000      0.000      0.000
    20.000     55.000      0.000      0.000      0.000      0.000
    25.000     55.000      0.000      0.000      0.000      0.000
    30.000     55.000      0.000      0.000      0.000      0.000
    35.000     55.000      0.000      0.000      0.000      0.000
    40.000     55.000      0.000      0.000      0.000      0.000
    45.000     55.000      0.000      0.000      0.000      0.000
    50.000     55.000      0.000      0.000      0.000      0.000
    55.000     55.000      0.000      0.000      0.000      0.000
    60.000     55.000      0.000      0.000      0.000      0.000
    65.000     55.000      0.000      0.000      0.000      0.000
    70.000     55.000      0.000      0.000      0.000      0.000
    75.000     55.000      0.000      0.000      0.000      0.000
    80.000     55.000      0.000      0.000      0.000      0.000
    85.000     55.000      0.000      0.000      0.000      0.000
    90.000     55.000      0.000      0.000      0.000      0.000
    95.000     55.000      0.000      0.000      0.000      0.000
   100.000     55.000      0.000      0.000      0.000      0.000
   105.000     55.000      0.000      0.000      0.000      0.000
   110.000     55.000      0.000      0.000      0.000      0.000
   115.000     55.000      0.000      0.000      0.000      0.000
   120.000     55.000      0.000      0.000      0.000      0.000
   125.000     55.000      0.000      0.000      0.000      0.000
   130.000     55.000      0.000      0.000      0.000      0.000
   135.000     55.000      0.000      0.000      0.000      0.000
   140.000     55.000      0.000      0.000      0.000      0.000
   145.000     55.000      0.000      0.000      0.000      0.000
