   -25.000    -15.000      0.000      0.000      0.000      0.000
   -20.000    -15.000      0.000      0.000      0.000      0.000
   -15.000    -15.000      0.000      0.000      0.000      0.000
   -10.000    -15.000      0.000      0.000      0.000      0.000
    -5.000    -15.000      0.000      0.000      0.000      0.000
     0.000    -15.000      0.000      0.000      0.000      0.000
     5.000    -15.000      0.000      0.000      0.000      0.000
    10.000    -15.000      0.000      0.000      0.000      0.000
    15.000    -15.000      0.000      0.000      0.000      0.000
    20.000    -15.000      0.000      0.000      0.000      0.000
    25.000    -15.000      0.000      0.000      0.000      0.000
    30.000    -15.000      0.000      0.000      0.000      0.000
    35.000    -15.000      0.000      0.000      0.000      0.000
    40.000    -15.000      0.000      0.000      0.000      0.000
    45.000    -15.000      0.000      0.000      0.000      0.000
    50.000    -15.000      0.000      0.000      0.000      0.000
    55.000    -15.000      0.000      0.000      0.000      0.000
    60.000    -15.000      0.000      0.000      0.000      0.000
    65.000    -15.000      0.000      0.000      0.000      0.000
    70.000    -15.000      0.000      0.000      0.000      0.000
    75.000    -15.000      0.000      0.000      0.000      0.000
    80.000    -15.000      0.000      0.000      0.000      0.000
    85.000    -15.000      0.000      0.000      0.000      0.000
    90.000    -15.000      0.000      0.000      0.000      0.000
    95.000    -15.000      0.000      0.000      0.000      0.000
   100.000    -15.000      0.000      0.000      0.000      0.000
   105.000    -15.000      0.000      0.000      0.000      0.000
   110.000    -15.000      0.000      0.000      0.000      0.000
   115.000    -15.000      0.000      0.000      0.000      0.000
   120.000    -15.000      0.000      0.000      0.000      0.000
   125.000    -15.000      0.000      0.000      0.000      0.000
   130.000    -15.000      0.000      0.000      0.000      0.000
   135.000    -15.000      0.000      0.000      0.000      0.000
   140.000    -15.000      0.000      0.000      0.000      0.000
   145.000    -15.000      0.000      0.000      0.000      0.000
   -25.000    -10.000      0.000      0.000      0.000      0.000
   -20.000    -10.000      0.000      0.000      0.000      0.000
   -15.000    -10.000      0.000      0.000      0.000      0.000
   -10.000    -10.000      0.000      0.000      0.000      0.000
    -5.000    -10.000      0.000      0.000      0.000      0.000
     0.000    -10.000      0.000      0.000      0.000      0.000
     5.000    -10.000      0.000      0.000      0.000      0.000
    10.000    -10.000      0.000      0.000      0.000      0.000
    15.000    -10.000      0.000      0.000      0.000      0.000
    20.000    -10.000      0.000      0.000      0.000      0.000
    25.000    -10.000      0.000      0.000      0.000      0.000
    30.000    -10.000      0.000      0.000      0.000      0.000
    35.000    -10.000      0.000      0.000      0.000      0.000
    40.000    -10.000      0.000      0.000      0.000      0.000
    45.000    -10.000      0.000      0.000      0.000      0.000
    50.000    -10.000      0.000      0.000      0.000      0.000
    55.000    -10.000      0.000      0.000      0.000      0.000
    60.000    -10.000      0.000      0.000      0.000      0.000
    65.000    -10.000      0.000      0.000      0.000      0.000
    70.000    -10.000      0.000      0.000      0.000      0.000
    75.000    -10.000      0.000      0.000      0.000      0.000
    80.000    -10.000      0.000      0.000      0.000      0.000
    85.000    -10.000      0.000      0.000      0.000      0.000
    90.000    -10.000      0.000      0.000      0.000      0.000
    95.000    -10.000      0.000      0.000      0.000      0.000
   100.000    -10.000      0.000      0.000      0.000      0.000
   105.000    -10.000      0.000      0.000      0.000      0.000
   110.000    -10.000      0.000      0.000      0.000      0.000
   115.000    -10.000      0.000      0.000      0.000      0.000
   120.000    -10.000      0.000      0.000      0.000      0.000
   125.000    -10.000      0.000      0.000      0.000      0.000
   130.000    -10.000      0.000      0.000      0.000      0.000
   135.000    -10.000      0.000      0.000      0.000      0.000
   140.000    -10.000      0.000      0.000      0.000      0.000
   145.000    -10.000      0.000      0.000      0.000      0.000
   -25.000     -5.000      0.000      0.000      0.000      0.000
   -20.000     -5.000      0.000      0.000      0.000      0.000
   -15.000     -5.000      0.000      0.000      0.000      0.000
   -10.000     -5.000      0.000      0.000      0.000      0.000
    -5.000     -5.000      0.000      0.000      0.000      0.000
     0.000     -5.000      0.000      0.000      0.000      0.000
     5.000     -5.000      0.000      0.000      0.000      0.000
    10.000     -5.000      0.000      0.000      0.000      0.000
    15.000     -5.000      0.000      0.000      0.000      0.000
    20.000     -5.000      0.000      0.000      0.000      0.000
    25.000     -5.000      0.000      0.000      0.000      0.000
    30.000     -5.000      0.000      0.000      0.000      0.000
    35.000     -5.000      0.000      0.000      0.000      0.000
    40.000     -5.000      0.000      0.000      0.000      0.000
    45.000     -5.000      0.000      0.000      0.000      0.000
    50.000     -5.000      0.000      0.000      0.000      0.000
    55.000     -5.000      0.000      0.000      0.000      0.000
    60.000     -5.000      0.000      0.000      0.000      0.000
    65.000     -5.000      0.000      0.000      0.000      0.000
    70.000     -5.000      0.000      0.000      0.000      0.000
    75.000     -5.000      0.000      0.000      0.000      0.000
    80.000     -5.000      0.000      0.000      0.000      0.000
    85.000     -5.000      0.000      0.000      0.000      0.000
    90.000     -5.000      0.000      0.000      0.000      0.000
    95.000     -5.000      0.000      0.000      0.000      0.000
   100.000     -5.000      0.000      0.000      0.000      0.000
   105.000     -5.000      0.000      0.000      0.000      0.000
   110.000     -5.000      0.000      0.000      0.000      0.000
   115.000     -5.000      0.000      0.000      0.000      0.000
   120.000     -5.000      0.000      0.000      0.000      0.000
   125.000     -5.000      0.000      0.000      0.000      0.000
   130.000     -5.000      0.000      0.000      0.000      0.000
   135.000     -5.000      0.000      0.000      0.000      0.000
   140.000     -5.000      0.000      0.000      0.000      0.000
   145.000     -5.000      0.000      0.000      0.000      0.000
   -25.000      0.000      0.000      0.000      0.000      0.000
   -20.000      0.000      0.000      0.000      0.000      0.000
   -15.000      0.000      0.000      0.000      0.000      0.000
   -10.000      0.000      0.000      0.000      0.518    -32.800
    -5.000      0.000      0.000      0.000      1.219    -73.463
     0.000      0.000      0.000      0.000      2.067    -80.786
     5.000      0.000      0.000      0.000      2.766    -80.382
    10.000      0.000      0.000      0.000      2.939    -75.004
    15.000      0.000      0.000      0.000      3.025    -67.088
    20.000      0.000      0.000      0.000      3.194    -61.930
    25.000      0.000      0.000      0.000      3.212    -63.217
    30.000      0.000      0.000      0.000      3.461    -72.356
    35.000      0.000      0.000      0.000      4.074    -81.411
    40.000      0.000      0.024     50.031      4.738    -80.232
    45.000      0.000      0.043     38.613      4.579    -77.355
    50.000      0.000      0.042     36.375      4.098    -73.065
    55.000      0.000      0.043     36.737      3.993    -72.321
    60.000      0.000      0.043     28.180      3.936    -75.445
    65.000      0.000      0.049      9.830      3.463    -73.075
    70.000      0.000      0.065      4.302      3.017    -62.762
    75.000      0.000      0.082      5.701      2.886    -59.843
    80.000      0.000      0.102      7.282      2.949    -56.866
    85.000      0.000      0.119      4.676      2.850    -47.716
    90.000      0.000      0.134      1.822      2.712    -39.467
    95.000      0.000      0.149      2.838      2.715    -30.927
   100.000      0.000      0.155      6.963      2.650    -29.291
   105.000      0.000      0.155     12.559      2.425    -30.765
   110.000      0.000      0.150     21.189      1.975    -33.844
   115.000      0.000      0.134     28.434      1.264    -17.578
   120.000      0.000      0.109     33.433      0.790      0.595
   125.000      0.000      0.079     34.559      0.509     20.039
   130.000      0.000      0.041     36.351      0.373     59.745
   135.000      0.000      0.000      0.000      0.000      0.000
   140.000      0.000      0.000      0.000      0.000      0.000
   145.000      0.000      0.000      0.000      0.000      0.000
   -25.000      5.000      0.000      0.000      0.000      0.000
   -20.000      5.000      0.000      0.000      0.000      0.000
   -15.000      5.000      0.000      0.000      0.000      0.000
   -10.000      5.000      0.000      0.000      1.123    -61.504
    -5.000      5.000      0.000      0.000      2.353    -80.680
     0.000      5.000      0.000      0.000      4.021    -85.613
     5.000      5.000      0.000      0.000      5.459    -85.123
    10.000      5.000      0.000      0.000      6.039    -80.896
    15.000      5.000      0.000      0.000      6.169    -73.749
    20.000      5.000      0.000      0.000      6.066    -71.365
    25.000      5.000      0.000      0.000      6.192    -70.040
    30.000      5.000      0.000      0.000      6.809    -76.372
    35.000      5.000      0.000      0.000      7.628    -80.503
    40.000      5.000      0.007    -52.125      8.713    -82.781
    45.000      5.000      0.058      0.904      8.297    -80.562
    50.000      5.000      0.070     -9.572      7.501    -75.886
    55.000      5.000      0.084    -16.480      7.142    -74.531
    60.000      5.000      0.100    -17.845      6.849    -75.232
    65.000      5.000      0.124    -13.413      6.381    -73.828
    70.000      5.000      0.151     -9.581      5.427    -64.179
    75.000      5.000      0.175     -7.683      5.162    -57.532
    80.000      5.000      0.197     -5.914      5.068    -53.347
    85.000      5.000      0.216     -1.725      4.927    -46.541
    90.000      5.000      0.235      4.064      4.708    -38.361
    95.000      5.000      0.256      9.584      4.662    -27.928
   100.000      5.000      0.269     12.110      4.753    -29.226
   105.000      5.000      0.278     13.135      4.223    -28.106
   110.000      5.000      0.282     14.563      3.242    -24.770
   115.000      5.000      0.274     16.554      2.316     -6.577
   120.000      5.000      0.247     19.720      1.682      7.800
   125.000      5.000      0.200     24.900      1.111     22.395
   130.000      5.000      0.127     31.240      0.664     53.361
   135.000      5.000      0.000      0.000      0.000      0.000
   140.000      5.000      0.000      0.000      0.000      0.000
   145.000      5.000      0.000      0.000      0.000      0.000
   -25.000     10.000      0.000      0.000      0.000      0.000
   -20.000     10.000      0.000      0.000      0.000      0.000
   -15.000     10.000      0.000      0.000      0.000      0.000
   -10.000     10.000      0.000      0.000      1.820    -80.797
    -5.000     10.000      0.000      0.000      3.253    -84.869
     0.000     10.000      0.000      0.000      5.306    -87.417
     5.000     10.000      0.000      0.000      7.129    -86.843
    10.000     10.000      0.000      0.000      7.763    -82.829
    15.000     10.000      0.000      0.000      7.793    -77.954
    20.000     10.000      0.000      0.000      8.092    -77.643
    25.000     10.000      0.000      0.000      8.649    -78.230
    30.000     10.000      0.000      0.000      9.698    -81.024
    35.000     10.000      0.000      0.000     10.713    -82.903
    40.000     10.000      0.043    -78.124     11.270    -84.462
    45.000     10.000      0.111    -54.590     10.781    -83.166
    50.000     10.000      0.134    -41.461      9.700    -79.470
    55.000     10.000      0.157    -31.136      9.203    -77.868
    60.000     10.000      0.183    -23.940      8.339    -76.781
    65.000     10.000      0.211    -19.553      7.519    -73.381
    70.000     10.000      0.234    -17.974      6.629    -64.945
    75.000     10.000      0.256    -15.718      6.333    -55.613
    80.000     10.000      0.274    -13.179      6.241    -49.172
    85.000     10.000      0.292     -7.284      6.175    -42.817
    90.000     10.000      0.319     -2.147      6.008    -36.905
    95.000     10.000      0.348      3.148      5.928    -28.208
   100.000     10.000      0.369      8.972      5.956    -27.380
   105.000     10.000      0.384     14.338      5.215    -23.170
   110.000     10.000      0.394     18.467      3.966    -11.939
   115.000     10.000      0.386     21.872      2.995      3.312
   120.000     10.000      0.354     24.647      2.277     14.684
   125.000     10.000      0.285     26.887      1.554     35.443
   130.000     10.000      0.170     27.739      0.830     41.367
   135.000     10.000      0.000      0.000      0.000      0.000
   140.000     10.000      0.000      0.000      0.000      0.000
   145.000     10.000      0.000      0.000      0.000      0.000
   -25.000     15.000      0.000      0.000      0.000      0.000
   -20.000     15.000      0.000      0.000      0.000      0.000
   -15.000     15.000      0.000      0.000      0.000      0.000
   -10.000     15.000      0.000      0.000      2.105    -90.216
    -5.000     15.000      0.000      0.000      3.514    -86.767
     0.000     15.000      0.000      0.000      5.427    -87.436
     5.000     15.000      0.000      0.000      7.321    -87.388
    10.000     15.000      0.000      0.000      8.517    -85.797
    15.000     15.000      0.000      0.000      8.772    -83.932
    20.000     15.000      0.000      0.000      9.373    -83.527
    25.000     15.000      0.000      0.000     10.366    -85.972
    30.000     15.000      0.000      0.000     11.016    -87.570
    35.000     15.000      0.000      0.000     12.086    -87.624
    40.000     15.000      0.088    -90.160     12.580    -88.591
    45.000     15.000      0.110    -53.321     11.924    -87.021
    50.000     15.000      0.139    -34.247     10.693    -83.905
    55.000     15.000      0.182    -26.105      9.519    -81.569
    60.000     15.000      0.227    -24.228      8.493    -79.338
    65.000     15.000      0.261    -23.956      7.245    -73.458
    70.000     15.000      0.290    -22.682      6.726    -65.895
    75.000     15.000      0.315    -19.516      6.482    -53.755
    80.000     15.000      0.337    -14.638      6.332    -42.729
    85.000     15.000      0.356     -8.546      6.383    -37.103
    90.000     15.000      0.383     -1.726      6.317    -32.405
    95.000     15.000      0.410      3.987      6.333    -28.664
   100.000     15.000      0.433      9.632      6.054    -24.506
   105.000     15.000      0.444     14.759      5.195    -16.640
   110.000     15.000      0.446     19.703      4.328     -1.393
   115.000     15.000      0.430     24.076      3.453     11.846
   120.000     15.000      0.391     27.701      2.661     23.147
   125.000     15.000      0.303     30.443      1.850     34.718
   130.000     15.000      0.166     33.140      0.885     39.042
   135.000     15.000      0.000      0.000      0.000      0.000
   140.000     15.000      0.000      0.000      0.000      0.000
   145.000     15.000      0.000      0.000      0.000      0.000
   -25.000     20.000      0.000      0.000      0.000      0.000
   -20.000     20.000      0.000      0.000      0.000      0.000
   -15.000     20.000      0.000      0.000      0.000      0.000
   -10.000     20.000      0.000      0.000      1.928    -94.915
    -5.000     20.000      0.000      0.000      3.647    -90.206
     0.000     20.000      0.000      0.000      5.414    -89.171
     5.000     20.000      0.000      0.000      7.228    -90.401
    10.000     20.000      0.000      0.000      8.708    -91.326
    15.000     20.000      0.000      0.000      9.219    -90.391
    20.000     20.000      0.000      0.000     10.281    -91.074
    25.000     20.000      0.000      0.000     11.016    -93.866
    30.000     20.000      0.000      0.000     11.484    -95.402
    35.000     20.000      0.013      5.417     12.203    -94.217
    40.000     20.000      0.081    -66.281     12.514    -93.700
    45.000     20.000      0.078    -41.698     11.805    -92.030
    50.000     20.000      0.088    -17.947     10.414    -89.342
    55.000     20.000      0.122    -11.806      8.686    -86.170
    60.000     20.000      0.167    -16.228      7.512    -82.316
    65.000     20.000      0.223    -19.663      6.195    -74.334
    70.000     20.000      0.275    -19.041      5.800    -64.051
    75.000     20.000      0.317    -15.825      5.735    -49.615
    80.000     20.000      0.351    -10.424      5.732    -35.551
    85.000     20.000      0.381     -4.130      5.920    -29.997
    90.000     20.000      0.405      2.118      5.897    -25.320
    95.000     20.000      0.430      8.427      5.894    -24.624
   100.000     20.000      0.459     15.252      5.304    -17.476
   105.000     20.000      0.488     21.051      4.736     -3.683
   110.000     20.000      0.490     25.382      4.306     11.029
   115.000     20.000      0.455     28.708      3.822     22.625
   120.000     20.000      0.391     32.014      2.953     32.468
   125.000     20.000      0.296     34.219      1.944     37.226
   130.000     20.000      0.161     34.296      0.919     46.204
   135.000     20.000      0.000      0.000      0.000      0.000
   140.000     20.000      0.000      0.000      0.000      0.000
   145.000     20.000      0.000      0.000      0.000      0.000
   -25.000     25.000      0.000      0.000      0.000      0.000
   -20.000     25.000      0.000      0.000      0.000      0.000
   -15.000     25.000      0.000      0.000      0.000      0.000
   -10.000     25.000      0.000      0.000      1.665    -87.802
    -5.000     25.000      0.000      0.000      3.477    -89.011
     0.000     25.000      0.000      0.000      5.341    -91.172
     5.000     25.000      0.000      0.000      7.161    -93.092
    10.000     25.000      0.000      0.000      8.696    -95.368
    15.000     25.000      0.000      0.000      9.738    -98.380
    20.000     25.000      0.000      0.000     10.785    -99.569
    25.000     25.000      0.000      0.000     10.814   -103.779
    30.000     25.000      0.000      0.000     11.099   -105.677
    35.000     25.000      0.029    152.174     11.311   -104.420
    40.000     25.000      0.033   -124.181     11.517   -102.118
    45.000     25.000      0.018   -130.272     10.611    -99.583
    50.000     25.000      0.007     -1.452      9.192    -95.655
    55.000     25.000      0.038      6.201      7.256    -91.651
    60.000     25.000      0.080     -5.598      5.610    -85.048
    65.000     25.000      0.129     -9.246      4.673    -75.170
    70.000     25.000      0.184     -8.068      4.254    -59.400
    75.000     25.000      0.236     -5.431      4.326    -37.925
    80.000     25.000      0.285     -2.608      4.804    -27.475
    85.000     25.000      0.336      2.716      5.123    -21.578
    90.000     25.000      0.392      9.016      5.299    -20.768
    95.000     25.000      0.441     15.843      4.903    -17.457
   100.000     25.000      0.481     21.333      4.360     -8.240
   105.000     25.000      0.502     25.169      4.040      7.941
   110.000     25.000      0.498     28.301      4.017     18.624
   115.000     25.000      0.473     31.524      3.685     29.944
   120.000     25.000      0.409     34.019      2.886     32.420
   125.000     25.000      0.298     34.984      1.995     37.629
   130.000     25.000      0.147     31.888      1.096     50.947
   135.000     25.000      0.000      0.000      0.000      0.000
   140.000     25.000      0.000      0.000      0.000      0.000
   145.000     25.000      0.000      0.000      0.000      0.000
   -25.000     30.000      0.000      0.000      0.000      0.000
   -20.000     30.000      0.000      0.000      0.000      0.000
   -15.000     30.000      0.000      0.000      0.000      0.000
   -10.000     30.000      0.000      0.000      1.787    -98.635
    -5.000     30.000      0.000      0.000      3.689    -98.055
     0.000     30.000      0.000      0.000      5.391    -97.814
     5.000     30.000      0.000      0.000      6.845    -99.364
    10.000     30.000      0.000      0.000      8.089   -103.188
    15.000     30.000      0.000      0.000      9.099   -107.727
    20.000     30.000      0.000      0.000      9.809   -110.284
    25.000     30.000      0.000      0.000      9.907   -116.475
    30.000     30.000      0.025    165.338     10.084   -119.214
    35.000     30.000      0.091    145.114      9.844   -118.800
    40.000     30.000      0.085    169.074      9.862   -114.159
    45.000     30.000      0.080    170.375      8.880   -110.027
    50.000     30.000      0.067    152.503      7.237   -104.260
    55.000     30.000      0.053    121.588      5.068    -98.076
    60.000     30.000      0.050     81.791      3.519    -87.866
    65.000     30.000      0.068     46.181      2.642    -72.958
    70.000     30.000      0.109     27.213      2.441    -46.716
    75.000     30.000      0.162     21.426      3.029    -19.339
    80.000     30.000      0.217     19.348      3.906    -11.172
    85.000     30.000      0.280     20.972      4.515    -11.976
    90.000     30.000      0.350     22.971      4.361     -9.463
    95.000     30.000      0.408     24.971      3.807     -4.809
   100.000     30.000      0.453     27.344      3.310      6.753
   105.000     30.000      0.485     29.378      3.268     18.438
   110.000     30.000      0.492     31.194      3.359     26.980
   115.000     30.000      0.469     33.383      3.249     34.303
   120.000     30.000      0.409     35.275      2.598     31.203
   125.000     30.000      0.300     35.944      1.962     36.701
   130.000     30.000      0.153     33.512      1.065     45.222
   135.000     30.000      0.000      0.000      0.000      0.000
   140.000     30.000      0.000      0.000      0.000      0.000
   145.000     30.000      0.000      0.000      0.000      0.000
   -25.000     35.000      0.000      0.000      0.000      0.000
   -20.000     35.000      0.000      0.000      0.000      0.000
   -15.000     35.000      0.000      0.000      0.000      0.000
   -10.000     35.000      0.000      0.000      1.782   -109.371
    -5.000     35.000      0.000      0.000      3.363   -108.572
     0.000     35.000      0.000      0.000      4.610   -109.845
     5.000     35.000      0.000      0.000      5.651   -113.008
    10.000     35.000      0.000      0.000      6.688   -117.233
    15.000     35.000      0.000      0.000      7.576   -121.371
    20.000     35.000      0.006    135.751      8.225   -125.980
    25.000     35.000      0.083    110.879      8.604   -131.889
    30.000     35.000      0.117    121.565      8.601   -135.783
    35.000     35.000      0.144    133.119      8.487   -135.958
    40.000     35.000      0.132    149.660      8.172   -129.325
    45.000     35.000      0.121    155.582      6.891   -124.461
    50.000     35.000      0.103    149.385      5.024   -118.787
    55.000     35.000      0.087    130.158      3.221   -111.069
    60.000     35.000      0.082    103.499      1.744    -98.560
    65.000     35.000      0.084     81.618      0.789    -57.184
    70.000     35.000      0.098     62.840      1.273     -6.387
    75.000     35.000      0.131     49.492      2.407      7.803
    80.000     35.000      0.183     42.336      3.236      5.811
    85.000     35.000      0.240     38.797      3.679      1.869
    90.000     35.000      0.291     36.170      3.377      3.597
    95.000     35.000      0.341     35.056      2.807     12.452
   100.000     35.000      0.396     35.269      2.638     24.795
   105.000     35.000      0.437     36.622      2.608     30.268
   110.000     35.000      0.455     38.331      2.724     38.813
   115.000     35.000      0.444     40.284      2.531     38.377
   120.000     35.000      0.397     41.554      2.214     34.707
   125.000     35.000      0.302     42.231      1.640     36.297
   130.000     35.000      0.158     42.685      0.805     37.035
   135.000     35.000      0.000      0.000      0.000      0.000
   140.000     35.000      0.000      0.000      0.000      0.000
   145.000     35.000      0.000      0.000      0.000      0.000
   -25.000     40.000      0.000      0.000      0.000      0.000
   -20.000     40.000      0.000      0.000      0.000      0.000
   -15.000     40.000      0.000      0.000      0.000      0.000
   -10.000     40.000      0.010     95.310      1.205   -137.904
    -5.000     40.000      0.014    113.899      2.299   -135.914
     0.000     40.000      0.016    110.490      3.157   -135.328
     5.000     40.000      0.019     84.532      4.017   -136.368
    10.000     40.000      0.027     74.895      5.001   -138.994
    15.000     40.000      0.099     96.219      5.891   -143.078
    20.000     40.000      0.120     99.208      6.787   -145.365
    25.000     40.000      0.174    108.111      7.415   -149.013
    30.000     40.000      0.196    115.401      7.564   -152.459
    35.000     40.000      0.201    123.922      7.355   -153.183
    40.000     40.000      0.180    130.930      6.590   -147.575
    45.000     40.000      0.155    132.345      5.092   -144.082
    50.000     40.000      0.133    128.424      3.500   -142.073
    55.000     40.000      0.116    120.891      1.939   -139.558
    60.000     40.000      0.103    109.338      0.508   -152.588
    65.000     40.000      0.094     93.649      0.459     50.426
    70.000     40.000      0.102     75.181      1.307     42.727
    75.000     40.000      0.127     62.913      2.304     28.512
    80.000     40.000      0.158     55.977      2.945     24.054
    85.000     40.000      0.193     51.380      3.015     19.564
    90.000     40.000      0.237     48.716      2.693     20.950
    95.000     40.000      0.287     47.707      2.256     30.131
   100.000     40.000      0.335     46.910      1.989     39.444
   105.000     40.000      0.373     46.070      1.922     45.828
   110.000     40.000      0.390     45.408      1.941     45.274
   115.000     40.000      0.383     46.312      1.849     42.576
   120.000     40.000      0.350     47.319      1.649     36.663
   125.000     40.000      0.284     47.470      1.222     33.732
   130.000     40.000      0.171     47.370      0.636     33.847
   135.000     40.000      0.000      0.000      0.000      0.000
   140.000     40.000      0.000      0.000      0.000      0.000
   145.000     40.000      0.000      0.000      0.000      0.000
   -25.000     45.000      0.000      0.000      0.000      0.000
   -20.000     45.000      0.000      0.000      0.000      0.000
   -15.000     45.000      0.000      0.000      0.000      0.000
   -10.000     45.000      0.100     86.893      0.830   -176.270
    -5.000     45.000      0.139     86.424      1.577   -168.761
     0.000     45.000      0.148     86.491      2.277   -165.199
     5.000     45.000      0.146     86.529      3.097   -164.719
    10.000     45.000      0.144     87.927      4.048   -164.849
    15.000     45.000      0.161     95.522      4.981   -164.684
    20.000     45.000      0.191    103.290      5.693   -163.787
    25.000     45.000      0.225    108.183      6.315   -164.892
    30.000     45.000      0.235    112.130      6.559   -166.611
    35.000     45.000      0.225    117.159      6.289   -166.457
    40.000     45.000      0.202    121.773      5.411   -162.129
    45.000     45.000      0.177    122.099      4.209   -161.960
    50.000     45.000      0.150    118.978      2.771   -168.753
    55.000     45.000      0.128    112.281      1.443    172.442
    60.000     45.000      0.115    102.184      1.030    113.537
    65.000     45.000      0.108     89.956      1.251     81.591
    70.000     45.000      0.109     79.063      1.653     65.407
    75.000     45.000      0.112     70.551      2.236     54.497
    80.000     45.000      0.130     64.460      2.747     43.983
    85.000     45.000      0.157     60.518      2.581     39.493
    90.000     45.000      0.187     58.175      2.207     38.529
    95.000     45.000      0.216     56.877      1.763     45.060
   100.000     45.000      0.248     55.974      1.592     57.149
   105.000     45.000      0.278     54.417      1.361     61.101
   110.000     45.000      0.307     52.427      1.346     55.486
   115.000     45.000      0.322     51.233      1.316     47.943
   120.000     45.000      0.308     50.887      1.129     40.500
   125.000     45.000      0.261     50.889      0.788     36.602
   130.000     45.000      0.165     50.834      0.431     39.251
   135.000     45.000      0.000      0.000      0.000      0.000
   140.000     45.000      0.000      0.000      0.000      0.000
   145.000     45.000      0.000      0.000      0.000      0.000
   -25.000     50.000      0.000      0.000      0.000      0.000
   -20.000     50.000      0.000      0.000      0.000      0.000
   -15.000     50.000      0.000      0.000      0.000      0.000
   -10.000     50.000      0.137     86.354      0.659    153.581
    -5.000     50.000      0.221     87.774      1.322    160.224
     0.000     50.000      0.265     89.437      2.023    166.591
     5.000     50.000      0.275     91.078      2.758    172.686
    10.000     50.000      0.267     92.391      3.419    178.816
    15.000     50.000      0.261     94.390      4.014   -176.696
    20.000     50.000      0.266     97.582      4.643   -176.406
    25.000     50.000      0.272    101.208      5.155   -176.349
    30.000     50.000      0.264    104.389      5.337   -179.021
    35.000     50.000      0.244    107.921      5.070   -177.063
    40.000     50.000      0.216    111.377      4.442   -173.563
    45.000     50.000      0.184    113.531      3.446   -175.120
    50.000     50.000      0.149    112.555      2.244    171.969
    55.000     50.000      0.121    107.954      1.430    137.806
    60.000     50.000      0.101    101.721      1.213    106.999
    65.000     50.000      0.082     95.334      1.483     87.199
    70.000     50.000      0.073     86.104      1.869     78.880
    75.000     50.000      0.073     76.660      2.176     70.559
    80.000     50.000      0.085     71.690      2.327     59.422
    85.000     50.000      0.099     69.416      2.224     56.523
    90.000     50.000      0.120     66.229      1.745     54.238
    95.000     50.000      0.148     62.734      1.444     60.302
   100.000     50.000      0.181     59.808      1.188     68.078
   105.000     50.000      0.207     57.851      0.886     76.685
   110.000     50.000      0.226     55.748      0.743     66.204
   115.000     50.000      0.234     53.566      0.734     53.043
   120.000     50.000      0.225     51.143      0.631     46.747
   125.000     50.000      0.187     48.259      0.428     44.427
   130.000     50.000      0.116     46.300      0.223     43.897
   135.000     50.000      0.000      0.000      0.000      0.000
   140.000     50.000      0.000      0.000      0.000      0.000
   145.000     50.000      0.000      0.000      0.000      0.000
   -25.000     55.000      0.000      0.000      0.000      0.000
   -20.000     55.000      0.000      0.000      0.000      0.000
   -15.000     55.000      0.000      0.000      0.000      0.000
   -10.000     55.000      0.123     91.268      0.614    144.431
    -5.000     55.000      0.213     89.466      1.166    152.966
     0.000     55.000      0.268     88.888      1.602    155.796
     5.000     55.000      0.294     89.366      2.031    159.713
    10.000     55.000      0.299     89.826      2.473    166.373
    15.000     55.000      0.295     90.230      2.789    173.445
    20.000     55.000      0.292     91.386      3.219    176.322
    25.000     55.000      0.284     93.307      3.598    176.366
    30.000     55.000      0.264     95.896      3.671    175.171
    35.000     55.000      0.231     99.065      3.587    175.563
    40.000     55.000      0.196    102.729      3.183    177.194
    45.000     55.000      0.164    106.504      2.501    174.707
    50.000     55.000      0.134    110.187      1.623    155.536
    55.000     55.000      0.104    114.412      1.280    131.943
    60.000     55.000      0.076    117.543      1.090    108.781
    65.000     55.000      0.052    117.704      1.345     93.399
    70.000     55.000      0.035    118.057      1.479     86.355
    75.000     55.000      0.022    108.382      1.627     79.230
    80.000     55.000      0.021     80.276      1.574     71.433
    85.000     55.000      0.034     66.040      1.623     68.810
    90.000     55.000      0.055     62.693      1.297     66.816
    95.000     55.000      0.086     60.581      1.015     70.443
   100.000     55.000      0.117     59.097      0.774     77.722
   105.000     55.000      0.142     58.678      0.455     90.412
   110.000     55.000      0.159     58.327      0.360     87.569
   115.000     55.000      0.159     57.411      0.362     70.950
   120.000     55.000      0.143     55.296      0.336     55.825
   125.000     55.000      0.107     52.858      0.202     49.584
   130.000     55.000      0.053     50.149      0.052     62.462
   135.000     55.000      0.000      0.000      0.000      0.000
   140.000     55.000      0.000      0.000      0.000      0.000
   145.000     55.000      0.000      0.000      0.000      0.000
   -25.000     60.000      0.000      0.000      0.000      0.000
   -20.000     60.000      0.000      0.000      0.000      0.000
   -15.000     60.000      0.000      0.000      0.000      0.000
   -10.000     60.000      0.058     89.135      0.361    153.585
    -5.000     60.000      0.108     87.756      0.673    152.828
     0.000     60.000      0.147     85.088      0.888    152.553
     5.000     60.000      0.172     83.829      1.111    153.710
    10.000     60.000      0.188     83.893      1.321    160.469
    15.000     60.000      0.197     84.866      1.435    173.244
    20.000     60.000      0.199     86.553      1.665    175.711
    25.000     60.000      0.191     89.132      1.793    176.613
    30.000     60.000      0.170     91.832      1.841    176.032
    35.000     60.000      0.150     94.062      1.788    172.643
    40.000     60.000      0.131     97.724      1.552    172.462
    45.000     60.000      0.110    104.050      1.279    164.579
    50.000     60.000      0.087    113.599      0.950    149.202
    55.000     60.000      0.068    118.677      0.854    125.764
    60.000     60.000      0.051    120.743      0.678    112.283
    65.000     60.000      0.031    134.224      0.734     92.217
    70.000     60.000      0.022   -177.262      0.712     87.637
    75.000     60.000      0.022   -140.748      0.830     84.626
    80.000     60.000      0.016   -107.752      0.831     79.836
    85.000     60.000      0.014    -39.636      0.829     76.856
    90.000     60.000      0.020      7.960      0.683     70.568
    95.000     60.000      0.030     35.588      0.544     80.913
   100.000     60.000      0.048     49.481      0.317     84.027
   105.000     60.000      0.067     55.114      0.202    109.064
   110.000     60.000      0.081     61.494      0.172    124.562
   115.000     60.000      0.088     68.309      0.136     98.940
   120.000     60.000      0.081     73.788      0.115     67.794
   125.000     60.000      0.059     80.364      0.059     41.019
   130.000     60.000      0.030     88.119      0.021     48.182
   135.000     60.000      0.000      0.000      0.000      0.000
   140.000     60.000      0.000      0.000      0.000      0.000
   145.000     60.000      0.000      0.000      0.000      0.000
   -25.000     65.000      0.000      0.000      0.000      0.000
   -20.000     65.000      0.000      0.000      0.000      0.000
   -15.000     65.000      0.000      0.000      0.000      0.000
   -10.000     65.000      0.000      0.000      0.000      0.000
    -5.000     65.000      0.000      0.000      0.000      0.000
     0.000     65.000      0.000      0.000      0.000      0.000
     5.000     65.000      0.000      0.000      0.000      0.000
    10.000     65.000      0.000      0.000      0.000      0.000
    15.000     65.000      0.000      0.000      0.000      0.000
    20.000     65.000      0.000      0.000      0.000      0.000
    25.000     65.000      0.000      0.000      0.000      0.000
    30.000     65.000      0.000      0.000      0.000      0.000
    35.000     65.000      0.000      0.000      0.000      0.000
    40.000     65.000      0.000      0.000      0.000      0.000
    45.000     65.000      0.000      0.000      0.000      0.000
    50.000     65.000      0.000      0.000      0.000      0.000
    55.000     65.000      0.000      0.000      0.000      0.000
    60.000     65.000      0.000      0.000      0.000      0.000
    65.000     65.000      0.000      0.000      0.000      0.000
    70.000     65.000      0.000      0.000      0.000      0.000
    75.000     65.000      0.000      0.000      0.000      0.000
    80.000     65.000      0.000      0.000      0.000      0.000
    85.000     65.000      0.000      0.000      0.000      0.000
    90.000     65.000      0.000      0.000      0.000      0.000
    95.000     65.000      0.000      0.000      0.000      0.000
   100.000     65.000      0.000      0.000      0.000      0.000
   105.000     65.000      0.000      0.000      0.000      0.000
   110.000     65.000      0.000      0.000      0.000      0.000
   115.000     65.000      0.000      0.000      0.000      0.000
   120.000     65.000      0.000      0.000      0.000      0.000
   125.000     65.000      0.000      0.000      0.000      0.000
   130.000     65.000      0.000      0.000      0.000      0.000
   135.000     65.000      0.000      0.000      0.000      0.000
   140.000     65.000      0.000      0.000      0.000      0.000
   145.000     65.000      0.000      0.000      0.000      0.000
   -25.000     70.000      0.000      0.000      0.000      0.000
   -20.000     70.000      0.000      0.000      0.000      0.000
   -15.000     70.000      0.000      0.000      0.000      0.000
   -10.000     70.000      0.000      0.000      0.000      0.000
    -5.000     70.000      0.000      0.000      0.000      0.000
     0.000     70.000      0.000      0.000      0.000      0.000
     5.000     70.000      0.000      0.000      0.000      0.000
    10.000     70.000      0.000      0.000      0.000      0.000
    15.000     70.000      0.000      0.000      0.000      0.000
    20.000     70.000      0.000      0.000      0.000      0.000
    25.000     70.000      0.000      0.000      0.000      0.000
    30.000     70.000      0.000      0.000      0.000      0.000
    35.000     70.000      0.000      0.000      0.000      0.000
    40.000     70.000      0.000      0.000      0.000      0.000
    45.000     70.000      0.000      0.000      0.000      0.000
    50.000     70.000      0.000      0.000      0.000      0.000
    55.000     70.000      0.000      0.000      0.000      0.000
    60.000     70.000      0.000      0.000      0.000      0.000
    65.000     70.000      0.000      0.000      0.000      0.000
    70.000     70.000      0.000      0.000      0.000      0.000
    75.000     70.000      0.000      0.000      0.000      0.000
    80.000     70.000      0.000      0.000      0.000      0.000
    85.000     70.000      0.000      0.000      0.000      0.000
    90.000     70.000      0.000      0.000      0.000      0.000
    95.000     70.000      0.000      0.000      0.000      0.000
   100.000     70.000      0.000      0.000      0.000      0.000
   105.000     70.000      0.000      0.000      0.000      0.000
   110.000     70.000      0.000      0.000      0.000      0.000
   115.000     70.000      0.000      0.000      0.000      0.000
   120.000     70.000      0.000      0.000      0.000      0.000
   125.000     70.000      0.000      0.000      0.000      0.000
   130.000     70.000      0.000      0.000      0.000      0.000
   135.000     70.000      0.000      0.000      0.000      0.000
   140.000     70.000      0.000      0.000      0.000      0.000
   145.000     70.000      0.000      0.000      0.000      0.000
   -25.000     75.000      0.000      0.000      0.000      0.000
   -20.000     75.000      0.000      0.000      0.000      0.000
   -15.000     75.000      0.000      0.000      0.000      0.000
   -10.000     75.000      0.000      0.000      0.000      0.000
    -5.000     75.000      0.000      0.000      0.000      0.000
     0.000     75.000      0.000      0.000      0.000      0.000
     5.000     75.000      0.000      0.000      0.000      0.000
    10.000     75.000      0.000      0.000      0.000      0.000
    15.000     75.000      0.000      0.000      0.000      0.000
    20.000     75.000      0.000      0.000      0.000      0.000
    25.000     75.000      0.000      0.000      0.000      0.000
    30.000     75.000      0.000      0.000      0.000      0.000
    35.000     75.000      0.000      0.000      0.000      0.000
    40.000     75.000      0.000      0.000      0.000      0.000
    45.000     75.000      0.000      0.000      0.000      0.000
    50.000     75.000      0.000      0.000      0.000      0.000
    55.000     75.000      0.000      0.000      0.000      0.000
    60.000     75.000      0.000      0.000      0.000      0.000
    65.000     75.000      0.000      0.000      0.000      0.000
    70.000     75.000      0.000      0.000      0.000      0.000
    75.000     75.000      0.000      0.000      0.000      0.000
    80.000     75.000      0.000      0.000      0.000      0.000
    85.000     75.000      0.000      0.000      0.000      0.000
    90.000     75.000      0.000      0.000      0.000      0.000
    95.000     75.000      0.000      0.000      0.000      0.000
   100.000     75.000      0.000      0.000      0.000      0.000
   105.000     75.000      0.000      0.000      0.000      0.000
   110.000     75.000      0.000      0.000      0.000      0.000
   115.000     75.000      0.000      0.000      0.000      0.000
   120.000     75.000      0.000      0.000      0.000      0.000
   125.000     75.000      0.000      0.000      0.000      0.000
   130.000     75.000      0.000      0.000      0.000      0.000
   135.000     75.000      0.000      0.000      0.000      0.000
   140.000     75.000      0.000      0.000      0.000      0.000
   145.000     75.000      0.000      0.000      0.000      0.000
