   -25.000    -15.000      0.000      0.000      0.000      0.000
   -20.000    -15.000      0.000      0.000      0.000      0.000
   -15.000    -15.000      0.000      0.000      0.000      0.000
   -10.000    -15.000      0.000      0.000      0.000      0.000
    -5.000    -15.000      0.000      0.000      0.000      0.000
     0.000    -15.000      0.000      0.000      0.000      0.000
     5.000    -15.000      0.000      0.000      0.000      0.000
    10.000    -15.000      0.000      0.000      0.000      0.000
    15.000    -15.000      0.000      0.000      0.000      0.000
    20.000    -15.000      0.000      0.000      0.000      0.000
    25.000    -15.000      0.000      0.000      0.000      0.000
    30.000    -15.000      0.000      0.000      0.000      0.000
    35.000    -15.000      0.000      0.000      0.000      0.000
    40.000    -15.000      0.000      0.000      0.000      0.000
    45.000    -15.000      0.000      0.000      0.000      0.000
    50.000    -15.000      0.000      0.000      0.000      0.000
    55.000    -15.000      0.000      0.000      0.000      0.000
    60.000    -15.000      0.000      0.000      0.000      0.000
    65.000    -15.000      0.000      0.000      0.000      0.000
    70.000    -15.000      0.000      0.000      0.000      0.000
    75.000    -15.000      0.000      0.000      0.000      0.000
    80.000    -15.000      0.000      0.000      0.000      0.000
    85.000    -15.000      0.000      0.000      0.000      0.000
    90.000    -15.000      0.000      0.000      0.000      0.000
    95.000    -15.000      0.000      0.000      0.000      0.000
   100.000    -15.000      0.000      0.000      0.000      0.000
   105.000    -15.000      0.000      0.000      0.000      0.000
   110.000    -15.000      0.000      0.000      0.000      0.000
   115.000    -15.000      0.000      0.000      0.000      0.000
   120.000    -15.000      0.000      0.000      0.000      0.000
   125.000    -15.000      0.000      0.000      0.000      0.000
   130.000    -15.000      0.000      0.000      0.000      0.000
   135.000    -15.000      0.000      0.000      0.000      0.000
   140.000    -15.000      0.000      0.000      0.000      0.000
   145.000    -15.000      0.000      0.000      0.000      0.000
   -25.000    -10.000      0.000      0.000      0.000      0.000
   -20.000    -10.000      0.000      0.000      0.000      0.000
   -15.000    -10.000      0.000      0.000      0.000      0.000
   -10.000    -10.000      0.000      0.000      0.000      0.000
    -5.000    -10.000      0.000      0.000      0.000      0.000
     0.000    -10.000      0.000      0.000      0.000      0.000
     5.000    -10.000      0.000      0.000      0.000      0.000
    10.000    -10.000      0.000      0.000      0.000      0.000
    15.000    -10.000      0.000      0.000      0.000      0.000
    20.000    -10.000      0.000      0.000      0.000      0.000
    25.000    -10.000      0.000      0.000      0.000      0.000
    30.000    -10.000      0.000      0.000      0.000      0.000
    35.000    -10.000      0.000      0.000      0.000      0.000
    40.000    -10.000      0.000      0.000      0.000      0.000
    45.000    -10.000      0.000      0.000      0.000      0.000
    50.000    -10.000      0.000      0.000      0.000      0.000
    55.000    -10.000      0.000      0.000      0.000      0.000
    60.000    -10.000      0.000      0.000      0.000      0.000
    65.000    -10.000      0.000      0.000      0.000      0.000
    70.000    -10.000      0.000      0.000      0.000      0.000
    75.000    -10.000      0.000      0.000      0.000      0.000
    80.000    -10.000      0.000      0.000      0.000      0.000
    85.000    -10.000      0.000      0.000      0.000      0.000
    90.000    -10.000      0.000      0.000      0.000      0.000
    95.000    -10.000      0.000      0.000      0.000      0.000
   100.000    -10.000      0.000      0.000      0.000      0.000
   105.000    -10.000      0.000      0.000      0.000      0.000
   110.000    -10.000      0.000      0.000      0.000      0.000
   115.000    -10.000      0.000      0.000      0.000      0.000
   120.000    -10.000      0.000      0.000      0.000      0.000
   125.000    -10.000      0.000      0.000      0.000      0.000
   130.000    -10.000      0.000      0.000      0.000      0.000
   135.000    -10.000      0.000      0.000      0.000      0.000
   140.000    -10.000      0.000      0.000      0.000      0.000
   145.000    -10.000      0.000      0.000      0.000      0.000
   -25.000     -5.000      0.000      0.000      0.000      0.000
   -20.000     -5.000      0.000      0.000      0.000      0.000
   -15.000     -5.000      0.000      0.000      0.000      0.000
   -10.000     -5.000      0.000      0.000      0.000      0.000
    -5.000     -5.000      0.000      0.000      0.000      0.000
     0.000     -5.000      0.000      0.000      0.000      0.000
     5.000     -5.000      0.000      0.000      0.000      0.000
    10.000     -5.000      0.000      0.000      0.000      0.000
    15.000     -5.000      0.000      0.000      0.000      0.000
    20.000     -5.000      0.000      0.000      0.000      0.000
    25.000     -5.000      0.000      0.000      0.000      0.000
    30.000     -5.000      0.000      0.000      0.000      0.000
    35.000     -5.000      0.000      0.000      0.000      0.000
    40.000     -5.000      0.000      0.000      0.000      0.000
    45.000     -5.000      0.000      0.000      0.000      0.000
    50.000     -5.000      0.000      0.000      0.000      0.000
    55.000     -5.000      0.000      0.000      0.000      0.000
    60.000     -5.000      0.000      0.000      0.000      0.000
    65.000     -5.000      0.000      0.000      0.000      0.000
    70.000     -5.000      0.000      0.000      0.000      0.000
    75.000     -5.000      0.000      0.000      0.000      0.000
    80.000     -5.000      0.000      0.000      0.000      0.000
    85.000     -5.000      0.000      0.000      0.000      0.000
    90.000     -5.000      0.000      0.000      0.000      0.000
    95.000     -5.000      0.000      0.000      0.000      0.000
   100.000     -5.000      0.000      0.000      0.000      0.000
   105.000     -5.000      0.000      0.000      0.000      0.000
   110.000     -5.000      0.000      0.000      0.000      0.000
   115.000     -5.000      0.000      0.000      0.000      0.000
   120.000     -5.000      0.000      0.000      0.000      0.000
   125.000     -5.000      0.000      0.000      0.000      0.000
   130.000     -5.000      0.000      0.000      0.000      0.000
   135.000     -5.000      0.000      0.000      0.000      0.000
   140.000     -5.000      0.000      0.000      0.000      0.000
   145.000     -5.000      0.000      0.000      0.000      0.000
   -25.000      0.000      0.000      0.000      0.000      0.000
   -20.000      0.000      0.000      0.000      0.000      0.000
   -15.000      0.000      0.000      0.000      0.000      0.000
   -10.000      0.000      0.058    -40.584      0.550   -113.079
    -5.000      0.000      0.095    -32.848      1.517   -118.963
     0.000      0.000      0.107    -24.131      2.331   -116.141
     5.000      0.000      0.097    -23.760      2.715   -112.249
    10.000      0.000      0.081    -19.967      2.353   -107.599
    15.000      0.000      0.079    -16.156      1.396    -95.123
    20.000      0.000      0.079    -17.793      0.621    -52.930
    25.000      0.000      0.071    -36.256      0.508     27.605
    30.000      0.000      0.077    -61.703      0.277     63.418
    35.000      0.000      0.104    -80.676      0.232   -163.469
    40.000      0.000      0.124    -90.785      0.592   -102.251
    45.000      0.000      0.122    -94.581      0.406    -98.012
    50.000      0.000      0.017     -0.582      0.018     -0.568
    55.000      0.000      0.009      0.162      0.009      0.162
    60.000      0.000      0.000      0.000      0.000      0.000
    65.000      0.000      0.000      0.000      0.000      0.000
    70.000      0.000      0.000      0.000      0.000      0.000
    75.000      0.000      0.000      0.000      0.000      0.000
    80.000      0.000      0.000      0.000      0.000      0.000
    85.000      0.000      0.000      0.000      0.000      0.000
    90.000      0.000      0.000      0.000      0.000      0.000
    95.000      0.000      0.000      0.000      0.000      0.000
   100.000      0.000      0.000      0.000      0.000      0.000
   105.000      0.000      0.000      0.000      0.000      0.000
   110.000      0.000      0.000      0.000      0.000      0.000
   115.000      0.000      0.000      0.000      0.000      0.000
   120.000      0.000      0.000      0.000      0.000      0.000
   125.000      0.000      0.000      0.000      0.000      0.000
   130.000      0.000      0.000      0.000      0.000      0.000
   135.000      0.000      0.000      0.000      0.000      0.000
   140.000      0.000      0.000      0.000      0.000      0.000
   145.000      0.000      0.000      0.000      0.000      0.000
   -25.000      5.000      0.000      0.000      0.000      0.000
   -20.000      5.000      0.000      0.000      0.000      0.000
   -15.000      5.000      0.000      0.000      0.000      0.000
   -10.000      5.000      0.088    -34.287      1.328   -115.254
    -5.000      5.000      0.159    -32.607      2.991   -120.618
     0.000      5.000      0.226    -33.272      4.393   -116.701
     5.000      5.000      0.266    -36.789      5.117   -112.225
    10.000      5.000      0.275    -41.087      4.662   -108.019
    15.000      5.000      0.259    -46.167      3.212    -98.898
    20.000      5.000      0.229    -56.533      1.482    -85.557
    25.000      5.000      0.217    -73.023      0.523    -11.708
    30.000      5.000      0.227    -89.766      0.178     -1.775
    35.000      5.000      0.262   -103.317      0.265   -108.861
    40.000      5.000      0.277   -112.222      1.035   -109.116
    45.000      5.000      0.236   -118.097      0.667   -117.626
    50.000      5.000      0.029   -137.165      0.031   -136.942
    55.000      5.000      0.011     70.617      0.011     70.617
    60.000      5.000      0.000      0.000      0.000      0.000
    65.000      5.000      0.000      0.000      0.000      0.000
    70.000      5.000      0.000      0.000      0.000      0.000
    75.000      5.000      0.000      0.000      0.000      0.000
    80.000      5.000      0.000      0.000      0.000      0.000
    85.000      5.000      0.000      0.000      0.000      0.000
    90.000      5.000      0.000      0.000      0.000      0.000
    95.000      5.000      0.000      0.000      0.000      0.000
   100.000      5.000      0.000      0.000      0.000      0.000
   105.000      5.000      0.000      0.000      0.000      0.000
   110.000      5.000      0.000      0.000      0.000      0.000
   115.000      5.000      0.000      0.000      0.000      0.000
   120.000      5.000      0.000      0.000      0.000      0.000
   125.000      5.000      0.000      0.000      0.000      0.000
   130.000      5.000      0.000      0.000      0.000      0.000
   135.000      5.000      0.000      0.000      0.000      0.000
   140.000      5.000      0.000      0.000      0.000      0.000
   145.000      5.000      0.000      0.000      0.000      0.000
   -25.000     10.000      0.000      0.000      0.000      0.000
   -20.000     10.000      0.000      0.000      0.000      0.000
   -15.000     10.000      0.000      0.000      0.000      0.000
   -10.000     10.000      0.149    -38.137      2.036   -118.082
    -5.000     10.000      0.247    -33.780      3.675   -121.421
     0.000     10.000      0.317    -36.007      5.161   -118.270
     5.000     10.000      0.356    -41.704      5.911   -114.205
    10.000     10.000      0.364    -48.110      5.255   -109.830
    15.000     10.000      0.348    -56.335      3.414   -104.348
    20.000     10.000      0.329    -68.120      1.945    -99.367
    25.000     10.000      0.320    -82.027      0.897    -78.798
    30.000     10.000      0.345    -96.214      0.729    -73.988
    35.000     10.000      0.387   -106.021      0.848    -81.815
    40.000     10.000      0.378   -113.538      0.889   -103.899
    45.000     10.000      0.257   -122.877      0.585   -118.888
    50.000     10.000      0.058    136.462      0.060    136.586
    55.000     10.000      0.000      0.000      0.000      0.000
    60.000     10.000      0.000      0.000      0.000      0.000
    65.000     10.000      0.000      0.000      0.000      0.000
    70.000     10.000      0.000      0.000      0.000      0.000
    75.000     10.000      0.000      0.000      0.000      0.000
    80.000     10.000      0.000      0.000      0.000      0.000
    85.000     10.000      0.000      0.000      0.000      0.000
    90.000     10.000      0.000      0.000      0.000      0.000
    95.000     10.000      0.000      0.000      0.000      0.000
   100.000     10.000      0.000      0.000      0.000      0.000
   105.000     10.000      0.000      0.000      0.000      0.000
   110.000     10.000      0.000      0.000      0.000      0.000
   115.000     10.000      0.000      0.000      0.000      0.000
   120.000     10.000      0.000      0.000      0.000      0.000
   125.000     10.000      0.000      0.000      0.000      0.000
   130.000     10.000      0.000      0.000      0.000      0.000
   135.000     10.000      0.000      0.000      0.000      0.000
   140.000     10.000      0.000      0.000      0.000      0.000
   145.000     10.000      0.000      0.000      0.000      0.000
   -25.000     15.000      0.000      0.000      0.000      0.000
   -20.000     15.000      0.000      0.000      0.000      0.000
   -15.000     15.000      0.000      0.000      0.000      0.000
   -10.000     15.000      0.146    -44.514      2.241   -123.308
    -5.000     15.000      0.266    -45.985      3.452   -125.563
     0.000     15.000      0.352    -47.978      4.581   -121.479
     5.000     15.000      0.412    -53.057      5.222   -116.717
    10.000     15.000      0.443    -60.861      4.811   -112.684
    15.000     15.000      0.453    -69.012      3.311   -111.336
    20.000     15.000      0.443    -78.522      2.066   -105.411
    25.000     15.000      0.428    -89.050      1.427    -99.792
    30.000     15.000      0.430    -98.376      0.783    -92.048
    35.000     15.000      0.441   -105.058      0.810    -87.825
    40.000     15.000      0.427   -108.349      0.822   -106.879
    45.000     15.000      0.308   -109.440      0.486   -116.501
    50.000     15.000      0.068    -99.876      0.070    -99.812
    55.000     15.000      0.000      0.000      0.000      0.000
    60.000     15.000      0.000      0.000      0.000      0.000
    65.000     15.000      0.000      0.000      0.000      0.000
    70.000     15.000      0.000      0.000      0.000      0.000
    75.000     15.000      0.000      0.000      0.000      0.000
    80.000     15.000      0.000      0.000      0.000      0.000
    85.000     15.000      0.000      0.000      0.000      0.000
    90.000     15.000      0.000      0.000      0.000      0.000
    95.000     15.000      0.000      0.000      0.000      0.000
   100.000     15.000      0.000      0.000      0.000      0.000
   105.000     15.000      0.000      0.000      0.000      0.000
   110.000     15.000      0.000      0.000      0.000      0.000
   115.000     15.000      0.000      0.000      0.000      0.000
   120.000     15.000      0.000      0.000      0.000      0.000
   125.000     15.000      0.000      0.000      0.000      0.000
   130.000     15.000      0.000      0.000      0.000      0.000
   135.000     15.000      0.000      0.000      0.000      0.000
   140.000     15.000      0.000      0.000      0.000      0.000
   145.000     15.000      0.000      0.000      0.000      0.000
   -25.000     20.000      0.000      0.000      0.000      0.000
   -20.000     20.000      0.000      0.000      0.000      0.000
   -15.000     20.000      0.000      0.000      0.000      0.000
   -10.000     20.000      0.140    -56.177      1.690   -131.692
    -5.000     20.000      0.262    -61.965      2.907   -127.749
     0.000     20.000      0.369    -68.393      3.770   -122.700
     5.000     20.000      0.459    -74.041      4.301   -118.597
    10.000     20.000      0.519    -79.353      4.219   -115.644
    15.000     20.000      0.554    -85.046      3.153   -113.044
    20.000     20.000      0.557    -91.071      2.487   -107.775
    25.000     20.000      0.522    -95.785      1.655   -108.970
    30.000     20.000      0.458    -98.846      0.868   -112.510
    35.000     20.000      0.375   -101.764      0.694    -94.620
    40.000     20.000      0.317   -104.986      0.564   -102.096
    45.000     20.000      0.204   -108.509      0.263   -109.164
    50.000     20.000      0.023    -98.770      0.023    -98.770
    55.000     20.000      0.000      0.000      0.000      0.000
    60.000     20.000      0.000      0.000      0.000      0.000
    65.000     20.000      0.000      0.000      0.000      0.000
    70.000     20.000      0.000      0.000      0.000      0.000
    75.000     20.000      0.000      0.000      0.000      0.000
    80.000     20.000      0.000      0.000      0.000      0.000
    85.000     20.000      0.000      0.000      0.000      0.000
    90.000     20.000      0.000      0.000      0.000      0.000
    95.000     20.000      0.000      0.000      0.000      0.000
   100.000     20.000      0.000      0.000      0.000      0.000
   105.000     20.000      0.000      0.000      0.000      0.000
   110.000     20.000      0.000      0.000      0.000      0.000
   115.000     20.000      0.000      0.000      0.000      0.000
   120.000     20.000      0.000      0.000      0.000      0.000
   125.000     20.000      0.000      0.000      0.000      0.000
   130.000     20.000      0.000      0.000      0.000      0.000
   135.000     20.000      0.000      0.000      0.000      0.000
   140.000     20.000      0.000      0.000      0.000      0.000
   145.000     20.000      0.000      0.000      0.000      0.000
   -25.000     25.000      0.000      0.000      0.000      0.000
   -20.000     25.000      0.000      0.000      0.000      0.000
   -15.000     25.000      0.000      0.000      0.000      0.000
   -10.000     25.000      0.135    -94.802      0.846   -135.683
    -5.000     25.000      0.305    -90.582      1.825   -125.773
     0.000     25.000      0.466    -90.295      2.755   -119.254
     5.000     25.000      0.574    -92.591      3.400   -113.823
    10.000     25.000      0.642    -95.476      3.639   -110.672
    15.000     25.000      0.650    -98.140      3.392   -111.629
    20.000     25.000      0.595   -101.592      2.910   -107.895
    25.000     25.000      0.500   -105.524      1.722   -119.278
    30.000     25.000      0.373   -109.966      0.996   -129.925
    35.000     25.000      0.274   -112.194      0.525   -119.623
    40.000     25.000      0.238   -106.800      0.485   -104.842
    45.000     25.000      0.108   -119.373      0.111   -119.372
    50.000     25.000      0.008   -103.241      0.008   -103.241
    55.000     25.000      0.000      0.000      0.000      0.000
    60.000     25.000      0.000      0.000      0.000      0.000
    65.000     25.000      0.000      0.000      0.000      0.000
    70.000     25.000      0.000      0.000      0.000      0.000
    75.000     25.000      0.000      0.000      0.000      0.000
    80.000     25.000      0.000      0.000      0.000      0.000
    85.000     25.000      0.000      0.000      0.000      0.000
    90.000     25.000      0.000      0.000      0.000      0.000
    95.000     25.000      0.000      0.000      0.000      0.000
   100.000     25.000      0.000      0.000      0.000      0.000
   105.000     25.000      0.000      0.000      0.000      0.000
   110.000     25.000      0.000      0.000      0.000      0.000
   115.000     25.000      0.000      0.000      0.000      0.000
   120.000     25.000      0.000      0.000      0.000      0.000
   125.000     25.000      0.000      0.000      0.000      0.000
   130.000     25.000      0.000      0.000      0.000      0.000
   135.000     25.000      0.000      0.000      0.000      0.000
   140.000     25.000      0.000      0.000      0.000      0.000
   145.000     25.000      0.000      0.000      0.000      0.000
   -25.000     30.000      0.000      0.000      0.000      0.000
   -20.000     30.000      0.000      0.000      0.000      0.000
   -15.000     30.000      0.000      0.000      0.000      0.000
   -10.000     30.000      0.201   -107.235      0.810   -125.041
    -5.000     30.000      0.390   -104.551      1.734   -116.991
     0.000     30.000      0.538   -101.935      2.491   -110.026
     5.000     30.000      0.631   -101.896      2.974   -106.308
    10.000     30.000      0.678   -103.795      3.186   -106.974
    15.000     30.000      0.668   -106.931      3.040   -109.857
    20.000     30.000      0.611   -112.359      2.529   -110.025
    25.000     30.000      0.498   -121.521      1.606   -127.363
    30.000     30.000      0.358   -136.623      1.004   -142.735
    35.000     30.000      0.263   -148.485      0.449   -169.811
    40.000     30.000      0.229   -121.423      0.296   -122.451
    45.000     30.000      0.091   -123.617      0.093   -123.597
    50.000     30.000      0.000      0.000      0.000      0.000
    55.000     30.000      0.000      0.000      0.000      0.000
    60.000     30.000      0.000      0.000      0.000      0.000
    65.000     30.000      0.000      0.000      0.000      0.000
    70.000     30.000      0.000      0.000      0.000      0.000
    75.000     30.000      0.000      0.000      0.000      0.000
    80.000     30.000      0.000      0.000      0.000      0.000
    85.000     30.000      0.000      0.000      0.000      0.000
    90.000     30.000      0.000      0.000      0.000      0.000
    95.000     30.000      0.000      0.000      0.000      0.000
   100.000     30.000      0.000      0.000      0.000      0.000
   105.000     30.000      0.000      0.000      0.000      0.000
   110.000     30.000      0.000      0.000      0.000      0.000
   115.000     30.000      0.000      0.000      0.000      0.000
   120.000     30.000      0.000      0.000      0.000      0.000
   125.000     30.000      0.000      0.000      0.000      0.000
   130.000     30.000      0.000      0.000      0.000      0.000
   135.000     30.000      0.000      0.000      0.000      0.000
   140.000     30.000      0.000      0.000      0.000      0.000
   145.000     30.000      0.000      0.000      0.000      0.000
   -25.000     35.000      0.000      0.000      0.000      0.000
   -20.000     35.000      0.000      0.000      0.000      0.000
   -15.000     35.000      0.000      0.000      0.000      0.000
   -10.000     35.000      0.208   -102.465      0.787   -117.108
    -5.000     35.000      0.390   -105.630      1.511   -112.037
     0.000     35.000      0.516   -108.071      2.024   -109.368
     5.000     35.000      0.598   -110.174      2.312   -108.457
    10.000     35.000      0.646   -112.762      2.415   -108.873
    15.000     35.000      0.631   -117.063      2.242   -110.450
    20.000     35.000      0.572   -123.083      1.739   -114.320
    25.000     35.000      0.462   -134.328      1.174   -126.829
    30.000     35.000      0.322   -158.186      0.546   -155.881
    35.000     35.000      0.251    171.471      0.372    162.438
    40.000     35.000      0.138   -123.909      0.142   -123.902
    45.000     35.000      0.020   -107.382      0.020   -107.382
    50.000     35.000      0.000      0.000      0.000      0.000
    55.000     35.000      0.000      0.000      0.000      0.000
    60.000     35.000      0.000      0.000      0.000      0.000
    65.000     35.000      0.000      0.000      0.000      0.000
    70.000     35.000      0.000      0.000      0.000      0.000
    75.000     35.000      0.000      0.000      0.000      0.000
    80.000     35.000      0.000      0.000      0.000      0.000
    85.000     35.000      0.000      0.000      0.000      0.000
    90.000     35.000      0.000      0.000      0.000      0.000
    95.000     35.000      0.000      0.000      0.000      0.000
   100.000     35.000      0.000      0.000      0.000      0.000
   105.000     35.000      0.000      0.000      0.000      0.000
   110.000     35.000      0.000      0.000      0.000      0.000
   115.000     35.000      0.000      0.000      0.000      0.000
   120.000     35.000      0.000      0.000      0.000      0.000
   125.000     35.000      0.000      0.000      0.000      0.000
   130.000     35.000      0.000      0.000      0.000      0.000
   135.000     35.000      0.000      0.000      0.000      0.000
   140.000     35.000      0.000      0.000      0.000      0.000
   145.000     35.000      0.000      0.000      0.000      0.000
   -25.000     40.000      0.000      0.000      0.000      0.000
   -20.000     40.000      0.000      0.000      0.000      0.000
   -15.000     40.000      0.000      0.000      0.000      0.000
   -10.000     40.000      0.172   -110.999      0.520   -136.235
    -5.000     40.000      0.307   -113.211      0.905   -128.600
     0.000     40.000      0.406   -114.248      1.077   -120.438
     5.000     40.000      0.456   -117.691      1.190   -115.116
    10.000     40.000      0.475   -122.344      1.250   -115.183
    15.000     40.000      0.471   -125.114      1.097   -117.490
    20.000     40.000      0.437   -125.937      0.958   -116.789
    25.000     40.000      0.354   -131.310      0.682   -121.981
    30.000     40.000      0.203   -156.030      0.271   -143.886
    35.000     40.000      0.164    149.532      0.168    149.421
    40.000     40.000      0.012    178.261      0.012    178.261
    45.000     40.000      0.000      0.000      0.000      0.000
    50.000     40.000      0.000      0.000      0.000      0.000
    55.000     40.000      0.000      0.000      0.000      0.000
    60.000     40.000      0.000      0.000      0.000      0.000
    65.000     40.000      0.000      0.000      0.000      0.000
    70.000     40.000      0.000      0.000      0.000      0.000
    75.000     40.000      0.000      0.000      0.000      0.000
    80.000     40.000      0.000      0.000      0.000      0.000
    85.000     40.000      0.000      0.000      0.000      0.000
    90.000     40.000      0.000      0.000      0.000      0.000
    95.000     40.000      0.000      0.000      0.000      0.000
   100.000     40.000      0.000      0.000      0.000      0.000
   105.000     40.000      0.000      0.000      0.000      0.000
   110.000     40.000      0.000      0.000      0.000      0.000
   115.000     40.000      0.000      0.000      0.000      0.000
   120.000     40.000      0.000      0.000      0.000      0.000
   125.000     40.000      0.000      0.000      0.000      0.000
   130.000     40.000      0.000      0.000      0.000      0.000
   135.000     40.000      0.000      0.000      0.000      0.000
   140.000     40.000      0.000      0.000      0.000      0.000
   145.000     40.000      0.000      0.000      0.000      0.000
   -25.000     45.000      0.000      0.000      0.000      0.000
   -20.000     45.000      0.000      0.000      0.000      0.000
   -15.000     45.000      0.000      0.000      0.000      0.000
   -10.000     45.000      0.107   -126.890      0.230   -156.794
    -5.000     45.000      0.179   -122.192      0.366   -133.172
     0.000     45.000      0.212   -118.483      0.414   -113.770
     5.000     45.000      0.223   -123.927      0.403   -113.522
    10.000     45.000      0.227   -133.723      0.381   -132.442
    15.000     45.000      0.218   -137.996      0.360   -147.558
    20.000     45.000      0.187   -127.173      0.234   -122.412
    25.000     45.000      0.151   -119.306      0.156   -119.185
    30.000     45.000      0.086   -117.150      0.089   -116.856
    35.000     45.000      0.011    147.519      0.011    147.519
    40.000     45.000      0.000      0.000      0.000      0.000
    45.000     45.000      0.000      0.000      0.000      0.000
    50.000     45.000      0.000      0.000      0.000      0.000
    55.000     45.000      0.000      0.000      0.000      0.000
    60.000     45.000      0.000      0.000      0.000      0.000
    65.000     45.000      0.000      0.000      0.000      0.000
    70.000     45.000      0.000      0.000      0.000      0.000
    75.000     45.000      0.000      0.000      0.000      0.000
    80.000     45.000      0.000      0.000      0.000      0.000
    85.000     45.000      0.000      0.000      0.000      0.000
    90.000     45.000      0.000      0.000      0.000      0.000
    95.000     45.000      0.000      0.000      0.000      0.000
   100.000     45.000      0.000      0.000      0.000      0.000
   105.000     45.000      0.000      0.000      0.000      0.000
   110.000     45.000      0.000      0.000      0.000      0.000
   115.000     45.000      0.000      0.000      0.000      0.000
   120.000     45.000      0.000      0.000      0.000      0.000
   125.000     45.000      0.000      0.000      0.000      0.000
   130.000     45.000      0.000      0.000      0.000      0.000
   135.000     45.000      0.000      0.000      0.000      0.000
   140.000     45.000      0.000      0.000      0.000      0.000
   145.000     45.000      0.000      0.000      0.000      0.000
   -25.000     50.000      0.000      0.000      0.000      0.000
   -20.000     50.000      0.000      0.000      0.000      0.000
   -15.000     50.000      0.000      0.000      0.000      0.000
   -10.000     50.000      0.008    -33.768      0.009    -33.001
    -5.000     50.000      0.023    -35.988      0.024    -35.465
     0.000     50.000      0.032   -114.041      0.033   -113.814
     5.000     50.000      0.081   -147.927      0.083   -147.958
    10.000     50.000      0.098   -131.696      0.101   -131.662
    15.000     50.000      0.090   -109.347      0.093   -109.235
    20.000     50.000      0.013   -127.832      0.013   -127.832
    25.000     50.000      0.013   -108.769      0.013   -108.769
    30.000     50.000      0.000      0.000      0.000      0.000
    35.000     50.000      0.000      0.000      0.000      0.000
    40.000     50.000      0.000      0.000      0.000      0.000
    45.000     50.000      0.000      0.000      0.000      0.000
    50.000     50.000      0.000      0.000      0.000      0.000
    55.000     50.000      0.000      0.000      0.000      0.000
    60.000     50.000      0.000      0.000      0.000      0.000
    65.000     50.000      0.000      0.000      0.000      0.000
    70.000     50.000      0.000      0.000      0.000      0.000
    75.000     50.000      0.000      0.000      0.000      0.000
    80.000     50.000      0.000      0.000      0.000      0.000
    85.000     50.000      0.000      0.000      0.000      0.000
    90.000     50.000      0.000      0.000      0.000      0.000
    95.000     50.000      0.000      0.000      0.000      0.000
   100.000     50.000      0.000      0.000      0.000      0.000
   105.000     50.000      0.000      0.000      0.000      0.000
   110.000     50.000      0.000      0.000      0.000      0.000
   115.000     50.000      0.000      0.000      0.000      0.000
   120.000     50.000      0.000      0.000      0.000      0.000
   125.000     50.000      0.000      0.000      0.000      0.000
   130.000     50.000      0.000      0.000      0.000      0.000
   135.000     50.000      0.000      0.000      0.000      0.000
   140.000     50.000      0.000      0.000      0.000      0.000
   145.000     50.000      0.000      0.000      0.000      0.000
   -25.000     55.000      0.000      0.000      0.000      0.000
   -20.000     55.000      0.000      0.000      0.000      0.000
   -15.000     55.000      0.000      0.000      0.000      0.000
   -10.000     55.000      0.000      0.000      0.000      0.000
    -5.000     55.000      0.005   -109.355      0.005   -109.355
     0.000     55.000      0.005    -62.540      0.005    -62.540
     5.000     55.000      0.005    -32.460      0.005    -32.460
    10.000     55.000      0.000      0.000      0.000      0.000
    15.000     55.000      0.000      0.000      0.000      0.000
    20.000     55.000      0.000      0.000      0.000      0.000
    25.000     55.000      0.000      0.000      0.000      0.000
    30.000     55.000      0.000      0.000      0.000      0.000
    35.000     55.000      0.000      0.000      0.000      0.000
    40.000     55.000      0.000      0.000      0.000      0.000
    45.000     55.000      0.000      0.000      0.000      0.000
    50.000     55.000      0.000      0.000      0.000      0.000
    55.000     55.000      0.000      0.000      0.000      0.000
    60.000     55.000      0.000      0.000      0.000      0.000
    65.000     55.000      0.000      0.000      0.000      0.000
    70.000     55.000      0.000      0.000      0.000      0.000
    75.000     55.000      0.000      0.000      0.000      0.000
    80.000     55.000      0.000      0.000      0.000      0.000
    85.000     55.000      0.000      0.000      0.000      0.000
    90.000     55.000      0.000      0.000      0.000      0.000
    95.000     55.000      0.000      0.000      0.000      0.000
   100.000     55.000      0.000      0.000      0.000      0.000
   105.000     55.000      0.000      0.000      0.000      0.000
   110.000     55.000      0.000      0.000      0.000      0.000
   115.000     55.000      0.000      0.000      0.000      0.000
   120.000     55.000      0.000      0.000      0.000      0.000
   125.000     55.000      0.000      0.000      0.000      0.000
   130.000     55.000      0.000      0.000      0.000      0.000
   135.000     55.000      0.000      0.000      0.000      0.000
   140.000     55.000      0.000      0.000      0.000      0.000
   145.000     55.000      0.000      0.000      0.000      0.000
   -25.000     60.000      0.000      0.000      0.000      0.000
   -20.000     60.000      0.000      0.000      0.000      0.000
   -15.000     60.000      0.000      0.000      0.000      0.000
   -10.000     60.000      0.000      0.000      0.000      0.000
    -5.000     60.000      0.000      0.000      0.000      0.000
     0.000     60.000      0.000      0.000      0.000      0.000
     5.000     60.000      0.000      0.000      0.000      0.000
    10.000     60.000      0.000      0.000      0.000      0.000
    15.000     60.000      0.000      0.000      0.000      0.000
    20.000     60.000      0.000      0.000      0.000      0.000
    25.000     60.000      0.000      0.000      0.000      0.000
    30.000     60.000      0.000      0.000      0.000      0.000
    35.000     60.000      0.000      0.000      0.000      0.000
    40.000     60.000      0.000      0.000      0.000      0.000
    45.000     60.000      0.000      0.000      0.000      0.000
    50.000     60.000      0.000      0.000      0.000      0.000
    55.000     60.000      0.000      0.000      0.000      0.000
    60.000     60.000      0.000      0.000      0.000      0.000
    65.000     60.000      0.000      0.000      0.000      0.000
    70.000     60.000      0.000      0.000      0.000      0.000
    75.000     60.000      0.000      0.000      0.000      0.000
    80.000     60.000      0.000      0.000      0.000      0.000
    85.000     60.000      0.000      0.000      0.000      0.000
    90.000     60.000      0.000      0.000      0.000      0.000
    95.000     60.000      0.000      0.000      0.000      0.000
   100.000     60.000      0.000      0.000      0.000      0.000
   105.000     60.000      0.000      0.000      0.000      0.000
   110.000     60.000      0.000      0.000      0.000      0.000
   115.000     60.000      0.000      0.000      0.000      0.000
   120.000     60.000      0.000      0.000      0.000      0.000
   125.000     60.000      0.000      0.000      0.000      0.000
   130.000     60.000      0.000      0.000      0.000      0.000
   135.000     60.000      0.000      0.000      0.000      0.000
   140.000     60.000      0.000      0.000      0.000      0.000
   145.000     60.000      0.000      0.000      0.000      0.000
   -25.000     65.000      0.000      0.000      0.000      0.000
   -20.000     65.000      0.000      0.000      0.000      0.000
   -15.000     65.000      0.000      0.000      0.000      0.000
   -10.000     65.000      0.000      0.000      0.000      0.000
    -5.000     65.000      0.000      0.000      0.000      0.000
     0.000     65.000      0.000      0.000      0.000      0.000
     5.000     65.000      0.000      0.000      0.000      0.000
    10.000     65.000      0.000      0.000      0.000      0.000
    15.000     65.000      0.000      0.000      0.000      0.000
    20.000     65.000      0.000      0.000      0.000      0.000
    25.000     65.000      0.000      0.000      0.000      0.000
    30.000     65.000      0.000      0.000      0.000      0.000
    35.000     65.000      0.000      0.000      0.000      0.000
    40.000     65.000      0.000      0.000      0.000      0.000
    45.000     65.000      0.000      0.000      0.000      0.000
    50.000     65.000      0.000      0.000      0.000      0.000
    55.000     65.000      0.000      0.000      0.000      0.000
    60.000     65.000      0.000      0.000      0.000      0.000
    65.000     65.000      0.000      0.000      0.000      0.000
    70.000     65.000      0.000      0.000      0.000      0.000
    75.000     65.000      0.000      0.000      0.000      0.000
    80.000     65.000      0.000      0.000      0.000      0.000
    85.000     65.000      0.000      0.000      0.000      0.000
    90.000     65.000      0.000      0.000      0.000      0.000
    95.000     65.000      0.000      0.000      0.000      0.000
   100.000     65.000      0.000      0.000      0.000      0.000
   105.000     65.000      0.000      0.000      0.000      0.000
   110.000     65.000      0.000      0.000      0.000      0.000
   115.000     65.000      0.000      0.000      0.000      0.000
   120.000     65.000      0.000      0.000      0.000      0.000
   125.000     65.000      0.000      0.000      0.000      0.000
   130.000     65.000      0.000      0.000      0.000      0.000
   135.000     65.000      0.000      0.000      0.000      0.000
   140.000     65.000      0.000      0.000      0.000      0.000
   145.000     65.000      0.000      0.000      0.000      0.000
   -25.000     70.000      0.000      0.000      0.000      0.000
   -20.000     70.000      0.000      0.000      0.000      0.000
   -15.000     70.000      0.000      0.000      0.000      0.000
   -10.000     70.000      0.000      0.000      0.000      0.000
    -5.000     70.000      0.000      0.000      0.000      0.000
     0.000     70.000      0.000      0.000      0.000      0.000
     5.000     70.000      0.000      0.000      0.000      0.000
    10.000     70.000      0.000      0.000      0.000      0.000
    15.000     70.000      0.000      0.000      0.000      0.000
    20.000     70.000      0.000      0.000      0.000      0.000
    25.000     70.000      0.000      0.000      0.000      0.000
    30.000     70.000      0.000      0.000      0.000      0.000
    35.000     70.000      0.000      0.000      0.000      0.000
    40.000     70.000      0.000      0.000      0.000      0.000
    45.000     70.000      0.000      0.000      0.000      0.000
    50.000     70.000      0.000      0.000      0.000      0.000
    55.000     70.000      0.000      0.000      0.000      0.000
    60.000     70.000      0.000      0.000      0.000      0.000
    65.000     70.000      0.000      0.000      0.000      0.000
    70.000     70.000      0.000      0.000      0.000      0.000
    75.000     70.000      0.000      0.000      0.000      0.000
    80.000     70.000      0.000      0.000      0.000      0.000
    85.000     70.000      0.000      0.000      0.000      0.000
    90.000     70.000      0.000      0.000      0.000      0.000
    95.000     70.000      0.000      0.000      0.000      0.000
   100.000     70.000      0.000      0.000      0.000      0.000
   105.000     70.000      0.000      0.000      0.000      0.000
   110.000     70.000      0.000      0.000      0.000      0.000
   115.000     70.000      0.000      0.000      0.000      0.000
   120.000     70.000      0.000      0.000      0.000      0.000
   125.000     70.000      0.000      0.000      0.000      0.000
   130.000     70.000      0.000      0.000      0.000      0.000
   135.000     70.000      0.000      0.000      0.000      0.000
   140.000     70.000      0.000      0.000      0.000      0.000
   145.000     70.000      0.000      0.000      0.000      0.000
   -25.000     75.000      0.000      0.000      0.000      0.000
   -20.000     75.000      0.000      0.000      0.000      0.000
   -15.000     75.000      0.000      0.000      0.000      0.000
   -10.000     75.000      0.000      0.000      0.000      0.000
    -5.000     75.000      0.000      0.000      0.000      0.000
     0.000     75.000      0.000      0.000      0.000      0.000
     5.000     75.000      0.000      0.000      0.000      0.000
    10.000     75.000      0.000      0.000      0.000      0.000
    15.000     75.000      0.000      0.000      0.000      0.000
    20.000     75.000      0.000      0.000      0.000      0.000
    25.000     75.000      0.000      0.000      0.000      0.000
    30.000     75.000      0.000      0.000      0.000      0.000
    35.000     75.000      0.000      0.000      0.000      0.000
    40.000     75.000      0.000      0.000      0.000      0.000
    45.000     75.000      0.000      0.000      0.000      0.000
    50.000     75.000      0.000      0.000      0.000      0.000
    55.000     75.000      0.000      0.000      0.000      0.000
    60.000     75.000      0.000      0.000      0.000      0.000
    65.000     75.000      0.000      0.000      0.000      0.000
    70.000     75.000      0.000      0.000      0.000      0.000
    75.000     75.000      0.000      0.000      0.000      0.000
    80.000     75.000      0.000      0.000      0.000      0.000
    85.000     75.000      0.000      0.000      0.000      0.000
    90.000     75.000      0.000      0.000      0.000      0.000
    95.000     75.000      0.000      0.000      0.000      0.000
   100.000     75.000      0.000      0.000      0.000      0.000
   105.000     75.000      0.000      0.000      0.000      0.000
   110.000     75.000      0.000      0.000      0.000      0.000
   115.000     75.000      0.000      0.000      0.000      0.000
   120.000     75.000      0.000      0.000      0.000      0.000
   125.000     75.000      0.000      0.000      0.000      0.000
   130.000     75.000      0.000      0.000      0.000      0.000
   135.000     75.000      0.000      0.000      0.000      0.000
   140.000     75.000      0.000      0.000      0.000      0.000
   145.000     75.000      0.000      0.000      0.000      0.000
