   -25.000    -15.000      0.000      0.000      0.000      0.000
   -20.000    -15.000      0.000      0.000      0.000      0.000
   -15.000    -15.000      0.000      0.000      0.000      0.000
   -10.000    -15.000      0.000      0.000      0.000      0.000
    -5.000    -15.000      0.000      0.000      0.000      0.000
     0.000    -15.000      0.000      0.000      0.000      0.000
     5.000    -15.000      0.000      0.000      0.000      0.000
    10.000    -15.000      0.000      0.000      0.000      0.000
    15.000    -15.000      0.000      0.000      0.000      0.000
    20.000    -15.000      0.000      0.000      0.000      0.000
    25.000    -15.000      0.000      0.000      0.000      0.000
    30.000    -15.000      0.000      0.000      0.000      0.000
    35.000    -15.000      0.000      0.000      0.000      0.000
    40.000    -15.000      0.000      0.000      0.000      0.000
    45.000    -15.000      0.000      0.000      0.000      0.000
    50.000    -15.000      0.000      0.000      0.000      0.000
    55.000    -15.000      0.000      0.000      0.000      0.000
    60.000    -15.000      0.000      0.000      0.000      0.000
    65.000    -15.000      0.000      0.000      0.000      0.000
    70.000    -15.000      0.000      0.000      0.000      0.000
    75.000    -15.000      0.000      0.000      0.000      0.000
    80.000    -15.000      0.000      0.000      0.000      0.000
    85.000    -15.000      0.000      0.000      0.000      0.000
    90.000    -15.000      0.000      0.000      0.000      0.000
    95.000    -15.000      0.000      0.000      0.000      0.000
   100.000    -15.000      0.000      0.000      0.000      0.000
   105.000    -15.000      0.000      0.000      0.000      0.000
   110.000    -15.000      0.000      0.000      0.000      0.000
   115.000    -15.000      0.000      0.000      0.000      0.000
   120.000    -15.000      0.000      0.000      0.000      0.000
   125.000    -15.000      0.000      0.000      0.000      0.000
   130.000    -15.000      0.000      0.000      0.000      0.000
   135.000    -15.000      0.000      0.000      0.000      0.000
   140.000    -15.000      0.000      0.000      0.000      0.000
   145.000    -15.000      0.000      0.000      0.000      0.000
   -25.000    -10.000      0.000      0.000      0.000      0.000
   -20.000    -10.000      0.000      0.000      0.000      0.000
   -15.000    -10.000      0.000      0.000      0.000      0.000
   -10.000    -10.000      0.000      0.000      0.000      0.000
    -5.000    -10.000      0.000      0.000      0.000      0.000
     0.000    -10.000      0.000      0.000      0.000      0.000
     5.000    -10.000      0.000      0.000      0.000      0.000
    10.000    -10.000      0.000      0.000      0.000      0.000
    15.000    -10.000      0.000      0.000      0.000      0.000
    20.000    -10.000      0.000      0.000      0.000      0.000
    25.000    -10.000      0.000      0.000      0.000      0.000
    30.000    -10.000      0.000      0.000      0.000      0.000
    35.000    -10.000      0.000      0.000      0.000      0.000
    40.000    -10.000      0.000      0.000      0.000      0.000
    45.000    -10.000      0.000      0.000      0.000      0.000
    50.000    -10.000      0.000      0.000      0.000      0.000
    55.000    -10.000      0.000      0.000      0.000      0.000
    60.000    -10.000      0.000      0.000      0.000      0.000
    65.000    -10.000      0.000      0.000      0.000      0.000
    70.000    -10.000      0.000      0.000      0.000      0.000
    75.000    -10.000      0.000      0.000      0.000      0.000
    80.000    -10.000      0.000      0.000      0.000      0.000
    85.000    -10.000      0.000      0.000      0.000      0.000
    90.000    -10.000      0.000      0.000      0.000      0.000
    95.000    -10.000      0.000      0.000      0.000      0.000
   100.000    -10.000      0.000      0.000      0.000      0.000
   105.000    -10.000      0.000      0.000      0.000      0.000
   110.000    -10.000      0.000      0.000      0.000      0.000
   115.000    -10.000      0.000      0.000      0.000      0.000
   120.000    -10.000      0.000      0.000      0.000      0.000
   125.000    -10.000      0.000      0.000      0.000      0.000
   130.000    -10.000      0.000      0.000      0.000      0.000
   135.000    -10.000      0.000      0.000      0.000      0.000
   140.000    -10.000      0.000      0.000      0.000      0.000
   145.000    -10.000      0.000      0.000      0.000      0.000
   -25.000     -5.000      0.000      0.000      0.000      0.000
   -20.000     -5.000      0.000      0.000      0.000      0.000
   -15.000     -5.000      0.000      0.000      0.000      0.000
   -10.000     -5.000      0.000      0.000      0.000      0.000
    -5.000     -5.000      0.000      0.000      0.000      0.000
     0.000     -5.000      0.000      0.000      0.000      0.000
     5.000     -5.000      0.000      0.000      0.000      0.000
    10.000     -5.000      0.000      0.000      0.000      0.000
    15.000     -5.000      0.000      0.000      0.000      0.000
    20.000     -5.000      0.000      0.000      0.000      0.000
    25.000     -5.000      0.000      0.000      0.000      0.000
    30.000     -5.000      0.000      0.000      0.000      0.000
    35.000     -5.000      0.000      0.000      0.000      0.000
    40.000     -5.000      0.000      0.000      0.000      0.000
    45.000     -5.000      0.000      0.000      0.000      0.000
    50.000     -5.000      0.000      0.000      0.000      0.000
    55.000     -5.000      0.000      0.000      0.000      0.000
    60.000     -5.000      0.000      0.000      0.000      0.000
    65.000     -5.000      0.000      0.000      0.000      0.000
    70.000     -5.000      0.000      0.000      0.000      0.000
    75.000     -5.000      0.000      0.000      0.000      0.000
    80.000     -5.000      0.000      0.000      0.000      0.000
    85.000     -5.000      0.000      0.000      0.000      0.000
    90.000     -5.000      0.000      0.000      0.000      0.000
    95.000     -5.000      0.000      0.000      0.000      0.000
   100.000     -5.000      0.000      0.000      0.000      0.000
   105.000     -5.000      0.000      0.000      0.000      0.000
   110.000     -5.000      0.000      0.000      0.000      0.000
   115.000     -5.000      0.000      0.000      0.000      0.000
   120.000     -5.000      0.000      0.000      0.000      0.000
   125.000     -5.000      0.000      0.000      0.000      0.000
   130.000     -5.000      0.000      0.000      0.000      0.000
   135.000     -5.000      0.000      0.000      0.000      0.000
   140.000     -5.000      0.000      0.000      0.000      0.000
   145.000     -5.000      0.000      0.000      0.000      0.000
   -25.000      0.000      0.000      0.000      0.000      0.000
   -20.000      0.000      0.000      0.000      0.000      0.000
   -15.000      0.000      0.000      0.000      0.000      0.000
   -10.000      0.000      0.000      0.000      0.518    -32.800
    -5.000      0.000      0.000      0.000      1.219    -73.463
     0.000      0.000      0.000      0.000      2.067    -80.786
     5.000      0.000      0.000      0.000      2.766    -80.382
    10.000      0.000      0.000      0.000      2.939    -75.004
    15.000      0.000      0.000      0.000      3.025    -67.088
    20.000      0.000      0.000      0.000      3.194    -61.930
    25.000      0.000      0.000      0.000      3.212    -63.217
    30.000      0.000      0.000      0.000      3.461    -72.356
    35.000      0.000      0.000      0.000      4.074    -81.411
    40.000      0.000      0.000      0.000      4.738    -80.232
    45.000      0.000      0.000      0.000      4.570    -77.229
    50.000      0.000      0.000      0.000      4.134    -73.192
    55.000      0.000      0.000      0.000      4.005    -71.805
    60.000      0.000      0.022     80.335      3.843    -73.996
    65.000      0.000      0.021    111.653      3.341    -70.848
    70.000      0.000      0.032    116.115      2.913    -59.240
    75.000      0.000      0.038    111.964      2.805    -55.440
    80.000      0.000      0.037     98.409      2.903    -51.755
    85.000      0.000      0.034     80.254      2.880    -41.550
    90.000      0.000      0.036     64.254      2.824    -32.296
    95.000      0.000      0.045     56.267      2.911    -23.551
   100.000      0.000      0.054     50.511      2.886    -21.444
   105.000      0.000      0.057     46.202      2.670    -21.978
   110.000      0.000      0.050     48.849      2.205    -23.404
   115.000      0.000      0.041     56.588      1.567     -6.768
   120.000      0.000      0.033     72.970      1.096      8.743
   125.000      0.000      0.027    103.099      0.742     22.629
   130.000      0.000      0.022    118.419      0.482     52.177
   135.000      0.000      0.000      0.000      0.000      0.000
   140.000      0.000      0.000      0.000      0.000      0.000
   145.000      0.000      0.000      0.000      0.000      0.000
   -25.000      5.000      0.000      0.000      0.000      0.000
   -20.000      5.000      0.000      0.000      0.000      0.000
   -15.000      5.000      0.000      0.000      0.000      0.000
   -10.000      5.000      0.000      0.000      1.123    -61.504
    -5.000      5.000      0.000      0.000      2.353    -80.680
     0.000      5.000      0.000      0.000      4.021    -85.613
     5.000      5.000      0.000      0.000      5.459    -85.123
    10.000      5.000      0.000      0.000      6.039    -80.896
    15.000      5.000      0.000      0.000      6.169    -73.749
    20.000      5.000      0.000      0.000      6.066    -71.365
    25.000      5.000      0.000      0.000      6.192    -70.040
    30.000      5.000      0.000      0.000      6.809    -76.372
    35.000      5.000      0.000      0.000      7.628    -80.503
    40.000      5.000      0.000      0.000      8.713    -82.781
    45.000      5.000      0.000      0.000      8.280    -80.366
    50.000      5.000      0.000      0.000      7.500    -75.798
    55.000      5.000      0.000      0.000      7.090    -74.340
    60.000      5.000      0.055     74.329      6.639    -73.717
    65.000      5.000      0.063     77.671      6.146    -71.390
    70.000      5.000      0.059     78.878      5.263    -60.234
    75.000      5.000      0.055     78.033      5.089    -52.534
    80.000      5.000      0.058     72.224      5.083    -47.384
    85.000      5.000      0.067     61.038      5.073    -39.611
    90.000      5.000      0.072     49.718      5.015    -30.706
    95.000      5.000      0.073     41.266      5.149    -20.567
   100.000      5.000      0.076     33.820      5.273    -21.505
   105.000      5.000      0.082     34.503      4.777    -19.479
   110.000      5.000      0.084     39.861      3.823    -14.751
   115.000      5.000      0.079     47.686      2.985      1.583
   120.000      5.000      0.069     52.090      2.295     12.613
   125.000      5.000      0.061     57.094      1.566     22.473
   130.000      5.000      0.050     58.513      0.868     44.371
   135.000      5.000      0.000      0.000      0.000      0.000
   140.000      5.000      0.000      0.000      0.000      0.000
   145.000      5.000      0.000      0.000      0.000      0.000
   -25.000     10.000      0.000      0.000      0.000      0.000
   -20.000     10.000      0.000      0.000      0.000      0.000
   -15.000     10.000      0.000      0.000      0.000      0.000
   -10.000     10.000      0.000      0.000      1.820    -80.797
    -5.000     10.000      0.000      0.000      3.253    -84.869
     0.000     10.000      0.000      0.000      5.306    -87.417
     5.000     10.000      0.000      0.000      7.129    -86.843
    10.000     10.000      0.000      0.000      7.763    -82.829
    15.000     10.000      0.000      0.000      7.793    -77.954
    20.000     10.000      0.000      0.000      8.092    -77.643
    25.000     10.000      0.000      0.000      8.649    -78.230
    30.000     10.000      0.000      0.000      9.698    -81.024
    35.000     10.000      0.000      0.000     10.713    -82.903
    40.000     10.000      0.000      0.000     11.270    -84.462
    45.000     10.000      0.000      0.000     10.823    -83.156
    50.000     10.000      0.000      0.000      9.685    -79.211
    55.000     10.000      0.001     53.448      9.130    -77.127
    60.000     10.000      0.032     73.145      8.170    -75.018
    65.000     10.000      0.060     62.967      7.347    -70.391
    70.000     10.000      0.066     55.600      6.553    -60.503
    75.000     10.000      0.069     48.651      6.407    -50.129
    80.000     10.000      0.075     40.708      6.463    -42.866
    85.000     10.000      0.086     32.579      6.567    -35.844
    90.000     10.000      0.098     27.607      6.568    -29.314
    95.000     10.000      0.114     26.281      6.691    -20.730
   100.000     10.000      0.132     26.613      6.795    -19.542
   105.000     10.000      0.143     26.082      6.150    -14.771
   110.000     10.000      0.140     25.150      5.019     -3.917
   115.000     10.000      0.129     27.441      4.077      8.702
   120.000     10.000      0.112     33.019      3.226     17.018
   125.000     10.000      0.091     39.906      2.234     30.945
   130.000     10.000      0.060     44.534      1.177     34.231
   135.000     10.000      0.000      0.000      0.000      0.000
   140.000     10.000      0.000      0.000      0.000      0.000
   145.000     10.000      0.000      0.000      0.000      0.000
   -25.000     15.000      0.000      0.000      0.000      0.000
   -20.000     15.000      0.000      0.000      0.000      0.000
   -15.000     15.000      0.000      0.000      0.000      0.000
   -10.000     15.000      0.000      0.000      2.105    -90.216
    -5.000     15.000      0.000      0.000      3.514    -86.767
     0.000     15.000      0.000      0.000      5.427    -87.436
     5.000     15.000      0.000      0.000      7.321    -87.388
    10.000     15.000      0.000      0.000      8.517    -85.797
    15.000     15.000      0.000      0.000      8.772    -83.932
    20.000     15.000      0.000      0.000      9.373    -83.527
    25.000     15.000      0.000      0.000     10.366    -85.972
    30.000     15.000      0.000      0.000     11.016    -87.570
    35.000     15.000      0.000      0.000     12.086    -87.624
    40.000     15.000      0.000      0.000     12.594    -88.602
    45.000     15.000      0.000      0.000     11.946    -86.720
    50.000     15.000      0.000      0.000     10.658    -83.038
    55.000     15.000      0.007     66.978      9.426    -79.822
    60.000     15.000      0.018     27.509      8.445    -76.568
    65.000     15.000      0.032      2.376      7.293    -69.397
    70.000     15.000      0.044     -3.440      6.891    -60.853
    75.000     15.000      0.062     -4.375      6.834    -48.118
    80.000     15.000      0.084     -3.618      6.887    -36.751
    85.000     15.000      0.115     -1.015      7.107    -30.635
    90.000     15.000      0.148      2.633      7.205    -25.361
    95.000     15.000      0.176      7.404      7.363    -21.126
   100.000     15.000      0.200     12.476      7.215    -16.461
   105.000     15.000      0.213     15.804      6.508     -8.421
   110.000     15.000      0.214     19.180      5.790      4.668
   115.000     15.000      0.196     22.444      4.898     15.160
   120.000     15.000      0.160     26.475      3.918     23.215
   125.000     15.000      0.108     32.361      2.773     30.632
   130.000     15.000      0.053     43.378      1.380     32.346
   135.000     15.000      0.000      0.000      0.000      0.000
   140.000     15.000      0.000      0.000      0.000      0.000
   145.000     15.000      0.000      0.000      0.000      0.000
   -25.000     20.000      0.000      0.000      0.000      0.000
   -20.000     20.000      0.000      0.000      0.000      0.000
   -15.000     20.000      0.000      0.000      0.000      0.000
   -10.000     20.000      0.000      0.000      1.928    -94.915
    -5.000     20.000      0.000      0.000      3.647    -90.206
     0.000     20.000      0.000      0.000      5.414    -89.171
     5.000     20.000      0.000      0.000      7.228    -90.401
    10.000     20.000      0.000      0.000      8.708    -91.326
    15.000     20.000      0.000      0.000      9.219    -90.391
    20.000     20.000      0.000      0.000     10.281    -91.074
    25.000     20.000      0.000      0.000     11.016    -93.866
    30.000     20.000      0.000      0.000     11.484    -95.402
    35.000     20.000      0.000      0.000     12.203    -94.217
    40.000     20.000      0.000      0.000     12.525    -93.675
    45.000     20.000      0.000      0.000     11.808    -91.647
    50.000     20.000      0.000      0.000     10.339    -87.932
    55.000     20.000      0.006    -55.751      8.718    -83.383
    60.000     20.000      0.065    -45.763      7.726    -77.914
    65.000     20.000      0.081    -56.865      6.583    -68.748
    70.000     20.000      0.085    -51.889      6.338    -58.214
    75.000     20.000      0.096    -38.765      6.452    -44.234
    80.000     20.000      0.124    -22.869      6.634    -30.738
    85.000     20.000      0.167    -10.796      6.957    -24.747
    90.000     20.000      0.208     -3.844      7.078    -19.372
    95.000     20.000      0.243      0.503      7.176    -17.394
   100.000     20.000      0.266      4.723      6.752     -9.778
   105.000     20.000      0.273     10.163      6.376      2.384
   110.000     20.000      0.269     15.914      6.045     14.289
   115.000     20.000      0.245     20.027      5.512     23.255
   120.000     20.000      0.195     22.027      4.431     30.278
   125.000     20.000      0.129     21.043      3.055     33.076
   130.000     20.000      0.057     10.937      1.513     37.603
   135.000     20.000      0.000      0.000      0.000      0.000
   140.000     20.000      0.000      0.000      0.000      0.000
   145.000     20.000      0.000      0.000      0.000      0.000
   -25.000     25.000      0.000      0.000      0.000      0.000
   -20.000     25.000      0.000      0.000      0.000      0.000
   -15.000     25.000      0.000      0.000      0.000      0.000
   -10.000     25.000      0.000      0.000      1.665    -87.802
    -5.000     25.000      0.000      0.000      3.477    -89.011
     0.000     25.000      0.000      0.000      5.341    -91.172
     5.000     25.000      0.000      0.000      7.161    -93.092
    10.000     25.000      0.000      0.000      8.696    -95.368
    15.000     25.000      0.000      0.000      9.738    -98.380
    20.000     25.000      0.000      0.000     10.785    -99.569
    25.000     25.000      0.000      0.000     10.814   -103.779
    30.000     25.000      0.000      0.000     11.099   -105.677
    35.000     25.000      0.000      0.000     11.309   -104.444
    40.000     25.000      0.000      0.000     11.554   -102.005
    45.000     25.000      0.000      0.000     10.596    -99.320
    50.000     25.000      0.000      0.000      9.065    -94.317
    55.000     25.000      0.070    -54.843      7.401    -87.767
    60.000     25.000      0.138    -57.965      6.049    -78.699
    65.000     25.000      0.159    -60.788      5.360    -67.893
    70.000     25.000      0.163    -55.559      5.150    -53.286
    75.000     25.000      0.167    -45.447      5.388    -34.772
    80.000     25.000      0.179    -30.686      5.947    -24.948
    85.000     25.000      0.200    -19.357      6.350    -18.505
    90.000     25.000      0.227     -9.086      6.602    -16.032
    95.000     25.000      0.256     -1.872      6.320    -11.100
   100.000     25.000      0.282      4.548      5.951     -1.611
   105.000     25.000      0.301      8.802      5.829     11.936
   110.000     25.000      0.309     11.948      5.890     20.695
   115.000     25.000      0.294     14.206      5.510     29.383
   120.000     25.000      0.254     15.620      4.506     31.690
   125.000     25.000      0.192     17.156      3.237     35.322
   130.000     25.000      0.109     18.444      1.775     43.741
   135.000     25.000      0.000      0.000      0.000      0.000
   140.000     25.000      0.000      0.000      0.000      0.000
   145.000     25.000      0.000      0.000      0.000      0.000
   -25.000     30.000      0.000      0.000      0.000      0.000
   -20.000     30.000      0.000      0.000      0.000      0.000
   -15.000     30.000      0.000      0.000      0.000      0.000
   -10.000     30.000      0.000      0.000      1.787    -98.635
    -5.000     30.000      0.000      0.000      3.689    -98.055
     0.000     30.000      0.000      0.000      5.391    -97.814
     5.000     30.000      0.000      0.000      6.845    -99.364
    10.000     30.000      0.000      0.000      8.089   -103.188
    15.000     30.000      0.000      0.000      9.099   -107.727
    20.000     30.000      0.000      0.000      9.809   -110.284
    25.000     30.000      0.000      0.000      9.907   -116.475
    30.000     30.000      0.000      0.000     10.084   -119.214
    35.000     30.000      0.000      0.000      9.832   -119.169
    40.000     30.000      0.000      0.000      9.922   -114.539
    45.000     30.000      0.000      0.000      8.917   -110.400
    50.000     30.000      0.007    -55.285      7.246   -103.465
    55.000     30.000      0.110    -54.432      5.283    -93.668
    60.000     30.000      0.203    -58.539      4.066    -79.720
    65.000     30.000      0.241    -59.505      3.495    -64.324
    70.000     30.000      0.242    -57.029      3.501    -43.963
    75.000     30.000      0.235    -51.248      4.131    -22.702
    80.000     30.000      0.228    -42.021      5.050    -13.824
    85.000     30.000      0.224    -29.666      5.746    -11.932
    90.000     30.000      0.239    -15.380      5.694     -7.305
    95.000     30.000      0.267     -4.034      5.280     -0.615
   100.000     30.000      0.294      4.452      4.974     10.640
   105.000     30.000      0.314     11.031      5.100     20.721
   110.000     30.000      0.331     16.224      5.285     28.026
   115.000     30.000      0.333     19.812      5.145     34.091
   120.000     30.000      0.306     21.504      4.288     33.339
   125.000     30.000      0.237     22.556      3.261     37.549
   130.000     30.000      0.130     22.297      1.777     43.351
   135.000     30.000      0.000      0.000      0.000      0.000
   140.000     30.000      0.000      0.000      0.000      0.000
   145.000     30.000      0.000      0.000      0.000      0.000
   -25.000     35.000      0.000      0.000      0.000      0.000
   -20.000     35.000      0.000      0.000      0.000      0.000
   -15.000     35.000      0.000      0.000      0.000      0.000
   -10.000     35.000      0.000      0.000      1.782   -109.371
    -5.000     35.000      0.000      0.000      3.363   -108.572
     0.000     35.000      0.000      0.000      4.610   -109.845
     5.000     35.000      0.000      0.000      5.651   -113.008
    10.000     35.000      0.000      0.000      6.688   -117.233
    15.000     35.000      0.000      0.000      7.576   -121.371
    20.000     35.000      0.000      0.000      8.225   -125.980
    25.000     35.000      0.000      0.000      8.598   -131.963
    30.000     35.000      0.000      0.000      8.586   -136.165
    35.000     35.000      0.000      0.000      8.459   -137.071
    40.000     35.000      0.000      0.000      8.310   -130.506
    45.000     35.000      0.000      0.000      7.059   -125.453
    50.000     35.000      0.011    -60.638      5.123   -119.461
    55.000     35.000      0.102    -56.635      3.405   -107.969
    60.000     35.000      0.207    -58.142      2.193    -88.674
    65.000     35.000      0.265    -58.486      1.576    -54.990
    70.000     35.000      0.281    -57.035      2.050    -23.346
    75.000     35.000      0.274    -51.568      3.149     -5.017
    80.000     35.000      0.254    -42.823      4.111     -1.605
    85.000     35.000      0.238    -31.270      4.718     -1.171
    90.000     35.000      0.235    -17.433      4.576      3.466
    95.000     35.000      0.249     -4.146      4.207     13.345
   100.000     35.000      0.276      7.959      4.256     24.510
   105.000     35.000      0.301     16.680      4.417     30.354
   110.000     35.000      0.313     22.598      4.644     37.339
   115.000     35.000      0.309     26.507      4.433     38.632
   120.000     35.000      0.286     28.619      3.908     37.921
   125.000     35.000      0.231     30.917      2.934     40.178
   130.000     35.000      0.131     33.899      1.510     42.275
   135.000     35.000      0.000      0.000      0.000      0.000
   140.000     35.000      0.000      0.000      0.000      0.000
   145.000     35.000      0.000      0.000      0.000      0.000
   -25.000     40.000      0.000      0.000      0.000      0.000
   -20.000     40.000      0.000      0.000      0.000      0.000
   -15.000     40.000      0.000      0.000      0.000      0.000
   -10.000     40.000      0.000      0.000      1.205   -137.904
    -5.000     40.000      0.000      0.000      2.299   -135.914
     0.000     40.000      0.000      0.000      3.157   -135.328
     5.000     40.000      0.000      0.000      4.017   -136.368
    10.000     40.000      0.000      0.000      5.001   -138.994
    15.000     40.000      0.000      0.000      5.885   -143.179
    20.000     40.000      0.000      0.000      6.780   -145.469
    25.000     40.000      0.000      0.000      7.403   -149.560
    30.000     40.000      0.000      0.000      7.553   -153.369
    35.000     40.000      0.000      0.000      7.405   -154.742
    40.000     40.000      0.000      0.000      6.828   -149.434
    45.000     40.000      0.029   -151.773      5.436   -146.545
    50.000     40.000      0.032   -137.820      3.828   -144.836
    55.000     40.000      0.084    -75.911      2.236   -138.981
    60.000     40.000      0.173    -64.399      0.797   -126.687
    65.000     40.000      0.231    -60.514      0.480    -23.341
    70.000     40.000      0.247    -56.294      1.304     13.938
    75.000     40.000      0.235    -49.420      2.557     13.816
    80.000     40.000      0.214    -38.563      3.424     15.037
    85.000     40.000      0.197    -23.326      3.746     14.614
    90.000     40.000      0.195     -5.528      3.666     18.867
    95.000     40.000      0.207     10.270      3.488     28.303
   100.000     40.000      0.237     23.201      3.487     36.527
   105.000     40.000      0.273     32.077      3.649     42.123
   110.000     40.000      0.300     37.502      3.823     43.631
   115.000     40.000      0.306     41.260      3.736     43.779
   120.000     40.000      0.279     43.346      3.335     42.221
   125.000     40.000      0.217     44.169      2.496     42.246
   130.000     40.000      0.122     44.723      1.323     44.008
   135.000     40.000      0.000      0.000      0.000      0.000
   140.000     40.000      0.000      0.000      0.000      0.000
   145.000     40.000      0.000      0.000      0.000      0.000
   -25.000     45.000      0.000      0.000      0.000      0.000
   -20.000     45.000      0.000      0.000      0.000      0.000
   -15.000     45.000      0.000      0.000      0.000      0.000
   -10.000     45.000      0.000      0.000      0.824   -179.796
    -5.000     45.000      0.000      0.000      1.550   -171.912
     0.000     45.000      0.000      0.000      2.252   -167.716
     5.000     45.000      0.000      0.000      3.082   -166.618
    10.000     45.000      0.000      0.000      4.029   -166.306
    15.000     45.000      0.000      0.000      4.953   -165.875
    20.000     45.000      0.000      0.000      5.660   -166.083
    25.000     45.000      0.000      0.000      6.314   -168.419
    30.000     45.000      0.000      0.000      6.600   -170.023
    35.000     45.000      0.000      0.000      6.482   -169.700
    40.000     45.000      0.061   -144.876      5.858   -164.882
    45.000     45.000      0.084   -154.069      4.780   -164.606
    50.000     45.000      0.078   -152.422      3.345   -169.991
    55.000     45.000      0.087   -114.101      1.886    179.737
    60.000     45.000      0.128    -87.142      0.934    139.250
    65.000     45.000      0.165    -73.505      0.801     86.111
    70.000     45.000      0.175    -62.549      1.283     55.799
    75.000     45.000      0.161    -51.232      2.098     44.795
    80.000     45.000      0.138    -33.341      2.909     36.962
    85.000     45.000      0.130     -7.842      3.038     34.591
    90.000     45.000      0.154     17.848      2.967     35.831
    95.000     45.000      0.192     33.266      2.826     42.215
   100.000     45.000      0.239     42.575      2.931     50.465
   105.000     45.000      0.287     47.882      2.947     52.895
   110.000     45.000      0.318     50.696      3.107     51.421
   115.000     45.000      0.316     52.369      3.096     49.245
   120.000     45.000      0.279     53.208      2.731     47.180
   125.000     45.000      0.212     54.577      2.017     47.074
   130.000     45.000      0.122     56.045      1.113     49.364
   135.000     45.000      0.000      0.000      0.000      0.000
   140.000     45.000      0.000      0.000      0.000      0.000
   145.000     45.000      0.000      0.000      0.000      0.000
   -25.000     50.000      0.000      0.000      0.000      0.000
   -20.000     50.000      0.000      0.000      0.000      0.000
   -15.000     50.000      0.000      0.000      0.000      0.000
   -10.000     50.000      0.000      0.000      0.759    140.619
    -5.000     50.000      0.000      0.000      1.441    145.709
     0.000     50.000      0.000      0.000      2.113    153.072
     5.000     50.000      0.000      0.000      2.830    161.898
    10.000     50.000      0.000      0.000      3.483    170.856
    15.000     50.000      0.000      0.000      4.073    176.910
    20.000     50.000      0.000      0.000      4.737    176.468
    25.000     50.000      0.000      0.000      5.308    177.242
    30.000     50.000      0.004    157.791      5.584    175.682
    35.000     50.000      0.027   -173.872      5.451    178.853
    40.000     50.000      0.089   -164.903      5.005   -176.535
    45.000     50.000      0.116   -164.947      4.102   -176.995
    50.000     50.000      0.110   -158.051      2.873    174.084
    55.000     50.000      0.097   -136.774      1.797    152.516
    60.000     50.000      0.097   -111.682      1.186    129.317
    65.000     50.000      0.103    -94.488      1.188     98.615
    70.000     50.000      0.095    -78.568      1.559     80.705
    75.000     50.000      0.080    -58.099      1.995     67.904
    80.000     50.000      0.067    -20.533      2.375     55.551
    85.000     50.000      0.086     19.590      2.530     53.001
    90.000     50.000      0.131     40.555      2.333     51.386
    95.000     50.000      0.188     50.137      2.310     55.942
   100.000     50.000      0.247     55.146      2.310     59.953
   105.000     50.000      0.289     57.554      2.210     62.271
   110.000     50.000      0.307     58.418      2.243     57.940
   115.000     50.000      0.304     58.347      2.272     54.022
   120.000     50.000      0.278     58.114      2.042     52.535
   125.000     50.000      0.213     58.216      1.538     52.707
   130.000     50.000      0.113     58.683      0.850     53.284
   135.000     50.000      0.000      0.000      0.000      0.000
   140.000     50.000      0.000      0.000      0.000      0.000
   145.000     50.000      0.000      0.000      0.000      0.000
   -25.000     55.000      0.000      0.000      0.000      0.000
   -20.000     55.000      0.000      0.000      0.000      0.000
   -15.000     55.000      0.000      0.000      0.000      0.000
   -10.000     55.000      0.002    133.128      0.812    127.423
    -5.000     55.000      0.000      0.000      1.443    132.717
     0.000     55.000      0.000      0.000      1.944    134.861
     5.000     55.000      0.000      0.000      2.381    140.797
    10.000     55.000      0.007     90.614      2.777    150.221
    15.000     55.000      0.010     89.001      3.030    158.981
    20.000     55.000      0.011     94.121      3.459    163.927
    25.000     55.000      0.012   -174.540      3.879    167.532
    30.000     55.000      0.036   -127.963      4.005    169.220
    35.000     55.000      0.055   -142.688      4.005    171.666
    40.000     55.000      0.083   -150.028      3.689    174.827
    45.000     55.000      0.102   -157.212      3.049    174.023
    50.000     55.000      0.100   -156.207      2.106    161.163
    55.000     55.000      0.093   -140.819      1.561    145.923
    60.000     55.000      0.094   -119.732      1.111    128.040
    65.000     55.000      0.097   -106.286      1.182    105.175
    70.000     55.000      0.080    -97.660      1.290     91.614
    75.000     55.000      0.049    -83.550      1.514     79.823
    80.000     55.000      0.025    -18.984      1.608     69.713
    85.000     55.000      0.056     40.125      1.840     66.319
    90.000     55.000      0.105     53.382      1.721     63.683
    95.000     55.000      0.155     58.609      1.642     65.126
   100.000     55.000      0.201     60.959      1.586     67.320
   105.000     55.000      0.242     62.377      1.410     67.983
   110.000     55.000      0.270     63.459      1.441     65.202
   115.000     55.000      0.275     63.811      1.498     61.102
   120.000     55.000      0.244     63.100      1.393     57.208
   125.000     55.000      0.181     62.435      1.039     55.683
   130.000     55.000      0.093     64.005      0.529     56.984
   135.000     55.000      0.000      0.000      0.000      0.000
   140.000     55.000      0.000      0.000      0.000      0.000
   145.000     55.000      0.000      0.000      0.000      0.000
   -25.000     60.000      0.000      0.000      0.000      0.000
   -20.000     60.000      0.000      0.000      0.000      0.000
   -15.000     60.000      0.000      0.000      0.000      0.000
   -10.000     60.000      0.029    -96.947      0.451    133.464
    -5.000     60.000      0.038    -88.971      0.842    131.115
     0.000     60.000      0.031    -97.240      1.146    130.216
     5.000     60.000      0.022   -127.741      1.428    133.667
    10.000     60.000      0.015    156.308      1.621    142.008
    15.000     60.000      0.016   -104.401      1.618    156.299
    20.000     60.000      0.016    -98.397      1.835    162.559
    25.000     60.000      0.022   -100.909      1.969    166.992
    30.000     60.000      0.037   -116.486      2.044    169.649
    35.000     60.000      0.038   -134.384      2.041    168.834
    40.000     60.000      0.045   -144.295      1.838    170.507
    45.000     60.000      0.053   -151.026      1.576    165.599
    50.000     60.000      0.062   -147.525      1.202    155.698
    55.000     60.000      0.067   -137.416      0.989    138.629
    60.000     60.000      0.067   -124.810      0.708    129.451
    65.000     60.000      0.063   -111.668      0.656    104.411
    70.000     60.000      0.054    -99.486      0.632     94.210
    75.000     60.000      0.039    -85.452      0.791     86.068
    80.000     60.000      0.019    -47.805      0.864     78.716
    85.000     60.000      0.025     33.425      0.952     74.563
    90.000     60.000      0.050     57.142      0.911     68.148
    95.000     60.000      0.082     61.838      0.873     73.210
   100.000     60.000      0.119     62.490      0.750     70.149
   105.000     60.000      0.152     64.108      0.687     72.951
   110.000     60.000      0.167     67.139      0.683     73.089
   115.000     60.000      0.166     70.020      0.709     66.557
   120.000     60.000      0.152     71.032      0.669     60.567
   125.000     60.000      0.121     70.212      0.503     56.311
   130.000     60.000      0.067     69.297      0.278     56.589
   135.000     60.000      0.000      0.000      0.000      0.000
   140.000     60.000      0.000      0.000      0.000      0.000
   145.000     60.000      0.000      0.000      0.000      0.000
   -25.000     65.000      0.000      0.000      0.000      0.000
   -20.000     65.000      0.000      0.000      0.000      0.000
   -15.000     65.000      0.000      0.000      0.000      0.000
   -10.000     65.000      0.000      0.000      0.000      0.000
    -5.000     65.000      0.000      0.000      0.000      0.000
     0.000     65.000      0.000      0.000      0.000      0.000
     5.000     65.000      0.000      0.000      0.000      0.000
    10.000     65.000      0.000      0.000      0.000      0.000
    15.000     65.000      0.000      0.000      0.000      0.000
    20.000     65.000      0.000      0.000      0.000      0.000
    25.000     65.000      0.000      0.000      0.000      0.000
    30.000     65.000      0.000      0.000      0.000      0.000
    35.000     65.000      0.000      0.000      0.000      0.000
    40.000     65.000      0.000      0.000      0.000      0.000
    45.000     65.000      0.000      0.000      0.000      0.000
    50.000     65.000      0.000      0.000      0.000      0.000
    55.000     65.000      0.000      0.000      0.000      0.000
    60.000     65.000      0.000      0.000      0.000      0.000
    65.000     65.000      0.000      0.000      0.000      0.000
    70.000     65.000      0.000      0.000      0.000      0.000
    75.000     65.000      0.000      0.000      0.000      0.000
    80.000     65.000      0.000      0.000      0.000      0.000
    85.000     65.000      0.000      0.000      0.000      0.000
    90.000     65.000      0.000      0.000      0.000      0.000
    95.000     65.000      0.000      0.000      0.000      0.000
   100.000     65.000      0.000      0.000      0.000      0.000
   105.000     65.000      0.000      0.000      0.000      0.000
   110.000     65.000      0.000      0.000      0.000      0.000
   115.000     65.000      0.000      0.000      0.000      0.000
   120.000     65.000      0.000      0.000      0.000      0.000
   125.000     65.000      0.000      0.000      0.000      0.000
   130.000     65.000      0.000      0.000      0.000      0.000
   135.000     65.000      0.000      0.000      0.000      0.000
   140.000     65.000      0.000      0.000      0.000      0.000
   145.000     65.000      0.000      0.000      0.000      0.000
   -25.000     70.000      0.000      0.000      0.000      0.000
   -20.000     70.000      0.000      0.000      0.000      0.000
   -15.000     70.000      0.000      0.000      0.000      0.000
   -10.000     70.000      0.000      0.000      0.000      0.000
    -5.000     70.000      0.000      0.000      0.000      0.000
     0.000     70.000      0.000      0.000      0.000      0.000
     5.000     70.000      0.000      0.000      0.000      0.000
    10.000     70.000      0.000      0.000      0.000      0.000
    15.000     70.000      0.000      0.000      0.000      0.000
    20.000     70.000      0.000      0.000      0.000      0.000
    25.000     70.000      0.000      0.000      0.000      0.000
    30.000     70.000      0.000      0.000      0.000      0.000
    35.000     70.000      0.000      0.000      0.000      0.000
    40.000     70.000      0.000      0.000      0.000      0.000
    45.000     70.000      0.000      0.000      0.000      0.000
    50.000     70.000      0.000      0.000      0.000      0.000
    55.000     70.000      0.000      0.000      0.000      0.000
    60.000     70.000      0.000      0.000      0.000      0.000
    65.000     70.000      0.000      0.000      0.000      0.000
    70.000     70.000      0.000      0.000      0.000      0.000
    75.000     70.000      0.000      0.000      0.000      0.000
    80.000     70.000      0.000      0.000      0.000      0.000
    85.000     70.000      0.000      0.000      0.000      0.000
    90.000     70.000      0.000      0.000      0.000      0.000
    95.000     70.000      0.000      0.000      0.000      0.000
   100.000     70.000      0.000      0.000      0.000      0.000
   105.000     70.000      0.000      0.000      0.000      0.000
   110.000     70.000      0.000      0.000      0.000      0.000
   115.000     70.000      0.000      0.000      0.000      0.000
   120.000     70.000      0.000      0.000      0.000      0.000
   125.000     70.000      0.000      0.000      0.000      0.000
   130.000     70.000      0.000      0.000      0.000      0.000
   135.000     70.000      0.000      0.000      0.000      0.000
   140.000     70.000      0.000      0.000      0.000      0.000
   145.000     70.000      0.000      0.000      0.000      0.000
   -25.000     75.000      0.000      0.000      0.000      0.000
   -20.000     75.000      0.000      0.000      0.000      0.000
   -15.000     75.000      0.000      0.000      0.000      0.000
   -10.000     75.000      0.000      0.000      0.000      0.000
    -5.000     75.000      0.000      0.000      0.000      0.000
     0.000     75.000      0.000      0.000      0.000      0.000
     5.000     75.000      0.000      0.000      0.000      0.000
    10.000     75.000      0.000      0.000      0.000      0.000
    15.000     75.000      0.000      0.000      0.000      0.000
    20.000     75.000      0.000      0.000      0.000      0.000
    25.000     75.000      0.000      0.000      0.000      0.000
    30.000     75.000      0.000      0.000      0.000      0.000
    35.000     75.000      0.000      0.000      0.000      0.000
    40.000     75.000      0.000      0.000      0.000      0.000
    45.000     75.000      0.000      0.000      0.000      0.000
    50.000     75.000      0.000      0.000      0.000      0.000
    55.000     75.000      0.000      0.000      0.000      0.000
    60.000     75.000      0.000      0.000      0.000      0.000
    65.000     75.000      0.000      0.000      0.000      0.000
    70.000     75.000      0.000      0.000      0.000      0.000
    75.000     75.000      0.000      0.000      0.000      0.000
    80.000     75.000      0.000      0.000      0.000      0.000
    85.000     75.000      0.000      0.000      0.000      0.000
    90.000     75.000      0.000      0.000      0.000      0.000
    95.000     75.000      0.000      0.000      0.000      0.000
   100.000     75.000      0.000      0.000      0.000      0.000
   105.000     75.000      0.000      0.000      0.000      0.000
   110.000     75.000      0.000      0.000      0.000      0.000
   115.000     75.000      0.000      0.000      0.000      0.000
   120.000     75.000      0.000      0.000      0.000      0.000
   125.000     75.000      0.000      0.000      0.000      0.000
   130.000     75.000      0.000      0.000      0.000      0.000
   135.000     75.000      0.000      0.000      0.000      0.000
   140.000     75.000      0.000      0.000      0.000      0.000
   145.000     75.000      0.000      0.000      0.000      0.000
