   -25.000    -65.000      0.000      0.000      0.000      0.000
   -20.000    -65.000      0.000      0.000      0.000      0.000
   -15.000    -65.000      0.000      0.000      0.000      0.000
   -10.000    -65.000      0.000      0.000      0.000      0.000
    -5.000    -65.000      0.000      0.000      0.000      0.000
     0.000    -65.000      0.000      0.000      0.000      0.000
     5.000    -65.000      0.000      0.000      0.000      0.000
    10.000    -65.000      0.000      0.000      0.000      0.000
    15.000    -65.000      0.000      0.000      0.000      0.000
    20.000    -65.000      0.000      0.000      0.000      0.000
    25.000    -65.000      0.000      0.000      0.000      0.000
    30.000    -65.000      0.000      0.000      0.000      0.000
    35.000    -65.000      0.000      0.000      0.000      0.000
    40.000    -65.000      0.000      0.000      0.000      0.000
    45.000    -65.000      0.000      0.000      0.000      0.000
    50.000    -65.000      0.000      0.000      0.000      0.000
    55.000    -65.000      0.000      0.000      0.000      0.000
    60.000    -65.000      0.000      0.000      0.000      0.000
    65.000    -65.000      0.000      0.000      0.000      0.000
    70.000    -65.000      0.000      0.000      0.000      0.000
    75.000    -65.000      0.000      0.000      0.000      0.000
    80.000    -65.000      0.000      0.000      0.000      0.000
    85.000    -65.000      0.000      0.000      0.000      0.000
    90.000    -65.000      0.000      0.000      0.000      0.000
    95.000    -65.000      0.000      0.000      0.000      0.000
   100.000    -65.000      0.000      0.000      0.000      0.000
   105.000    -65.000      0.000      0.000      0.000      0.000
   110.000    -65.000      0.000      0.000      0.000      0.000
   115.000    -65.000      0.000      0.000      0.000      0.000
   120.000    -65.000      0.000      0.000      0.000      0.000
   125.000    -65.000      0.000      0.000      0.000      0.000
   130.000    -65.000      0.000      0.000      0.000      0.000
   135.000    -65.000      0.000      0.000      0.000      0.000
   140.000    -65.000      0.000      0.000      0.000      0.000
   145.000    -65.000      0.000      0.000      0.000      0.000
   -25.000    -60.000      0.000      0.000      0.000      0.000
   -20.000    -60.000      0.000      0.000      0.000      0.000
   -15.000    -60.000      0.000      0.000      0.000      0.000
   -10.000    -60.000      0.000      0.000      0.000      0.000
    -5.000    -60.000      0.000      0.000      0.000      0.000
     0.000    -60.000      0.000      0.000      0.000      0.000
     5.000    -60.000      0.000      0.000      0.000      0.000
    10.000    -60.000      0.000      0.000      0.000      0.000
    15.000    -60.000      0.000      0.000      0.000      0.000
    20.000    -60.000      0.000      0.000      0.000      0.000
    25.000    -60.000      0.000      0.000      0.000      0.000
    30.000    -60.000      0.000      0.000      0.000      0.000
    35.000    -60.000      0.000      0.000      0.000      0.000
    40.000    -60.000      0.000      0.000      0.000      0.000
    45.000    -60.000      0.000      0.000      0.000      0.000
    50.000    -60.000      0.000      0.000      0.000      0.000
    55.000    -60.000      0.000      0.000      0.000      0.000
    60.000    -60.000      0.000      0.000      0.000      0.000
    65.000    -60.000      0.000      0.000      0.000      0.000
    70.000    -60.000      0.000      0.000      0.000      0.000
    75.000    -60.000      0.000      0.000      0.000      0.000
    80.000    -60.000      0.000      0.000      0.000      0.000
    85.000    -60.000      0.000      0.000      0.000      0.000
    90.000    -60.000      0.000      0.000      0.000      0.000
    95.000    -60.000      0.000      0.000      0.000      0.000
   100.000    -60.000      0.000      0.000      0.000      0.000
   105.000    -60.000      0.000      0.000      0.000      0.000
   110.000    -60.000      0.000      0.000      0.000      0.000
   115.000    -60.000      0.000      0.000      0.000      0.000
   120.000    -60.000      0.000      0.000      0.000      0.000
   125.000    -60.000      0.000      0.000      0.000      0.000
   130.000    -60.000      0.000      0.000      0.000      0.000
   135.000    -60.000      0.000      0.000      0.000      0.000
   140.000    -60.000      0.000      0.000      0.000      0.000
   145.000    -60.000      0.000      0.000      0.000      0.000
   -25.000    -55.000      0.000      0.000      0.000      0.000
   -20.000    -55.000      0.000      0.000      0.000      0.000
   -15.000    -55.000      0.000      0.000      0.000      0.000
   -10.000    -55.000      0.000      0.000      0.000      0.000
    -5.000    -55.000      0.000      0.000      0.000      0.000
     0.000    -55.000      0.000      0.000      0.000      0.000
     5.000    -55.000      0.000      0.000      0.000      0.000
    10.000    -55.000      0.000      0.000      0.000      0.000
    15.000    -55.000      0.000      0.000      0.000      0.000
    20.000    -55.000      0.000      0.000      0.000      0.000
    25.000    -55.000      0.000      0.000      0.000      0.000
    30.000    -55.000      0.000      0.000      0.000      0.000
    35.000    -55.000      0.000      0.000      0.000      0.000
    40.000    -55.000      0.000      0.000      0.000      0.000
    45.000    -55.000      0.000      0.000      0.000      0.000
    50.000    -55.000      0.000      0.000      0.000      0.000
    55.000    -55.000      0.000      0.000      0.000      0.000
    60.000    -55.000      0.000      0.000      0.000      0.000
    65.000    -55.000      0.000      0.000      0.000      0.000
    70.000    -55.000      0.000      0.000      0.000      0.000
    75.000    -55.000      0.000      0.000      0.000      0.000
    80.000    -55.000      0.000      0.000      0.000      0.000
    85.000    -55.000      0.000      0.000      0.000      0.000
    90.000    -55.000      0.000      0.000      0.000      0.000
    95.000    -55.000      0.000      0.000      0.000      0.000
   100.000    -55.000      0.000      0.000      0.000      0.000
   105.000    -55.000      0.000      0.000      0.000      0.000
   110.000    -55.000      0.000      0.000      0.000      0.000
   115.000    -55.000      0.000      0.000      0.000      0.000
   120.000    -55.000      0.000      0.000      0.000      0.000
   125.000    -55.000      0.000      0.000      0.000      0.000
   130.000    -55.000      0.000      0.000      0.000      0.000
   135.000    -55.000      0.000      0.000      0.000      0.000
   140.000    -55.000      0.000      0.000      0.000      0.000
   145.000    -55.000      0.000      0.000      0.000      0.000
   -25.000    -50.000      0.000      0.000      0.000      0.000
   -20.000    -50.000      0.000      0.000      0.000      0.000
   -15.000    -50.000      0.000      0.000      0.000      0.000
   -10.000    -50.000      0.079     15.809      0.633     62.896
    -5.000    -50.000      0.154     28.507      0.859     65.524
     0.000    -50.000      0.206     35.167      0.984     81.380
     5.000    -50.000      0.217     36.605      1.159     97.071
    10.000    -50.000      0.206     37.814      1.385    106.797
    15.000    -50.000      0.170     41.575      1.617    110.015
    20.000    -50.000      0.125     51.999      2.001    105.736
    25.000    -50.000      0.093     73.484      2.067    111.117
    30.000    -50.000      0.090    106.786      1.775    119.270
    35.000    -50.000      0.118    131.620      1.494    128.880
    40.000    -50.000      0.154    139.480      1.331    143.071
    45.000    -50.000      0.188    140.776      1.388    144.723
    50.000    -50.000      0.201    138.492      1.410    151.516
    55.000    -50.000      0.200    131.963      1.203    142.862
    60.000    -50.000      0.196    123.822      1.127    148.881
    65.000    -50.000      0.199    113.452      0.710    170.906
    70.000    -50.000      0.199    101.910      0.369    168.604
    75.000    -50.000      0.178     89.008      0.272    105.344
    80.000    -50.000      0.160     73.369      0.138     36.486
    85.000    -50.000      0.149     66.782      0.195     53.525
    90.000    -50.000      0.036     78.169      0.036     78.169
    95.000    -50.000      0.000      0.000      0.000      0.000
   100.000    -50.000      0.000      0.000      0.000      0.000
   105.000    -50.000      0.000      0.000      0.000      0.000
   110.000    -50.000      0.000      0.000      0.000      0.000
   115.000    -50.000      0.000      0.000      0.000      0.000
   120.000    -50.000      0.000      0.000      0.000      0.000
   125.000    -50.000      0.000      0.000      0.000      0.000
   130.000    -50.000      0.000      0.000      0.000      0.000
   135.000    -50.000      0.000      0.000      0.000      0.000
   140.000    -50.000      0.000      0.000      0.000      0.000
   145.000    -50.000      0.000      0.000      0.000      0.000
   -25.000    -45.000      0.000      0.000      0.000      0.000
   -20.000    -45.000      0.000      0.000      0.000      0.000
   -15.000    -45.000      0.000      0.000      0.000      0.000
   -10.000    -45.000      0.192     32.776      0.393     82.819
    -5.000    -45.000      0.320     31.224      0.688     92.881
     0.000    -45.000      0.379     32.824      0.929    102.339
     5.000    -45.000      0.374     33.981      1.165    114.098
    10.000    -45.000      0.339     35.765      1.537    120.848
    15.000    -45.000      0.279     39.572      2.053    119.670
    20.000    -45.000      0.209     47.674      2.897    111.600
    25.000    -45.000      0.153     67.689      3.182    112.685
    30.000    -45.000      0.145    102.719      2.995    120.537
    35.000    -45.000      0.179    129.338      2.399    134.385
    40.000    -45.000      0.224    142.025      2.202    151.597
    45.000    -45.000      0.261    147.005      2.391    156.609
    50.000    -45.000      0.287    145.100      2.592    162.310
    55.000    -45.000      0.286    142.359      2.340    156.713
    60.000    -45.000      0.274    135.595      1.925    156.389
    65.000    -45.000      0.251    126.218      1.337    161.120
    70.000    -45.000      0.232    115.959      0.707    163.141
    75.000    -45.000      0.207    107.983      0.529    116.023
    80.000    -45.000      0.189    103.727      0.209    124.415
    85.000    -45.000      0.199     98.455      0.256    103.006
    90.000    -45.000      0.178     91.725      0.214     91.832
    95.000    -45.000      0.000      0.000      0.000      0.000
   100.000    -45.000      0.000      0.000      0.000      0.000
   105.000    -45.000      0.000      0.000      0.000      0.000
   110.000    -45.000      0.000      0.000      0.000      0.000
   115.000    -45.000      0.000      0.000      0.000      0.000
   120.000    -45.000      0.000      0.000      0.000      0.000
   125.000    -45.000      0.000      0.000      0.000      0.000
   130.000    -45.000      0.000      0.000      0.000      0.000
   135.000    -45.000      0.000      0.000      0.000      0.000
   140.000    -45.000      0.000      0.000      0.000      0.000
   145.000    -45.000      0.000      0.000      0.000      0.000
   -25.000    -40.000      0.000      0.000      0.000      0.000
   -20.000    -40.000      0.000      0.000      0.000      0.000
   -15.000    -40.000      0.000      0.000      0.000      0.000
   -10.000    -40.000      0.229     26.988      0.170    151.112
    -5.000    -40.000      0.388     25.204      0.513    131.931
     0.000    -40.000      0.455     25.373      0.919    152.780
     5.000    -40.000      0.446     26.885      1.376    165.588
    10.000    -40.000      0.381     28.347      1.752    163.972
    15.000    -40.000      0.283     31.463      2.126    153.451
    20.000    -40.000      0.179     37.708      2.604    140.323
    25.000    -40.000      0.089     63.959      2.970    130.781
    30.000    -40.000      0.080    136.442      3.020    135.744
    35.000    -40.000      0.151    163.855      2.676    150.976
    40.000    -40.000      0.221    169.446      2.587    165.623
    45.000    -40.000      0.269    170.186      2.816    177.238
    50.000    -40.000      0.293    169.908      3.211    178.067
    55.000    -40.000      0.299    168.775      3.036    172.807
    60.000    -40.000      0.288    167.261      2.562    175.149
    65.000    -40.000      0.268    163.639      1.861    171.579
    70.000    -40.000      0.245    160.011      1.026    160.578
    75.000    -40.000      0.215    155.988      0.655    127.295
    80.000    -40.000      0.198    148.740      0.438    118.579
    85.000    -40.000      0.178    141.217      0.373    136.939
    90.000    -40.000      0.119    136.899      0.186    138.177
    95.000    -40.000      0.045     93.954      0.045     93.954
   100.000    -40.000      0.000      0.000      0.000      0.000
   105.000    -40.000      0.000      0.000      0.000      0.000
   110.000    -40.000      0.000      0.000      0.000      0.000
   115.000    -40.000      0.000      0.000      0.000      0.000
   120.000    -40.000      0.000      0.000      0.000      0.000
   125.000    -40.000      0.000      0.000      0.000      0.000
   130.000    -40.000      0.000      0.000      0.000      0.000
   135.000    -40.000      0.000      0.000      0.000      0.000
   140.000    -40.000      0.000      0.000      0.000      0.000
   145.000    -40.000      0.000      0.000      0.000      0.000
   -25.000    -35.000      0.000      0.000      0.000      0.000
   -20.000    -35.000      0.000      0.000      0.000      0.000
   -15.000    -35.000      0.000      0.000      0.000      0.000
   -10.000    -35.000      0.230     13.273      0.668   -142.929
    -5.000    -35.000      0.369     17.771      1.181   -145.149
     0.000    -35.000      0.420     20.387      1.825   -140.117
     5.000    -35.000      0.405     20.501      2.258   -139.805
    10.000    -35.000      0.339     19.577      2.318   -148.301
    15.000    -35.000      0.243     18.261      2.275   -167.271
    20.000    -35.000      0.133      7.175      2.393   -174.634
    25.000    -35.000      0.052    -54.044      2.309    175.013
    30.000    -35.000      0.111   -122.395      2.500    173.676
    35.000    -35.000      0.197   -138.196      2.811   -177.380
    40.000    -35.000      0.286   -145.890      3.166   -166.874
    45.000    -35.000      0.354   -151.486      3.635   -157.191
    50.000    -35.000      0.406   -155.227      3.899   -160.792
    55.000    -35.000      0.435   -156.985      3.750   -166.458
    60.000    -35.000      0.433   -158.607      3.249   -165.985
    65.000    -35.000      0.408   -160.244      2.463   -163.337
    70.000    -35.000      0.350   -162.514      1.459   -172.342
    75.000    -35.000      0.281   -168.634      0.746    156.130
    80.000    -35.000      0.220    178.756      0.495    134.592
    85.000    -35.000      0.175    162.542      0.501    121.384
    90.000    -35.000      0.114    160.671      0.209    143.694
    95.000    -35.000      0.030    -82.163      0.030    -82.163
   100.000    -35.000      0.000      0.000      0.000      0.000
   105.000    -35.000      0.000      0.000      0.000      0.000
   110.000    -35.000      0.000      0.000      0.000      0.000
   115.000    -35.000      0.000      0.000      0.000      0.000
   120.000    -35.000      0.000      0.000      0.000      0.000
   125.000    -35.000      0.000      0.000      0.000      0.000
   130.000    -35.000      0.000      0.000      0.000      0.000
   135.000    -35.000      0.000      0.000      0.000      0.000
   140.000    -35.000      0.000      0.000      0.000      0.000
   145.000    -35.000      0.000      0.000      0.000      0.000
   -25.000    -30.000      0.000      0.000      0.000      0.000
   -20.000    -30.000      0.000      0.000      0.000      0.000
   -15.000    -30.000      0.000      0.000      0.000      0.000
   -10.000    -30.000      0.180     15.302      1.118   -137.266
    -5.000    -30.000      0.302     15.941      2.066   -131.642
     0.000    -30.000      0.341     12.858      3.117   -123.061
     5.000    -30.000      0.325      7.199      3.856   -119.389
    10.000    -30.000      0.280     -4.084      4.005   -120.726
    15.000    -30.000      0.230    -21.348      3.760   -125.988
    20.000    -30.000      0.189    -49.833      3.495   -129.052
    25.000    -30.000      0.213    -85.218      3.320   -133.197
    30.000    -30.000      0.294   -107.045      3.282   -139.031
    35.000    -30.000      0.389   -118.687      3.928   -137.114
    40.000    -30.000      0.488   -126.098      4.231   -137.863
    45.000    -30.000      0.564   -131.431      4.706   -138.176
    50.000    -30.000      0.631   -134.790      4.951   -142.686
    55.000    -30.000      0.665   -136.374      4.831   -149.456
    60.000    -30.000      0.645   -138.651      4.311   -153.130
    65.000    -30.000      0.589   -140.325      3.437   -151.946
    70.000    -30.000      0.495   -143.204      2.447   -146.586
    75.000    -30.000      0.379   -148.921      1.323   -147.309
    80.000    -30.000      0.256   -162.122      0.582   -175.638
    85.000    -30.000      0.164    171.443      0.425    143.146
    90.000    -30.000      0.103    148.116      0.249    120.946
    95.000    -30.000      0.017    178.818      0.016    157.174
   100.000    -30.000      0.000      0.000      0.000      0.000
   105.000    -30.000      0.000      0.000      0.000      0.000
   110.000    -30.000      0.000      0.000      0.000      0.000
   115.000    -30.000      0.000      0.000      0.000      0.000
   120.000    -30.000      0.000      0.000      0.000      0.000
   125.000    -30.000      0.000      0.000      0.000      0.000
   130.000    -30.000      0.000      0.000      0.000      0.000
   135.000    -30.000      0.000      0.000      0.000      0.000
   140.000    -30.000      0.000      0.000      0.000      0.000
   145.000    -30.000      0.000      0.000      0.000      0.000
   -25.000    -25.000      0.000      0.000      0.000      0.000
   -20.000    -25.000      0.000      0.000      0.000      0.000
   -15.000    -25.000      0.000      0.000      0.000      0.000
   -10.000    -25.000      0.126     20.757      1.622   -126.560
    -5.000    -25.000      0.209      8.901      3.082   -119.981
     0.000    -25.000      0.258     -2.224      4.372   -112.466
     5.000    -25.000      0.275    -12.308      5.181   -106.586
    10.000    -25.000      0.273    -29.225      5.461   -104.375
    15.000    -25.000      0.277    -49.499      5.453   -106.880
    20.000    -25.000      0.296    -70.659      5.268   -107.424
    25.000    -25.000      0.347    -90.835      5.265   -109.929
    30.000    -25.000      0.429   -106.899      5.270   -113.094
    35.000    -25.000      0.539   -115.555      5.536   -115.718
    40.000    -25.000      0.647   -120.234      5.784   -119.285
    45.000    -25.000      0.741   -123.106      6.141   -122.034
    50.000    -25.000      0.810   -125.439      6.023   -129.189
    55.000    -25.000      0.855   -126.673      5.785   -136.267
    60.000    -25.000      0.855   -128.032      5.311   -142.190
    65.000    -25.000      0.809   -129.690      4.592   -144.284
    70.000    -25.000      0.711   -132.033      3.477   -137.543
    75.000    -25.000      0.563   -135.533      2.454   -127.657
    80.000    -25.000      0.387   -141.879      1.523   -127.564
    85.000    -25.000      0.232   -151.829      0.571   -153.131
    90.000    -25.000      0.113   -171.978      0.292   -167.165
    95.000    -25.000      0.040   -157.401      0.043   -164.300
   100.000    -25.000      0.042   -130.378      0.042   -130.378
   105.000    -25.000      0.000      0.000      0.000      0.000
   110.000    -25.000      0.000      0.000      0.000      0.000
   115.000    -25.000      0.000      0.000      0.000      0.000
   120.000    -25.000      0.000      0.000      0.000      0.000
   125.000    -25.000      0.000      0.000      0.000      0.000
   130.000    -25.000      0.000      0.000      0.000      0.000
   135.000    -25.000      0.000      0.000      0.000      0.000
   140.000    -25.000      0.000      0.000      0.000      0.000
   145.000    -25.000      0.000      0.000      0.000      0.000
   -25.000    -20.000      0.000      0.000      0.000      0.000
   -20.000    -20.000      0.000      0.000      0.000      0.000
   -15.000    -20.000      0.000      0.000      0.000      0.000
   -10.000    -20.000      0.072    -20.043      2.113   -104.082
    -5.000    -20.000      0.136    -29.677      3.857   -104.194
     0.000    -20.000      0.192    -38.515      5.234   -101.652
     5.000    -20.000      0.241    -48.673      6.187    -97.563
    10.000    -20.000      0.294    -60.981      6.661    -94.403
    15.000    -20.000      0.344    -71.541      6.701    -93.404
    20.000    -20.000      0.407    -83.470      6.772    -92.387
    25.000    -20.000      0.490    -94.103      7.007    -94.949
    30.000    -20.000      0.591   -102.938      7.419    -98.287
    35.000    -20.000      0.694   -110.051      7.705   -102.429
    40.000    -20.000      0.810   -114.990      7.810   -105.949
    45.000    -20.000      0.923   -118.068      7.810   -109.696
    50.000    -20.000      1.021   -119.948      7.234   -117.896
    55.000    -20.000      1.078   -121.013      6.548   -124.856
    60.000    -20.000      1.075   -121.880      5.976   -131.726
    65.000    -20.000      1.016   -122.973      5.433   -135.571
    70.000    -20.000      0.915   -124.598      4.612   -133.814
    75.000    -20.000      0.768   -126.173      3.624   -128.355
    80.000    -20.000      0.584   -127.761      2.605   -122.813
    85.000    -20.000      0.394   -128.339      1.282   -125.233
    90.000    -20.000      0.210   -127.908      0.598   -119.760
    95.000    -20.000      0.077   -120.629      0.117   -115.330
   100.000    -20.000      0.014    145.736      0.014    145.736
   105.000    -20.000      0.000      0.000      0.000      0.000
   110.000    -20.000      0.000      0.000      0.000      0.000
   115.000    -20.000      0.000      0.000      0.000      0.000
   120.000    -20.000      0.000      0.000      0.000      0.000
   125.000    -20.000      0.000      0.000      0.000      0.000
   130.000    -20.000      0.000      0.000      0.000      0.000
   135.000    -20.000      0.000      0.000      0.000      0.000
   140.000    -20.000      0.000      0.000      0.000      0.000
   145.000    -20.000      0.000      0.000      0.000      0.000
   -25.000    -15.000      0.000      0.000      0.000      0.000
   -20.000    -15.000      0.000      0.000      0.000      0.000
   -15.000    -15.000      0.000      0.000      0.000      0.000
   -10.000    -15.000      0.104    -74.928      2.207    -90.918
    -5.000    -15.000      0.187    -73.780      4.106    -88.867
     0.000    -15.000      0.262    -74.504      5.550    -86.007
     5.000    -15.000      0.339    -76.706      6.631    -83.454
    10.000    -15.000      0.415    -80.218      7.269    -82.250
    15.000    -15.000      0.497    -85.401      7.679    -81.350
    20.000    -15.000      0.586    -90.992      7.970    -81.760
    25.000    -15.000      0.673    -96.271      8.168    -84.648
    30.000    -15.000      0.768   -101.894      8.704    -88.822
    35.000    -15.000      0.869   -107.010      9.396    -93.826
    40.000    -15.000      0.964   -111.362      9.576    -98.797
    45.000    -15.000      1.042   -115.025      9.128   -102.475
    50.000    -15.000      1.106   -117.904      8.367   -108.809
    55.000    -15.000      1.142   -119.815      7.226   -116.566
    60.000    -15.000      1.144   -120.941      6.532   -123.430
    65.000    -15.000      1.105   -121.252      5.865   -128.291
    70.000    -15.000      1.024   -121.323      5.319   -130.270
    75.000    -15.000      0.901   -121.254      4.520   -128.930
    80.000    -15.000      0.729   -120.536      3.403   -125.259
    85.000    -15.000      0.536   -117.476      2.107   -123.059
    90.000    -15.000      0.349   -110.689      0.956   -112.624
    95.000    -15.000      0.183    -95.605      0.364    -93.703
   100.000    -15.000      0.013     37.046      0.013     37.046
   105.000    -15.000      0.000      0.000      0.000      0.000
   110.000    -15.000      0.000      0.000      0.000      0.000
   115.000    -15.000      0.000      0.000      0.000      0.000
   120.000    -15.000      0.000      0.000      0.000      0.000
   125.000    -15.000      0.000      0.000      0.000      0.000
   130.000    -15.000      0.000      0.000      0.000      0.000
   135.000    -15.000      0.000      0.000      0.000      0.000
   140.000    -15.000      0.000      0.000      0.000      0.000
   145.000    -15.000      0.000      0.000      0.000      0.000
   -25.000    -10.000      0.000      0.000      0.000      0.000
   -20.000    -10.000      0.000      0.000      0.000      0.000
   -15.000    -10.000      0.000      0.000      0.000      0.000
   -10.000    -10.000      0.107    -85.521      2.072    -73.125
    -5.000    -10.000      0.201    -85.051      3.982    -68.556
     0.000    -10.000      0.304    -85.328      5.551    -65.401
     5.000    -10.000      0.411    -86.085      6.878    -64.546
    10.000    -10.000      0.516    -87.519      7.758    -66.920
    15.000    -10.000      0.616    -90.356      8.216    -69.328
    20.000    -10.000      0.710    -94.108      8.631    -71.575
    25.000    -10.000      0.799    -98.183      9.170    -75.760
    30.000    -10.000      0.878   -102.644      9.461    -80.465
    35.000    -10.000      0.937   -106.853      9.861    -86.739
    40.000    -10.000      0.992   -110.857     10.415    -93.296
    45.000    -10.000      1.030   -114.249     10.014    -97.367
    50.000    -10.000      1.048   -117.387      8.868   -102.749
    55.000    -10.000      1.055   -119.923      7.853   -109.539
    60.000    -10.000      1.049   -121.148      6.657   -116.051
    65.000    -10.000      1.029   -121.550      5.931   -121.635
    70.000    -10.000      0.996   -121.365      5.262   -126.985
    75.000    -10.000      0.937   -120.306      4.616   -130.095
    80.000    -10.000      0.832   -118.623      3.765   -129.387
    85.000    -10.000      0.689   -116.019      2.702   -125.182
    90.000    -10.000      0.502   -111.654      1.344   -118.420
    95.000    -10.000      0.271   -101.145      0.427   -101.069
   100.000    -10.000      0.017    -32.128      0.017    -32.128
   105.000    -10.000      0.000      0.000      0.000      0.000
   110.000    -10.000      0.000      0.000      0.000      0.000
   115.000    -10.000      0.000      0.000      0.000      0.000
   120.000    -10.000      0.000      0.000      0.000      0.000
   125.000    -10.000      0.000      0.000      0.000      0.000
   130.000    -10.000      0.000      0.000      0.000      0.000
   135.000    -10.000      0.000      0.000      0.000      0.000
   140.000    -10.000      0.000      0.000      0.000      0.000
   145.000    -10.000      0.000      0.000      0.000      0.000
   -25.000     -5.000      0.000      0.000      0.000      0.000
   -20.000     -5.000      0.000      0.000      0.000      0.000
   -15.000     -5.000      0.000      0.000      0.000      0.000
   -10.000     -5.000      0.113    -86.721      2.053    -47.638
    -5.000     -5.000      0.217    -88.943      3.849    -45.860
     0.000     -5.000      0.316    -90.427      5.497    -45.894
     5.000     -5.000      0.417    -90.729      6.887    -47.858
    10.000     -5.000      0.518    -91.954      7.745    -51.819
    15.000     -5.000      0.620    -94.133      8.315    -56.530
    20.000     -5.000      0.721    -96.645      8.934    -63.769
    25.000     -5.000      0.795    -99.017      9.613    -70.159
    30.000     -5.000      0.853   -101.909      9.825    -74.865
    35.000     -5.000      0.889   -105.092     10.034    -81.099
    40.000     -5.000      0.912   -108.400     10.212    -88.788
    45.000     -5.000      0.933   -111.849      9.971    -93.418
    50.000     -5.000      0.947   -114.936      8.666    -97.330
    55.000     -5.000      0.950   -117.795      7.534   -103.034
    60.000     -5.000      0.951   -120.349      6.506   -109.587
    65.000     -5.000      0.944   -122.251      5.335   -116.470
    70.000     -5.000      0.928   -123.016      4.429   -124.294
    75.000     -5.000      0.898   -123.353      3.907   -130.072
    80.000     -5.000      0.821   -123.628      3.292   -133.301
    85.000     -5.000      0.698   -123.862      2.374   -130.523
    90.000     -5.000      0.523   -124.360      1.332   -129.921
    95.000     -5.000      0.278   -126.532      0.450   -133.349
   100.000     -5.000      0.017   -100.539      0.017   -100.539
   105.000     -5.000      0.000      0.000      0.000      0.000
   110.000     -5.000      0.000      0.000      0.000      0.000
   115.000     -5.000      0.000      0.000      0.000      0.000
   120.000     -5.000      0.000      0.000      0.000      0.000
   125.000     -5.000      0.000      0.000      0.000      0.000
   130.000     -5.000      0.000      0.000      0.000      0.000
   135.000     -5.000      0.000      0.000      0.000      0.000
   140.000     -5.000      0.000      0.000      0.000      0.000
   145.000     -5.000      0.000      0.000      0.000      0.000
   -25.000      0.000      0.000      0.000      0.000      0.000
   -20.000      0.000      0.000      0.000      0.000      0.000
   -15.000      0.000      0.000      0.000      0.000      0.000
   -10.000      0.000      0.105    -95.785      1.797    -23.644
    -5.000      0.000      0.194    -96.036      3.562    -26.096
     0.000      0.000      0.274    -95.664      5.075    -28.162
     5.000      0.000      0.352    -95.795      6.241    -31.441
    10.000      0.000      0.423    -96.522      7.035    -38.737
    15.000      0.000      0.501    -97.632      7.706    -46.785
    20.000      0.000      0.565    -98.648      8.271    -56.275
    25.000      0.000      0.626    -99.548      8.898    -66.065
    30.000      0.000      0.687   -101.093      9.249    -72.414
    35.000      0.000      0.731   -102.729      9.113    -77.876
    40.000      0.000      0.752   -104.846      8.993    -84.551
    45.000      0.000      0.767   -107.898      8.885    -90.744
    50.000      0.000      0.768   -111.622      7.955    -94.091
    55.000      0.000      0.765   -115.627      6.824    -98.078
    60.000      0.000      0.771   -119.671      5.927   -103.741
    65.000      0.000      0.770   -123.738      4.645   -110.884
    70.000      0.000      0.765   -127.413      3.598   -119.166
    75.000      0.000      0.744   -130.332      2.956   -129.928
    80.000      0.000      0.692   -132.291      2.458   -134.391
    85.000      0.000      0.601   -134.148      1.951   -133.600
    90.000      0.000      0.460   -136.919      1.208   -131.568
    95.000      0.000      0.264   -142.370      0.405   -141.248
   100.000      0.000      0.064   -128.743      0.064   -128.743
   105.000      0.000      0.000      0.000      0.000      0.000
   110.000      0.000      0.000      0.000      0.000      0.000
   115.000      0.000      0.000      0.000      0.000      0.000
   120.000      0.000      0.000      0.000      0.000      0.000
   125.000      0.000      0.000      0.000      0.000      0.000
   130.000      0.000      0.000      0.000      0.000      0.000
   135.000      0.000      0.000      0.000      0.000      0.000
   140.000      0.000      0.000      0.000      0.000      0.000
   145.000      0.000      0.000      0.000      0.000      0.000
   -25.000      5.000      0.000      0.000      0.000      0.000
   -20.000      5.000      0.000      0.000      0.000      0.000
   -15.000      5.000      0.000      0.000      0.000      0.000
   -10.000      5.000      0.043   -138.151      1.396      1.554
    -5.000      5.000      0.111   -120.796      2.867    -12.768
     0.000      5.000      0.189   -110.748      4.153    -18.034
     5.000      5.000      0.258   -104.838      5.038    -22.518
    10.000      5.000      0.310   -101.562      5.454    -27.589
    15.000      5.000      0.359    -99.909      6.055    -40.048
    20.000      5.000      0.403    -99.111      6.606    -51.933
    25.000      5.000      0.436    -98.553      6.985    -62.228
    30.000      5.000      0.455    -98.872      7.183    -70.408
    35.000      5.000      0.471   -100.262      7.178    -76.228
    40.000      5.000      0.487   -103.105      6.885    -81.713
    45.000      5.000      0.500   -106.802      6.667    -88.259
    50.000      5.000      0.516   -110.924      6.324    -93.278
    55.000      5.000      0.529   -115.399      5.400    -95.887
    60.000      5.000      0.547   -120.276      4.315    -99.709
    65.000      5.000      0.557   -125.017      3.371   -106.424
    70.000      5.000      0.561   -129.236      2.462   -114.238
    75.000      5.000      0.543   -132.552      1.779   -124.465
    80.000      5.000      0.505   -135.191      1.341   -132.524
    85.000      5.000      0.435   -136.621      1.175   -136.787
    90.000      5.000      0.330   -137.356      0.817   -131.146
    95.000      5.000      0.184   -140.700      0.300   -137.918
   100.000      5.000      0.030    147.247      0.030    147.247
   105.000      5.000      0.000      0.000      0.000      0.000
   110.000      5.000      0.000      0.000      0.000      0.000
   115.000      5.000      0.000      0.000      0.000      0.000
   120.000      5.000      0.000      0.000      0.000      0.000
   125.000      5.000      0.000      0.000      0.000      0.000
   130.000      5.000      0.000      0.000      0.000      0.000
   135.000      5.000      0.000      0.000      0.000      0.000
   140.000      5.000      0.000      0.000      0.000      0.000
   145.000      5.000      0.000      0.000      0.000      0.000
   -25.000     10.000      0.000      0.000      0.000      0.000
   -20.000     10.000      0.000      0.000      0.000      0.000
   -15.000     10.000      0.000      0.000      0.000      0.000
   -10.000     10.000      0.049   -144.130      0.793      4.480
    -5.000     10.000      0.084   -136.044      1.709     -7.486
     0.000     10.000      0.108   -125.464      2.465    -12.074
     5.000     10.000      0.135   -112.872      2.908    -16.202
    10.000     10.000      0.162   -103.201      3.066    -18.735
    15.000     10.000      0.192    -97.315      3.414    -35.427
    20.000     10.000      0.207    -93.770      3.717    -48.387
    25.000     10.000      0.221    -93.441      3.974    -60.208
    30.000     10.000      0.226    -94.611      4.071    -69.338
    35.000     10.000      0.233    -97.868      4.176    -74.428
    40.000     10.000      0.234   -103.255      4.166    -81.098
    45.000     10.000      0.245   -108.592      3.749    -86.031
    50.000     10.000      0.262   -113.895      3.342    -91.695
    55.000     10.000      0.277   -119.145      2.921    -96.078
    60.000     10.000      0.288   -123.090      2.279    -96.919
    65.000     10.000      0.298   -125.862      1.888   -103.831
    70.000     10.000      0.300   -127.469      1.182   -113.048
    75.000     10.000      0.294   -127.114      0.733   -122.312
    80.000     10.000      0.271   -126.754      0.451   -136.042
    85.000     10.000      0.243   -126.361      0.252   -164.506
    90.000     10.000      0.193   -126.413      0.377   -137.483
    95.000     10.000      0.126   -122.900      0.191   -119.457
   100.000     10.000      0.024   -100.700      0.024   -100.700
   105.000     10.000      0.000      0.000      0.000      0.000
   110.000     10.000      0.000      0.000      0.000      0.000
   115.000     10.000      0.000      0.000      0.000      0.000
   120.000     10.000      0.000      0.000      0.000      0.000
   125.000     10.000      0.000      0.000      0.000      0.000
   130.000     10.000      0.000      0.000      0.000      0.000
   135.000     10.000      0.000      0.000      0.000      0.000
   140.000     10.000      0.000      0.000      0.000      0.000
   145.000     10.000      0.000      0.000      0.000      0.000
   -25.000     15.000      0.000      0.000      0.000      0.000
   -20.000     15.000      0.000      0.000      0.000      0.000
   -15.000     15.000      0.000      0.000      0.000      0.000
   -10.000     15.000      0.000      0.000      0.000      0.000
    -5.000     15.000      0.000      0.000      0.000      0.000
     0.000     15.000      0.000      0.000      0.000      0.000
     5.000     15.000      0.000      0.000      0.000      0.000
    10.000     15.000      0.000      0.000      0.000      0.000
    15.000     15.000      0.000      0.000      0.000      0.000
    20.000     15.000      0.000      0.000      0.000      0.000
    25.000     15.000      0.000      0.000      0.000      0.000
    30.000     15.000      0.000      0.000      0.000      0.000
    35.000     15.000      0.000      0.000      0.000      0.000
    40.000     15.000      0.000      0.000      0.000      0.000
    45.000     15.000      0.000      0.000      0.000      0.000
    50.000     15.000      0.000      0.000      0.000      0.000
    55.000     15.000      0.000      0.000      0.000      0.000
    60.000     15.000      0.000      0.000      0.000      0.000
    65.000     15.000      0.000      0.000      0.000      0.000
    70.000     15.000      0.000      0.000      0.000      0.000
    75.000     15.000      0.000      0.000      0.000      0.000
    80.000     15.000      0.000      0.000      0.000      0.000
    85.000     15.000      0.000      0.000      0.000      0.000
    90.000     15.000      0.000      0.000      0.000      0.000
    95.000     15.000      0.000      0.000      0.000      0.000
   100.000     15.000      0.000      0.000      0.000      0.000
   105.000     15.000      0.000      0.000      0.000      0.000
   110.000     15.000      0.000      0.000      0.000      0.000
   115.000     15.000      0.000      0.000      0.000      0.000
   120.000     15.000      0.000      0.000      0.000      0.000
   125.000     15.000      0.000      0.000      0.000      0.000
   130.000     15.000      0.000      0.000      0.000      0.000
   135.000     15.000      0.000      0.000      0.000      0.000
   140.000     15.000      0.000      0.000      0.000      0.000
   145.000     15.000      0.000      0.000      0.000      0.000
   -25.000     20.000      0.000      0.000      0.000      0.000
   -20.000     20.000      0.000      0.000      0.000      0.000
   -15.000     20.000      0.000      0.000      0.000      0.000
   -10.000     20.000      0.000      0.000      0.000      0.000
    -5.000     20.000      0.000      0.000      0.000      0.000
     0.000     20.000      0.000      0.000      0.000      0.000
     5.000     20.000      0.000      0.000      0.000      0.000
    10.000     20.000      0.000      0.000      0.000      0.000
    15.000     20.000      0.000      0.000      0.000      0.000
    20.000     20.000      0.000      0.000      0.000      0.000
    25.000     20.000      0.000      0.000      0.000      0.000
    30.000     20.000      0.000      0.000      0.000      0.000
    35.000     20.000      0.000      0.000      0.000      0.000
    40.000     20.000      0.000      0.000      0.000      0.000
    45.000     20.000      0.000      0.000      0.000      0.000
    50.000     20.000      0.000      0.000      0.000      0.000
    55.000     20.000      0.000      0.000      0.000      0.000
    60.000     20.000      0.000      0.000      0.000      0.000
    65.000     20.000      0.000      0.000      0.000      0.000
    70.000     20.000      0.000      0.000      0.000      0.000
    75.000     20.000      0.000      0.000      0.000      0.000
    80.000     20.000      0.000      0.000      0.000      0.000
    85.000     20.000      0.000      0.000      0.000      0.000
    90.000     20.000      0.000      0.000      0.000      0.000
    95.000     20.000      0.000      0.000      0.000      0.000
   100.000     20.000      0.000      0.000      0.000      0.000
   105.000     20.000      0.000      0.000      0.000      0.000
   110.000     20.000      0.000      0.000      0.000      0.000
   115.000     20.000      0.000      0.000      0.000      0.000
   120.000     20.000      0.000      0.000      0.000      0.000
   125.000     20.000      0.000      0.000      0.000      0.000
   130.000     20.000      0.000      0.000      0.000      0.000
   135.000     20.000      0.000      0.000      0.000      0.000
   140.000     20.000      0.000      0.000      0.000      0.000
   145.000     20.000      0.000      0.000      0.000      0.000
   -25.000     25.000      0.000      0.000      0.000      0.000
   -20.000     25.000      0.000      0.000      0.000      0.000
   -15.000     25.000      0.000      0.000      0.000      0.000
   -10.000     25.000      0.000      0.000      0.000      0.000
    -5.000     25.000      0.000      0.000      0.000      0.000
     0.000     25.000      0.000      0.000      0.000      0.000
     5.000     25.000      0.000      0.000      0.000      0.000
    10.000     25.000      0.000      0.000      0.000      0.000
    15.000     25.000      0.000      0.000      0.000      0.000
    20.000     25.000      0.000      0.000      0.000      0.000
    25.000     25.000      0.000      0.000      0.000      0.000
    30.000     25.000      0.000      0.000      0.000      0.000
    35.000     25.000      0.000      0.000      0.000      0.000
    40.000     25.000      0.000      0.000      0.000      0.000
    45.000     25.000      0.000      0.000      0.000      0.000
    50.000     25.000      0.000      0.000      0.000      0.000
    55.000     25.000      0.000      0.000      0.000      0.000
    60.000     25.000      0.000      0.000      0.000      0.000
    65.000     25.000      0.000      0.000      0.000      0.000
    70.000     25.000      0.000      0.000      0.000      0.000
    75.000     25.000      0.000      0.000      0.000      0.000
    80.000     25.000      0.000      0.000      0.000      0.000
    85.000     25.000      0.000      0.000      0.000      0.000
    90.000     25.000      0.000      0.000      0.000      0.000
    95.000     25.000      0.000      0.000      0.000      0.000
   100.000     25.000      0.000      0.000      0.000      0.000
   105.000     25.000      0.000      0.000      0.000      0.000
   110.000     25.000      0.000      0.000      0.000      0.000
   115.000     25.000      0.000      0.000      0.000      0.000
   120.000     25.000      0.000      0.000      0.000      0.000
   125.000     25.000      0.000      0.000      0.000      0.000
   130.000     25.000      0.000      0.000      0.000      0.000
   135.000     25.000      0.000      0.000      0.000      0.000
   140.000     25.000      0.000      0.000      0.000      0.000
   145.000     25.000      0.000      0.000      0.000      0.000
