   -25.000    -65.000      0.000      0.000      0.000      0.000
   -20.000    -65.000      0.000      0.000      0.000      0.000
   -15.000    -65.000      0.000      0.000      0.000      0.000
   -10.000    -65.000      0.000      0.000      0.000      0.000
    -5.000    -65.000      0.000      0.000      0.000      0.000
     0.000    -65.000      0.000      0.000      0.000      0.000
     5.000    -65.000      0.000      0.000      0.000      0.000
    10.000    -65.000      0.000      0.000      0.000      0.000
    15.000    -65.000      0.000      0.000      0.000      0.000
    20.000    -65.000      0.000      0.000      0.000      0.000
    25.000    -65.000      0.000      0.000      0.000      0.000
    30.000    -65.000      0.000      0.000      0.000      0.000
    35.000    -65.000      0.000      0.000      0.000      0.000
    40.000    -65.000      0.000      0.000      0.000      0.000
    45.000    -65.000      0.000      0.000      0.000      0.000
    50.000    -65.000      0.000      0.000      0.000      0.000
    55.000    -65.000      0.000      0.000      0.000      0.000
    60.000    -65.000      0.000      0.000      0.000      0.000
    65.000    -65.000      0.000      0.000      0.000      0.000
    70.000    -65.000      0.000      0.000      0.000      0.000
    75.000    -65.000      0.000      0.000      0.000      0.000
    80.000    -65.000      0.000      0.000      0.000      0.000
    85.000    -65.000      0.000      0.000      0.000      0.000
    90.000    -65.000      0.000      0.000      0.000      0.000
    95.000    -65.000      0.000      0.000      0.000      0.000
   100.000    -65.000      0.000      0.000      0.000      0.000
   105.000    -65.000      0.000      0.000      0.000      0.000
   110.000    -65.000      0.000      0.000      0.000      0.000
   115.000    -65.000      0.000      0.000      0.000      0.000
   120.000    -65.000      0.000      0.000      0.000      0.000
   125.000    -65.000      0.000      0.000      0.000      0.000
   130.000    -65.000      0.000      0.000      0.000      0.000
   135.000    -65.000      0.000      0.000      0.000      0.000
   140.000    -65.000      0.000      0.000      0.000      0.000
   145.000    -65.000      0.000      0.000      0.000      0.000
   -25.000    -60.000      0.000      0.000      0.000      0.000
   -20.000    -60.000      0.000      0.000      0.000      0.000
   -15.000    -60.000      0.000      0.000      0.000      0.000
   -10.000    -60.000      0.000      0.000      0.000      0.000
    -5.000    -60.000      0.000      0.000      0.000      0.000
     0.000    -60.000      0.000      0.000      0.000      0.000
     5.000    -60.000      0.000      0.000      0.000      0.000
    10.000    -60.000      0.000      0.000      0.000      0.000
    15.000    -60.000      0.000      0.000      0.000      0.000
    20.000    -60.000      0.000      0.000      0.000      0.000
    25.000    -60.000      0.000      0.000      0.000      0.000
    30.000    -60.000      0.000      0.000      0.000      0.000
    35.000    -60.000      0.000      0.000      0.000      0.000
    40.000    -60.000      0.000      0.000      0.000      0.000
    45.000    -60.000      0.000      0.000      0.000      0.000
    50.000    -60.000      0.000      0.000      0.000      0.000
    55.000    -60.000      0.000      0.000      0.000      0.000
    60.000    -60.000      0.000      0.000      0.000      0.000
    65.000    -60.000      0.000      0.000      0.000      0.000
    70.000    -60.000      0.000      0.000      0.000      0.000
    75.000    -60.000      0.000      0.000      0.000      0.000
    80.000    -60.000      0.000      0.000      0.000      0.000
    85.000    -60.000      0.000      0.000      0.000      0.000
    90.000    -60.000      0.000      0.000      0.000      0.000
    95.000    -60.000      0.000      0.000      0.000      0.000
   100.000    -60.000      0.000      0.000      0.000      0.000
   105.000    -60.000      0.000      0.000      0.000      0.000
   110.000    -60.000      0.000      0.000      0.000      0.000
   115.000    -60.000      0.000      0.000      0.000      0.000
   120.000    -60.000      0.000      0.000      0.000      0.000
   125.000    -60.000      0.000      0.000      0.000      0.000
   130.000    -60.000      0.000      0.000      0.000      0.000
   135.000    -60.000      0.000      0.000      0.000      0.000
   140.000    -60.000      0.000      0.000      0.000      0.000
   145.000    -60.000      0.000      0.000      0.000      0.000
   -25.000    -55.000      0.000      0.000      0.000      0.000
   -20.000    -55.000      0.000      0.000      0.000      0.000
   -15.000    -55.000      0.000      0.000      0.000      0.000
   -10.000    -55.000      0.000      0.000      0.000      0.000
    -5.000    -55.000      0.000      0.000      0.000      0.000
     0.000    -55.000      0.000      0.000      0.000      0.000
     5.000    -55.000      0.000      0.000      0.000      0.000
    10.000    -55.000      0.000      0.000      0.000      0.000
    15.000    -55.000      0.000      0.000      0.000      0.000
    20.000    -55.000      0.000      0.000      0.000      0.000
    25.000    -55.000      0.000      0.000      0.000      0.000
    30.000    -55.000      0.000      0.000      0.000      0.000
    35.000    -55.000      0.000      0.000      0.000      0.000
    40.000    -55.000      0.000      0.000      0.000      0.000
    45.000    -55.000      0.000      0.000      0.000      0.000
    50.000    -55.000      0.000      0.000      0.000      0.000
    55.000    -55.000      0.000      0.000      0.000      0.000
    60.000    -55.000      0.000      0.000      0.000      0.000
    65.000    -55.000      0.000      0.000      0.000      0.000
    70.000    -55.000      0.000      0.000      0.000      0.000
    75.000    -55.000      0.000      0.000      0.000      0.000
    80.000    -55.000      0.000      0.000      0.000      0.000
    85.000    -55.000      0.000      0.000      0.000      0.000
    90.000    -55.000      0.000      0.000      0.000      0.000
    95.000    -55.000      0.000      0.000      0.000      0.000
   100.000    -55.000      0.000      0.000      0.000      0.000
   105.000    -55.000      0.000      0.000      0.000      0.000
   110.000    -55.000      0.000      0.000      0.000      0.000
   115.000    -55.000      0.000      0.000      0.000      0.000
   120.000    -55.000      0.000      0.000      0.000      0.000
   125.000    -55.000      0.000      0.000      0.000      0.000
   130.000    -55.000      0.000      0.000      0.000      0.000
   135.000    -55.000      0.000      0.000      0.000      0.000
   140.000    -55.000      0.000      0.000      0.000      0.000
   145.000    -55.000      0.000      0.000      0.000      0.000
   -25.000    -50.000      0.000      0.000      0.000      0.000
   -20.000    -50.000      0.000      0.000      0.000      0.000
   -15.000    -50.000      0.000      0.000      0.000      0.000
   -10.000    -50.000      0.000      0.000      1.105     47.016
    -5.000    -50.000      0.000      0.000      1.732     47.587
     0.000    -50.000      0.000      0.000      2.062     54.225
     5.000    -50.000      0.000      0.000      2.289     60.149
    10.000    -50.000      0.000      0.000      2.417     64.026
    15.000    -50.000      0.000      0.000      2.443     66.523
    20.000    -50.000      0.000      0.000      2.625     67.827
    25.000    -50.000      0.000      0.000      2.355     72.772
    30.000    -50.000      0.000      0.000      1.842     74.464
    35.000    -50.000      0.000      0.000      1.026     72.770
    40.000    -50.000      0.000      0.000      0.396     56.124
    45.000    -50.000      0.000      0.000      0.131     25.565
    50.000    -50.000      0.010    -97.919      0.470    -97.376
    55.000    -50.000      0.049    -33.054      0.691    -67.066
    60.000    -50.000      0.078    -24.847      0.919    -69.842
    65.000    -50.000      0.108    -15.120      1.452    -64.303
    70.000    -50.000      0.138     -7.648      1.619    -51.404
    75.000    -50.000      0.161     -0.605      1.626    -36.105
    80.000    -50.000      0.178     10.133      1.786    -33.409
    85.000    -50.000      0.192     20.867      1.676    -28.548
    90.000    -50.000      0.193     22.525      1.640    -35.395
    95.000    -50.000      0.173     18.703      1.741    -41.120
   100.000    -50.000      0.135     12.725      1.736    -42.452
   105.000    -50.000      0.104     15.630      1.455    -23.204
   110.000    -50.000      0.093     17.623      1.391    -14.614
   115.000    -50.000      0.087     10.540      1.342    -13.951
   120.000    -50.000      0.076    -15.260      1.356    -17.817
   125.000    -50.000      0.072    -44.996      1.120    -26.292
   130.000    -50.000      0.058    -62.067      0.667    -27.166
   135.000    -50.000      0.000      0.000      0.000      0.000
   140.000    -50.000      0.000      0.000      0.000      0.000
   145.000    -50.000      0.000      0.000      0.000      0.000
   -25.000    -45.000      0.000      0.000      0.000      0.000
   -20.000    -45.000      0.000      0.000      0.000      0.000
   -15.000    -45.000      0.000      0.000      0.000      0.000
   -10.000    -45.000      0.000      0.000      0.983     54.638
    -5.000    -45.000      0.000      0.000      1.745     54.636
     0.000    -45.000      0.000      0.000      2.306     52.883
     5.000    -45.000      0.000      0.000      2.625     51.494
    10.000    -45.000      0.000      0.000      2.772     52.935
    15.000    -45.000      0.000      0.000      2.903     57.995
    20.000    -45.000      0.000      0.000      3.492     64.027
    25.000    -45.000      0.000      0.000      3.374     68.416
    30.000    -45.000      0.000      0.000      2.639     74.289
    35.000    -45.000      0.000      0.000      1.505     77.590
    40.000    -45.000      0.000      0.000      0.160    118.574
    45.000    -45.000      0.000      0.000      0.750   -124.252
    50.000    -45.000      0.000      0.000      1.693   -116.368
    55.000    -45.000      0.012    -26.894      1.840   -101.626
    60.000    -45.000      0.064     -7.472      2.131    -86.320
    65.000    -45.000      0.134      9.035      2.530    -72.082
    70.000    -45.000      0.213     14.215      2.875    -58.559
    75.000    -45.000      0.273     14.553      2.807    -44.043
    80.000    -45.000      0.308     12.497      2.948    -43.118
    85.000    -45.000      0.309      9.619      2.796    -39.267
    90.000    -45.000      0.287      5.316      2.772    -39.627
    95.000    -45.000      0.248      1.725      2.971    -46.152
   100.000    -45.000      0.196      4.080      2.899    -47.722
   105.000    -45.000      0.155     18.292      2.311    -34.077
   110.000    -45.000      0.137     38.921      2.215    -20.783
   115.000    -45.000      0.123     53.076      2.181    -16.428
   120.000    -45.000      0.103     59.647      2.235    -18.703
   125.000    -45.000      0.073     58.895      1.839    -16.509
   130.000    -45.000      0.033     41.421      1.087    -13.729
   135.000    -45.000      0.000      0.000      0.000      0.000
   140.000    -45.000      0.000      0.000      0.000      0.000
   145.000    -45.000      0.000      0.000      0.000      0.000
   -25.000    -40.000      0.000      0.000      0.000      0.000
   -20.000    -40.000      0.000      0.000      0.000      0.000
   -15.000    -40.000      0.000      0.000      0.000      0.000
   -10.000    -40.000      0.000      0.000      0.737     41.216
    -5.000    -40.000      0.000      0.000      1.446     46.827
     0.000    -40.000      0.000      0.000      1.654     48.930
     5.000    -40.000      0.000      0.000      1.630     48.121
    10.000    -40.000      0.000      0.000      1.658     47.783
    15.000    -40.000      0.000      0.000      1.729     52.546
    20.000    -40.000      0.000      0.000      1.952     61.198
    25.000    -40.000      0.000      0.000      2.056     63.032
    30.000    -40.000      0.000      0.000      1.492     72.729
    35.000    -40.000      0.000      0.000      0.358    115.409
    40.000    -40.000      0.000      0.000      1.330   -123.381
    45.000    -40.000      0.000      0.000      2.645   -117.125
    50.000    -40.000      0.000      0.000      3.626   -117.531
    55.000    -40.000      0.000      0.000      3.879   -110.553
    60.000    -40.000      0.040     -2.258      4.164   -100.512
    65.000    -40.000      0.141     12.360      4.016    -87.606
    70.000    -40.000      0.230      8.495      3.931    -71.793
    75.000    -40.000      0.282      3.625      3.770    -59.899
    80.000    -40.000      0.299     -3.449      3.733    -56.029
    85.000    -40.000      0.287    -11.620      3.563    -56.427
    90.000    -40.000      0.257    -17.197      3.550    -54.863
    95.000    -40.000      0.213    -16.659      3.556    -53.006
   100.000    -40.000      0.160     -7.985      3.399    -53.034
   105.000    -40.000      0.114     16.095      2.824    -43.972
   110.000    -40.000      0.114     50.972      2.501    -32.590
   115.000    -40.000      0.149     61.526      2.488    -23.249
   120.000    -40.000      0.178     58.182      2.593    -23.141
   125.000    -40.000      0.162     47.995      2.190    -20.435
   130.000    -40.000      0.104     31.943      1.212    -13.658
   135.000    -40.000      0.000      0.000      0.000      0.000
   140.000    -40.000      0.000      0.000      0.000      0.000
   145.000    -40.000      0.000      0.000      0.000      0.000
   -25.000    -35.000      0.000      0.000      0.000      0.000
   -20.000    -35.000      0.000      0.000      0.000      0.000
   -15.000    -35.000      0.000      0.000      0.000      0.000
   -10.000    -35.000      0.000      0.000      0.491    -47.155
    -5.000    -35.000      0.000      0.000      0.802    -42.354
     0.000    -35.000      0.000      0.000      1.161    -49.879
     5.000    -35.000      0.000      0.000      1.437    -49.868
    10.000    -35.000      0.000      0.000      1.450    -45.537
    15.000    -35.000      0.000      0.000      1.031    -37.411
    20.000    -35.000      0.000      0.000      1.112    -57.780
    25.000    -35.000      0.000      0.000      1.219    -61.437
    30.000    -35.000      0.000      0.000      1.486    -81.879
    35.000    -35.000      0.000      0.000      2.376   -105.018
    40.000    -35.000      0.000      0.000      3.784   -113.084
    45.000    -35.000      0.000      0.000      5.443   -113.456
    50.000    -35.000      0.000      0.000      6.312   -115.679
    55.000    -35.000      0.000      0.000      6.486   -114.409
    60.000    -35.000      0.013    -61.968      6.660   -108.367
    65.000    -35.000      0.097    -10.177      6.401    -99.716
    70.000    -35.000      0.158     -8.373      5.549    -89.913
    75.000    -35.000      0.189    -15.752      4.751    -79.416
    80.000    -35.000      0.207    -24.128      4.388    -73.299
    85.000    -35.000      0.212    -27.265      3.991    -69.533
    90.000    -35.000      0.205    -23.818      4.028    -67.082
    95.000    -35.000      0.183    -17.408      4.024    -62.686
   100.000    -35.000      0.154     -6.581      3.538    -58.424
   105.000    -35.000      0.132     10.167      2.945    -51.033
   110.000    -35.000      0.137     33.382      2.614    -43.690
   115.000    -35.000      0.169     46.861      2.430    -36.799
   120.000    -35.000      0.188     50.309      2.263    -32.571
   125.000    -35.000      0.151     47.423      1.816    -28.269
   130.000    -35.000      0.075     36.539      0.918    -18.324
   135.000    -35.000      0.000      0.000      0.000      0.000
   140.000    -35.000      0.000      0.000      0.000      0.000
   145.000    -35.000      0.000      0.000      0.000      0.000
   -25.000    -30.000      0.000      0.000      0.000      0.000
   -20.000    -30.000      0.000      0.000      0.000      0.000
   -15.000    -30.000      0.000      0.000      0.000      0.000
   -10.000    -30.000      0.000      0.000      1.026    -81.933
    -5.000    -30.000      0.000      0.000      1.939    -83.117
     0.000    -30.000      0.000      0.000      3.011    -82.613
     5.000    -30.000      0.000      0.000      3.753    -81.123
    10.000    -30.000      0.000      0.000      4.035    -81.074
    15.000    -30.000      0.000      0.000      4.050    -83.700
    20.000    -30.000      0.000      0.000      4.455    -83.957
    25.000    -30.000      0.000      0.000      4.792    -87.147
    30.000    -30.000      0.000      0.000      5.205    -92.554
    35.000    -30.000      0.000      0.000      6.404    -99.506
    40.000    -30.000      0.000      0.000      7.246   -106.101
    45.000    -30.000      0.000      0.000      8.472   -109.941
    50.000    -30.000      0.000      0.000      9.237   -113.081
    55.000    -30.000      0.000      0.000      9.560   -114.686
    60.000    -30.000      0.000      0.000      9.264   -113.917
    65.000    -30.000      0.086    -68.763      8.742   -108.935
    70.000    -30.000      0.089    -41.119      7.801   -102.593
    75.000    -30.000      0.102    -32.429      6.433    -95.563
    80.000    -30.000      0.111    -25.688      5.118    -89.236
    85.000    -30.000      0.122    -18.244      4.295    -83.561
    90.000    -30.000      0.134    -13.845      3.991    -77.322
    95.000    -30.000      0.145    -12.260      3.978    -72.958
   100.000    -30.000      0.145     -8.613      3.654    -68.753
   105.000    -30.000      0.118      9.657      2.930    -60.248
   110.000    -30.000      0.099     47.717      2.604    -57.825
   115.000    -30.000      0.129     76.336      2.438    -55.911
   120.000    -30.000      0.156     86.450      2.057    -51.960
   125.000    -30.000      0.154     91.924      1.384    -51.141
   130.000    -30.000      0.098     94.916      0.572    -54.208
   135.000    -30.000      0.000      0.000      0.000      0.000
   140.000    -30.000      0.000      0.000      0.000      0.000
   145.000    -30.000      0.000      0.000      0.000      0.000
   -25.000    -25.000      0.000      0.000      0.000      0.000
   -20.000    -25.000      0.000      0.000      0.000      0.000
   -15.000    -25.000      0.000      0.000      0.000      0.000
   -10.000    -25.000      0.000      0.000      1.692    -97.133
    -5.000    -25.000      0.000      0.000      3.319    -94.191
     0.000    -25.000      0.000      0.000      4.802    -90.233
     5.000    -25.000      0.000      0.000      5.887    -86.416
    10.000    -25.000      0.000      0.000      6.556    -85.219
    15.000    -25.000      0.000      0.000      7.008    -87.436
    20.000    -25.000      0.000      0.000      7.644    -87.756
    25.000    -25.000      0.000      0.000      8.386    -90.269
    30.000    -25.000      0.000      0.000      9.039    -93.452
    35.000    -25.000      0.000      0.000     10.019    -97.074
    40.000    -25.000      0.000      0.000     10.768   -101.957
    45.000    -25.000      0.000      0.000     11.840   -105.800
    50.000    -25.000      0.000      0.000     12.138   -110.501
    55.000    -25.000      0.000      0.000     12.174   -112.957
    60.000    -25.000      0.000      0.000     11.753   -114.923
    65.000    -25.000      0.017    -89.113     10.953   -114.561
    70.000    -25.000      0.016    -58.869      9.645   -110.096
    75.000    -25.000      0.057     49.891      8.086   -104.780
    80.000    -25.000      0.094     48.981      6.367   -101.371
    85.000    -25.000      0.104     41.014      4.616    -97.235
    90.000    -25.000      0.111     34.027      3.865    -91.601
    95.000    -25.000      0.110     29.133      3.486    -84.425
   100.000    -25.000      0.096     21.614      3.302    -81.287
   105.000    -25.000      0.068     27.041      2.958    -74.870
   110.000    -25.000      0.054     78.202      2.654    -70.368
   115.000    -25.000      0.106    111.785      2.541    -72.155
   120.000    -25.000      0.158    122.708      2.113    -74.574
   125.000    -25.000      0.182    124.805      1.374    -78.704
   130.000    -25.000      0.140    120.498      0.555    -96.184
   135.000    -25.000      0.000      0.000      0.000      0.000
   140.000    -25.000      0.000      0.000      0.000      0.000
   145.000    -25.000      0.000      0.000      0.000      0.000
   -25.000    -20.000      0.000      0.000      0.000      0.000
   -20.000    -20.000      0.000      0.000      0.000      0.000
   -15.000    -20.000      0.000      0.000      0.000      0.000
   -10.000    -20.000      0.000      0.000      2.186    -88.747
    -5.000    -20.000      0.000      0.000      4.203    -88.666
     0.000    -20.000      0.000      0.000      5.868    -87.478
     5.000    -20.000      0.000      0.000      7.179    -85.798
    10.000    -20.000      0.000      0.000      8.161    -85.118
    15.000    -20.000      0.000      0.000      9.070    -85.073
    20.000    -20.000      0.000      0.000      9.960    -85.303
    25.000    -20.000      0.000      0.000     11.133    -88.648
    30.000    -20.000      0.000      0.000     12.226    -92.492
    35.000    -20.000      0.000      0.000     13.305    -96.253
    40.000    -20.000      0.000      0.000     14.064    -99.691
    45.000    -20.000      0.000      0.000     14.850   -103.153
    50.000    -20.000      0.000      0.000     14.788   -108.073
    55.000    -20.000      0.000      0.000     14.305   -111.014
    60.000    -20.000      0.000      0.000     13.542   -113.840
    65.000    -20.000      0.014    153.435     12.591   -115.945
    70.000    -20.000      0.043    178.940     11.236   -115.629
    75.000    -20.000      0.098     95.965      9.372   -113.537
    80.000    -20.000      0.143     85.543      7.400   -110.941
    85.000    -20.000      0.159     81.299      5.156   -108.870
    90.000    -20.000      0.152     76.609      3.765   -103.929
    95.000    -20.000      0.141     70.849      2.776    -97.765
   100.000    -20.000      0.118     68.406      2.390    -93.408
   105.000    -20.000      0.095     70.317      2.441    -88.198
   110.000    -20.000      0.072     70.524      2.546    -81.740
   115.000    -20.000      0.057     82.746      2.809    -82.621
   120.000    -20.000      0.068    127.255      2.387    -86.383
   125.000    -20.000      0.116    142.393      1.621    -93.971
   130.000    -20.000      0.106    136.887      0.735   -106.270
   135.000    -20.000      0.000      0.000      0.000      0.000
   140.000    -20.000      0.000      0.000      0.000      0.000
   145.000    -20.000      0.000      0.000      0.000      0.000
   -25.000    -15.000      0.000      0.000      0.000      0.000
   -20.000    -15.000      0.000      0.000      0.000      0.000
   -15.000    -15.000      0.000      0.000      0.000      0.000
   -10.000    -15.000      0.000      0.000      2.382    -83.971
    -5.000    -15.000      0.000      0.000      4.813    -84.185
     0.000    -15.000      0.000      0.000      6.590    -81.982
     5.000    -15.000      0.000      0.000      7.986    -80.220
    10.000    -15.000      0.000      0.000      9.061    -80.129
    15.000    -15.000      0.000      0.000     10.281    -80.763
    20.000    -15.000      0.000      0.000     11.340    -82.245
    25.000    -15.000      0.000      0.000     12.531    -86.236
    30.000    -15.000      0.000      0.000     13.849    -90.573
    35.000    -15.000      0.000      0.000     15.303    -95.196
    40.000    -15.000      0.000      0.000     16.297    -99.400
    45.000    -15.000      0.000      0.000     16.736   -102.539
    50.000    -15.000      0.000      0.000     16.716   -106.317
    55.000    -15.000      0.000      0.000     15.776   -109.780
    60.000    -15.000      0.000      0.000     14.745   -112.688
    65.000    -15.000      0.000      0.000     13.452   -115.381
    70.000    -15.000      0.075    102.311     12.026   -117.942
    75.000    -15.000      0.160     97.808     10.202   -118.939
    80.000    -15.000      0.207     94.196      8.014   -118.497
    85.000    -15.000      0.218     92.075      5.676   -118.306
    90.000    -15.000      0.194     89.768      3.612   -115.367
    95.000    -15.000      0.167     83.800      2.263   -111.878
   100.000    -15.000      0.128     77.145      1.517   -111.189
   105.000    -15.000      0.083     73.810      1.780   -104.816
   110.000    -15.000      0.043     55.881      2.237    -97.617
   115.000    -15.000      0.039     14.559      2.512    -93.488
   120.000    -15.000      0.040    -17.470      2.337    -94.007
   125.000    -15.000      0.023    -83.068      1.630   -100.918
   130.000    -15.000      0.035   -136.419      0.871   -106.825
   135.000    -15.000      0.000      0.000      0.000      0.000
   140.000    -15.000      0.000      0.000      0.000      0.000
   145.000    -15.000      0.000      0.000      0.000      0.000
   -25.000    -10.000      0.000      0.000      0.000      0.000
   -20.000    -10.000      0.000      0.000      0.000      0.000
   -15.000    -10.000      0.000      0.000      0.000      0.000
   -10.000    -10.000      0.000      0.000      2.312    -76.878
    -5.000    -10.000      0.000      0.000      4.385    -71.825
     0.000    -10.000      0.000      0.000      6.201    -68.064
     5.000    -10.000      0.000      0.000      7.831    -67.244
    10.000    -10.000      0.000      0.000      9.190    -69.769
    15.000    -10.000      0.000      0.000     10.450    -73.782
    20.000    -10.000      0.000      0.000     11.753    -77.213
    25.000    -10.000      0.000      0.000     13.182    -82.162
    30.000    -10.000      0.000      0.000     14.193    -87.075
    35.000    -10.000      0.000      0.000     15.386    -93.097
    40.000    -10.000      0.000      0.000     16.886    -98.441
    45.000    -10.000      0.000      0.000     17.468   -101.654
    50.000    -10.000      0.000      0.000     17.229   -105.089
    55.000    -10.000      0.000      0.000     16.494   -108.724
    60.000    -10.000      0.000      0.000     15.007   -111.784
    65.000    -10.000      0.000      0.000     13.507   -114.793
    70.000    -10.000      0.062    102.259     11.795   -118.680
    75.000    -10.000      0.135    105.756     10.040   -122.204
    80.000    -10.000      0.175    103.548      8.090   -124.065
    85.000    -10.000      0.194    102.111      5.953   -124.564
    90.000    -10.000      0.192    101.857      3.580   -125.692
    95.000    -10.000      0.183     99.409      1.770   -130.528
   100.000    -10.000      0.153     93.464      0.867   -149.417
   105.000    -10.000      0.122     82.733      0.930   -139.719
   110.000    -10.000      0.088     66.416      1.642   -118.899
   115.000    -10.000      0.066     38.846      1.899   -109.635
   120.000    -10.000      0.057      1.699      1.877   -106.698
   125.000    -10.000      0.058    -30.533      1.403   -107.102
   130.000    -10.000      0.044    -44.672      0.790   -108.153
   135.000    -10.000      0.000      0.000      0.000      0.000
   140.000    -10.000      0.000      0.000      0.000      0.000
   145.000    -10.000      0.000      0.000      0.000      0.000
   -25.000     -5.000      0.000      0.000      0.000      0.000
   -20.000     -5.000      0.000      0.000      0.000      0.000
   -15.000     -5.000      0.000      0.000      0.000      0.000
   -10.000     -5.000      0.000      0.000      2.207    -57.053
    -5.000     -5.000      0.000      0.000      3.988    -52.511
     0.000     -5.000      0.000      0.000      5.750    -51.344
     5.000     -5.000      0.000      0.000      7.355    -52.937
    10.000     -5.000      0.000      0.000      8.617    -57.307
    15.000     -5.000      0.000      0.000      9.932    -63.502
    20.000     -5.000      0.000      0.000     11.326    -71.378
    25.000     -5.000      0.000      0.000     12.911    -78.655
    30.000     -5.000      0.000      0.000     13.765    -84.074
    35.000     -5.000      0.000      0.000     14.605    -90.516
    40.000     -5.000      0.000      0.000     15.896    -97.440
    45.000     -5.000      0.000      0.000     16.605   -101.030
    50.000     -5.000      0.000      0.000     16.125   -103.712
    55.000     -5.000      0.000      0.000     15.468   -107.167
    60.000     -5.000      0.000      0.000     14.275   -110.710
    65.000     -5.000      0.000      0.000     12.313   -114.244
    70.000     -5.000      0.057     98.268     10.342   -118.883
    75.000     -5.000      0.080     97.460      8.782   -123.336
    80.000     -5.000      0.095     98.985      7.175   -127.296
    85.000     -5.000      0.109     97.619      5.304   -129.256
    90.000     -5.000      0.122     96.208      3.332   -134.575
    95.000     -5.000      0.152     95.046      1.664   -149.449
   100.000     -5.000      0.178     93.401      0.807    175.069
   105.000     -5.000      0.182     90.745      0.765    166.699
   110.000     -5.000      0.156     86.099      1.089   -162.375
   115.000     -5.000      0.117     80.826      1.442   -141.776
   120.000     -5.000      0.075     75.011      1.306   -137.280
   125.000     -5.000      0.048     59.038      1.158   -129.625
   130.000     -5.000      0.028     38.310      0.699   -115.230
   135.000     -5.000      0.000      0.000      0.000      0.000
   140.000     -5.000      0.000      0.000      0.000      0.000
   145.000     -5.000      0.000      0.000      0.000      0.000
   -25.000      0.000      0.000      0.000      0.000      0.000
   -20.000      0.000      0.000      0.000      0.000      0.000
   -15.000      0.000      0.000      0.000      0.000      0.000
   -10.000      0.000      0.000      0.000      1.798    -32.047
    -5.000      0.000      0.000      0.000      3.583    -32.037
     0.000      0.000      0.000      0.000      5.147    -33.372
     5.000      0.000      0.000      0.000      6.440    -36.982
    10.000      0.000      0.000      0.000      7.528    -45.058
    15.000      0.000      0.000      0.000      8.818    -54.574
    20.000      0.000      0.000      0.000     10.098    -65.178
    25.000      0.000      0.000      0.000     11.479    -75.568
    30.000      0.000      0.000      0.000     12.294    -82.533
    35.000      0.000      0.000      0.000     12.637    -89.172
    40.000      0.000      0.000      0.000     13.403    -95.952
    45.000      0.000      0.000      0.000     14.315   -100.697
    50.000      0.000      0.000      0.000     14.058   -103.180
    55.000      0.000      0.000      0.000     13.289   -105.968
    60.000      0.000      0.000      0.000     12.330   -109.458
    65.000      0.000      0.000      0.000     10.458   -113.300
    70.000      0.000      0.057     48.879      8.512   -117.718
    75.000      0.000      0.072     48.644      7.015   -123.813
    80.000      0.000      0.076     51.227      5.717   -128.330
    85.000      0.000      0.074     63.457      4.460   -132.102
    90.000      0.000      0.081     77.434      2.984   -138.193
    95.000      0.000      0.102     87.427      1.600   -157.062
   100.000      0.000      0.118     96.638      0.932    173.483
   105.000      0.000      0.128    108.951      0.869    148.635
   110.000      0.000      0.125    118.183      1.020    153.793
   115.000      0.000      0.113    120.269      1.208   -175.833
   120.000      0.000      0.098    113.219      1.208   -172.472
   125.000      0.000      0.086     98.966      1.009   -162.706
   130.000      0.000      0.060     82.506      0.654   -149.931
   135.000      0.000      0.000      0.000      0.000      0.000
   140.000      0.000      0.000      0.000      0.000      0.000
   145.000      0.000      0.000      0.000      0.000      0.000
   -25.000      5.000      0.000      0.000      0.000      0.000
   -20.000      5.000      0.000      0.000      0.000      0.000
   -15.000      5.000      0.000      0.000      0.000      0.000
   -10.000      5.000      0.000      0.000      1.360     -3.993
    -5.000      5.000      0.000      0.000      2.889    -19.439
     0.000      5.000      0.000      0.000      4.187    -23.534
     5.000      5.000      0.000      0.000      5.098    -27.729
    10.000      5.000      0.000      0.000      5.719    -34.523
    15.000      5.000      0.000      0.000      6.771    -48.281
    20.000      5.000      0.000      0.000      7.845    -60.937
    25.000      5.000      0.000      0.000      8.662    -71.543
    30.000      5.000      0.000      0.000      9.168    -81.111
    35.000      5.000      0.000      0.000      9.617    -88.435
    40.000      5.000      0.000      0.000      9.898    -94.797
    45.000      5.000      0.000      0.000     10.409   -100.197
    50.000      5.000      0.000      0.000     10.595   -103.625
    55.000      5.000      0.000      0.000      9.866   -105.475
    60.000      5.000      0.000      0.000      8.767   -108.529
    65.000      5.000      0.000      0.000      7.460   -113.006
    70.000      5.000      0.037     15.947      6.041   -117.305
    75.000      5.000      0.079     50.020      4.759   -123.301
    80.000      5.000      0.097     55.945      3.750   -129.388
    85.000      5.000      0.083     65.287      3.071   -136.163
    90.000      5.000      0.059     84.764      2.228   -142.404
    95.000      5.000      0.049    110.316      1.338   -162.495
   100.000      5.000      0.051    131.304      0.932    161.369
   105.000      5.000      0.064    151.276      0.891    143.487
   110.000      5.000      0.079    154.200      0.904    132.462
   115.000      5.000      0.076    148.441      0.974    150.590
   120.000      5.000      0.059    134.047      0.956    174.617
   125.000      5.000      0.051    111.627      0.803    176.205
   130.000      5.000      0.038    100.900      0.564   -175.386
   135.000      5.000      0.000      0.000      0.000      0.000
   140.000      5.000      0.000      0.000      0.000      0.000
   145.000      5.000      0.000      0.000      0.000      0.000
   -25.000     10.000      0.000      0.000      0.000      0.000
   -20.000     10.000      0.000      0.000      0.000      0.000
   -15.000     10.000      0.000      0.000      0.000      0.000
   -10.000     10.000      0.000      0.000      0.768     -3.024
    -5.000     10.000      0.000      0.000      1.777    -19.129
     0.000     10.000      0.000      0.000      2.505    -22.226
     5.000     10.000      0.000      0.000      2.910    -24.719
    10.000     10.000      0.000      0.000      3.141    -25.241
    15.000     10.000      0.000      0.000      3.732    -43.920
    20.000     10.000      0.000      0.000      4.382    -57.580
    25.000     10.000      0.000      0.000      4.801    -69.504
    30.000     10.000      0.000      0.000      5.112    -80.182
    35.000     10.000      0.000      0.000      5.447    -86.625
    40.000     10.000      0.000      0.000      5.701    -93.403
    45.000     10.000      0.000      0.000      5.634    -98.733
    50.000     10.000      0.000      0.000      5.501   -103.205
    55.000     10.000      0.000      0.000      5.088   -106.150
    60.000     10.000      0.000      0.000      4.489   -107.998
    65.000     10.000      0.000      0.000      3.984   -113.060
    70.000     10.000      0.004     59.733      3.089   -119.274
    75.000     10.000      0.040     74.118      2.345   -125.469
    80.000     10.000      0.059     79.621      1.768   -133.544
    85.000     10.000      0.059     90.948      1.287   -145.587
    90.000     10.000      0.044    113.553      1.191   -148.172
    95.000     10.000      0.029    140.457      0.751   -159.780
   100.000     10.000      0.011    154.215      0.483    159.964
   105.000     10.000      0.010   -133.706      0.539    130.444
   110.000     10.000      0.031   -140.012      0.558    133.464
   115.000     10.000      0.043   -144.580      0.680    124.211
   120.000     10.000      0.026   -146.993      0.526    156.841
   125.000     10.000      0.003   -169.522      0.489    155.855
   130.000     10.000      0.002    -62.145      0.270    177.699
   135.000     10.000      0.000      0.000      0.000      0.000
   140.000     10.000      0.000      0.000      0.000      0.000
   145.000     10.000      0.000      0.000      0.000      0.000
   -25.000     15.000      0.000      0.000      0.000      0.000
   -20.000     15.000      0.000      0.000      0.000      0.000
   -15.000     15.000      0.000      0.000      0.000      0.000
   -10.000     15.000      0.000      0.000      0.000      0.000
    -5.000     15.000      0.000      0.000      0.000      0.000
     0.000     15.000      0.000      0.000      0.000      0.000
     5.000     15.000      0.000      0.000      0.000      0.000
    10.000     15.000      0.000      0.000      0.000      0.000
    15.000     15.000      0.000      0.000      0.000      0.000
    20.000     15.000      0.000      0.000      0.000      0.000
    25.000     15.000      0.000      0.000      0.000      0.000
    30.000     15.000      0.000      0.000      0.000      0.000
    35.000     15.000      0.000      0.000      0.000      0.000
    40.000     15.000      0.000      0.000      0.000      0.000
    45.000     15.000      0.000      0.000      0.000      0.000
    50.000     15.000      0.000      0.000      0.000      0.000
    55.000     15.000      0.000      0.000      0.000      0.000
    60.000     15.000      0.000      0.000      0.000      0.000
    65.000     15.000      0.000      0.000      0.000      0.000
    70.000     15.000      0.000      0.000      0.000      0.000
    75.000     15.000      0.000      0.000      0.000      0.000
    80.000     15.000      0.000      0.000      0.000      0.000
    85.000     15.000      0.000      0.000      0.000      0.000
    90.000     15.000      0.000      0.000      0.000      0.000
    95.000     15.000      0.000      0.000      0.000      0.000
   100.000     15.000      0.000      0.000      0.000      0.000
   105.000     15.000      0.000      0.000      0.000      0.000
   110.000     15.000      0.000      0.000      0.000      0.000
   115.000     15.000      0.000      0.000      0.000      0.000
   120.000     15.000      0.000      0.000      0.000      0.000
   125.000     15.000      0.000      0.000      0.000      0.000
   130.000     15.000      0.000      0.000      0.000      0.000
   135.000     15.000      0.000      0.000      0.000      0.000
   140.000     15.000      0.000      0.000      0.000      0.000
   145.000     15.000      0.000      0.000      0.000      0.000
   -25.000     20.000      0.000      0.000      0.000      0.000
   -20.000     20.000      0.000      0.000      0.000      0.000
   -15.000     20.000      0.000      0.000      0.000      0.000
   -10.000     20.000      0.000      0.000      0.000      0.000
    -5.000     20.000      0.000      0.000      0.000      0.000
     0.000     20.000      0.000      0.000      0.000      0.000
     5.000     20.000      0.000      0.000      0.000      0.000
    10.000     20.000      0.000      0.000      0.000      0.000
    15.000     20.000      0.000      0.000      0.000      0.000
    20.000     20.000      0.000      0.000      0.000      0.000
    25.000     20.000      0.000      0.000      0.000      0.000
    30.000     20.000      0.000      0.000      0.000      0.000
    35.000     20.000      0.000      0.000      0.000      0.000
    40.000     20.000      0.000      0.000      0.000      0.000
    45.000     20.000      0.000      0.000      0.000      0.000
    50.000     20.000      0.000      0.000      0.000      0.000
    55.000     20.000      0.000      0.000      0.000      0.000
    60.000     20.000      0.000      0.000      0.000      0.000
    65.000     20.000      0.000      0.000      0.000      0.000
    70.000     20.000      0.000      0.000      0.000      0.000
    75.000     20.000      0.000      0.000      0.000      0.000
    80.000     20.000      0.000      0.000      0.000      0.000
    85.000     20.000      0.000      0.000      0.000      0.000
    90.000     20.000      0.000      0.000      0.000      0.000
    95.000     20.000      0.000      0.000      0.000      0.000
   100.000     20.000      0.000      0.000      0.000      0.000
   105.000     20.000      0.000      0.000      0.000      0.000
   110.000     20.000      0.000      0.000      0.000      0.000
   115.000     20.000      0.000      0.000      0.000      0.000
   120.000     20.000      0.000      0.000      0.000      0.000
   125.000     20.000      0.000      0.000      0.000      0.000
   130.000     20.000      0.000      0.000      0.000      0.000
   135.000     20.000      0.000      0.000      0.000      0.000
   140.000     20.000      0.000      0.000      0.000      0.000
   145.000     20.000      0.000      0.000      0.000      0.000
   -25.000     25.000      0.000      0.000      0.000      0.000
   -20.000     25.000      0.000      0.000      0.000      0.000
   -15.000     25.000      0.000      0.000      0.000      0.000
   -10.000     25.000      0.000      0.000      0.000      0.000
    -5.000     25.000      0.000      0.000      0.000      0.000
     0.000     25.000      0.000      0.000      0.000      0.000
     5.000     25.000      0.000      0.000      0.000      0.000
    10.000     25.000      0.000      0.000      0.000      0.000
    15.000     25.000      0.000      0.000      0.000      0.000
    20.000     25.000      0.000      0.000      0.000      0.000
    25.000     25.000      0.000      0.000      0.000      0.000
    30.000     25.000      0.000      0.000      0.000      0.000
    35.000     25.000      0.000      0.000      0.000      0.000
    40.000     25.000      0.000      0.000      0.000      0.000
    45.000     25.000      0.000      0.000      0.000      0.000
    50.000     25.000      0.000      0.000      0.000      0.000
    55.000     25.000      0.000      0.000      0.000      0.000
    60.000     25.000      0.000      0.000      0.000      0.000
    65.000     25.000      0.000      0.000      0.000      0.000
    70.000     25.000      0.000      0.000      0.000      0.000
    75.000     25.000      0.000      0.000      0.000      0.000
    80.000     25.000      0.000      0.000      0.000      0.000
    85.000     25.000      0.000      0.000      0.000      0.000
    90.000     25.000      0.000      0.000      0.000      0.000
    95.000     25.000      0.000      0.000      0.000      0.000
   100.000     25.000      0.000      0.000      0.000      0.000
   105.000     25.000      0.000      0.000      0.000      0.000
   110.000     25.000      0.000      0.000      0.000      0.000
   115.000     25.000      0.000      0.000      0.000      0.000
   120.000     25.000      0.000      0.000      0.000      0.000
   125.000     25.000      0.000      0.000      0.000      0.000
   130.000     25.000      0.000      0.000      0.000      0.000
   135.000     25.000      0.000      0.000      0.000      0.000
   140.000     25.000      0.000      0.000      0.000      0.000
   145.000     25.000      0.000      0.000      0.000      0.000
