   -25.000    -65.000      0.000      0.000      0.000      0.000
   -20.000    -65.000      0.000      0.000      0.000      0.000
   -15.000    -65.000      0.000      0.000      0.000      0.000
   -10.000    -65.000      0.000      0.000      0.000      0.000
    -5.000    -65.000      0.000      0.000      0.000      0.000
     0.000    -65.000      0.000      0.000      0.000      0.000
     5.000    -65.000      0.000      0.000      0.000      0.000
    10.000    -65.000      0.000      0.000      0.000      0.000
    15.000    -65.000      0.000      0.000      0.000      0.000
    20.000    -65.000      0.000      0.000      0.000      0.000
    25.000    -65.000      0.000      0.000      0.000      0.000
    30.000    -65.000      0.000      0.000      0.000      0.000
    35.000    -65.000      0.000      0.000      0.000      0.000
    40.000    -65.000      0.000      0.000      0.000      0.000
    45.000    -65.000      0.000      0.000      0.000      0.000
    50.000    -65.000      0.000      0.000      0.000      0.000
    55.000    -65.000      0.000      0.000      0.000      0.000
    60.000    -65.000      0.000      0.000      0.000      0.000
    65.000    -65.000      0.000      0.000      0.000      0.000
    70.000    -65.000      0.000      0.000      0.000      0.000
    75.000    -65.000      0.000      0.000      0.000      0.000
    80.000    -65.000      0.000      0.000      0.000      0.000
    85.000    -65.000      0.000      0.000      0.000      0.000
    90.000    -65.000      0.000      0.000      0.000      0.000
    95.000    -65.000      0.000      0.000      0.000      0.000
   100.000    -65.000      0.000      0.000      0.000      0.000
   105.000    -65.000      0.000      0.000      0.000      0.000
   110.000    -65.000      0.000      0.000      0.000      0.000
   115.000    -65.000      0.000      0.000      0.000      0.000
   120.000    -65.000      0.000      0.000      0.000      0.000
   125.000    -65.000      0.000      0.000      0.000      0.000
   130.000    -65.000      0.000      0.000      0.000      0.000
   135.000    -65.000      0.000      0.000      0.000      0.000
   140.000    -65.000      0.000      0.000      0.000      0.000
   145.000    -65.000      0.000      0.000      0.000      0.000
   -25.000    -60.000      0.000      0.000      0.000      0.000
   -20.000    -60.000      0.000      0.000      0.000      0.000
   -15.000    -60.000      0.000      0.000      0.000      0.000
   -10.000    -60.000      0.000      0.000      0.000      0.000
    -5.000    -60.000      0.000      0.000      0.000      0.000
     0.000    -60.000      0.000      0.000      0.000      0.000
     5.000    -60.000      0.000      0.000      0.000      0.000
    10.000    -60.000      0.000      0.000      0.000      0.000
    15.000    -60.000      0.000      0.000      0.000      0.000
    20.000    -60.000      0.000      0.000      0.000      0.000
    25.000    -60.000      0.000      0.000      0.000      0.000
    30.000    -60.000      0.000      0.000      0.000      0.000
    35.000    -60.000      0.000      0.000      0.000      0.000
    40.000    -60.000      0.000      0.000      0.000      0.000
    45.000    -60.000      0.000      0.000      0.000      0.000
    50.000    -60.000      0.000      0.000      0.000      0.000
    55.000    -60.000      0.000      0.000      0.000      0.000
    60.000    -60.000      0.000      0.000      0.000      0.000
    65.000    -60.000      0.000      0.000      0.000      0.000
    70.000    -60.000      0.000      0.000      0.000      0.000
    75.000    -60.000      0.000      0.000      0.000      0.000
    80.000    -60.000      0.000      0.000      0.000      0.000
    85.000    -60.000      0.000      0.000      0.000      0.000
    90.000    -60.000      0.000      0.000      0.000      0.000
    95.000    -60.000      0.000      0.000      0.000      0.000
   100.000    -60.000      0.000      0.000      0.000      0.000
   105.000    -60.000      0.000      0.000      0.000      0.000
   110.000    -60.000      0.000      0.000      0.000      0.000
   115.000    -60.000      0.000      0.000      0.000      0.000
   120.000    -60.000      0.000      0.000      0.000      0.000
   125.000    -60.000      0.000      0.000      0.000      0.000
   130.000    -60.000      0.000      0.000      0.000      0.000
   135.000    -60.000      0.000      0.000      0.000      0.000
   140.000    -60.000      0.000      0.000      0.000      0.000
   145.000    -60.000      0.000      0.000      0.000      0.000
   -25.000    -55.000      0.000      0.000      0.000      0.000
   -20.000    -55.000      0.000      0.000      0.000      0.000
   -15.000    -55.000      0.000      0.000      0.000      0.000
   -10.000    -55.000      0.000      0.000      0.000      0.000
    -5.000    -55.000      0.000      0.000      0.000      0.000
     0.000    -55.000      0.000      0.000      0.000      0.000
     5.000    -55.000      0.000      0.000      0.000      0.000
    10.000    -55.000      0.000      0.000      0.000      0.000
    15.000    -55.000      0.000      0.000      0.000      0.000
    20.000    -55.000      0.000      0.000      0.000      0.000
    25.000    -55.000      0.000      0.000      0.000      0.000
    30.000    -55.000      0.000      0.000      0.000      0.000
    35.000    -55.000      0.000      0.000      0.000      0.000
    40.000    -55.000      0.000      0.000      0.000      0.000
    45.000    -55.000      0.000      0.000      0.000      0.000
    50.000    -55.000      0.000      0.000      0.000      0.000
    55.000    -55.000      0.000      0.000      0.000      0.000
    60.000    -55.000      0.000      0.000      0.000      0.000
    65.000    -55.000      0.000      0.000      0.000      0.000
    70.000    -55.000      0.000      0.000      0.000      0.000
    75.000    -55.000      0.000      0.000      0.000      0.000
    80.000    -55.000      0.000      0.000      0.000      0.000
    85.000    -55.000      0.000      0.000      0.000      0.000
    90.000    -55.000      0.000      0.000      0.000      0.000
    95.000    -55.000      0.000      0.000      0.000      0.000
   100.000    -55.000      0.000      0.000      0.000      0.000
   105.000    -55.000      0.000      0.000      0.000      0.000
   110.000    -55.000      0.000      0.000      0.000      0.000
   115.000    -55.000      0.000      0.000      0.000      0.000
   120.000    -55.000      0.000      0.000      0.000      0.000
   125.000    -55.000      0.000      0.000      0.000      0.000
   130.000    -55.000      0.000      0.000      0.000      0.000
   135.000    -55.000      0.000      0.000      0.000      0.000
   140.000    -55.000      0.000      0.000      0.000      0.000
   145.000    -55.000      0.000      0.000      0.000      0.000
   -25.000    -50.000      0.000      0.000      0.000      0.000
   -20.000    -50.000      0.000      0.000      0.000      0.000
   -15.000    -50.000      0.000      0.000      0.000      0.000
   -10.000    -50.000      0.000      0.000      0.762     64.038
    -5.000    -50.000      0.000      0.000      1.362     64.534
     0.000    -50.000      0.000      0.000      1.693     66.618
     5.000    -50.000      0.000      0.000      2.049     66.261
    10.000    -50.000      0.000      0.000      2.519     62.961
    15.000    -50.000      0.000      0.000      2.712     59.131
    20.000    -50.000      0.000      0.000      2.335     57.730
    25.000    -50.000      0.000      0.000      2.071     55.867
    30.000    -50.000      0.015    -80.272      1.248     40.948
    35.000    -50.000      0.110   -101.314      0.671      7.785
    40.000    -50.000      0.103    -61.131      0.692    -44.613
    45.000    -50.000      0.183    -35.386      0.917    -68.814
    50.000    -50.000      0.262    -30.733      1.353    -61.497
    55.000    -50.000      0.311    -25.949      2.021    -61.333
    60.000    -50.000      0.345    -21.954      2.358    -54.853
    65.000    -50.000      0.368    -20.127      2.837    -58.093
    70.000    -50.000      0.370    -21.085      3.122    -64.979
    75.000    -50.000      0.369    -24.410      3.220    -68.445
    80.000    -50.000      0.365    -28.574      3.275    -70.525
    85.000    -50.000      0.364    -29.579      2.949    -68.583
    90.000    -50.000      0.354    -28.266      2.648    -67.079
    95.000    -50.000      0.331    -28.235      2.809    -71.060
   100.000    -50.000      0.288    -24.524      2.484    -72.629
   105.000    -50.000      0.259    -13.649      1.849    -60.758
   110.000    -50.000      0.253      1.936      1.805    -58.695
   115.000    -50.000      0.244      9.300      1.728    -55.786
   120.000    -50.000      0.212     11.967      1.835    -57.523
   125.000    -50.000      0.158     10.869      1.428    -52.612
   130.000    -50.000      0.086      3.010      0.769    -66.105
   135.000    -50.000      0.000      0.000      0.000      0.000
   140.000    -50.000      0.000      0.000      0.000      0.000
   145.000    -50.000      0.000      0.000      0.000      0.000
   -25.000    -45.000      0.000      0.000      0.000      0.000
   -20.000    -45.000      0.000      0.000      0.000      0.000
   -15.000    -45.000      0.000      0.000      0.000      0.000
   -10.000    -45.000      0.000      0.000      0.981     58.792
    -5.000    -45.000      0.000      0.000      1.443     60.155
     0.000    -45.000      0.000      0.000      1.813     62.852
     5.000    -45.000      0.000      0.000      2.420     64.998
    10.000    -45.000      0.000      0.000      2.868     62.125
    15.000    -45.000      0.000      0.000      2.972     54.738
    20.000    -45.000      0.000      0.000      3.008     49.968
    25.000    -45.000      0.000      0.000      2.528     44.353
    30.000    -45.000      0.000      0.000      1.660     33.763
    35.000    -45.000      0.000      0.000      0.855     13.093
    40.000    -45.000      0.080     20.178      1.253    -57.625
    45.000    -45.000      0.206    -20.472      2.085    -79.287
    50.000    -45.000      0.379    -31.189      2.663    -79.237
    55.000    -45.000      0.503    -31.921      3.664    -76.527
    60.000    -45.000      0.568    -29.480      4.348    -71.081
    65.000    -45.000      0.599    -26.884      5.129    -68.524
    70.000    -45.000      0.609    -25.634      5.429    -66.470
    75.000    -45.000      0.611    -25.398      5.832    -69.423
    80.000    -45.000      0.601    -25.308      5.867    -72.548
    85.000    -45.000      0.578    -25.539      5.332    -72.044
    90.000    -45.000      0.544    -26.052      4.944    -71.212
    95.000    -45.000      0.502    -25.315      4.736    -66.678
   100.000    -45.000      0.449    -19.445      4.231    -67.699
   105.000    -45.000      0.390     -8.497      3.324    -61.047
   110.000    -45.000      0.330      5.137      2.816    -57.153
   115.000    -45.000      0.278     18.147      2.781    -58.285
   120.000    -45.000      0.241     31.387      3.022    -60.370
   125.000    -45.000      0.188     40.789      2.386    -56.701
   130.000    -45.000      0.091     45.581      1.109    -51.389
   135.000    -45.000      0.000      0.000      0.000      0.000
   140.000    -45.000      0.000      0.000      0.000      0.000
   145.000    -45.000      0.000      0.000      0.000      0.000
   -25.000    -40.000      0.000      0.000      0.000      0.000
   -20.000    -40.000      0.000      0.000      0.000      0.000
   -15.000    -40.000      0.000      0.000      0.000      0.000
   -10.000    -40.000      0.000      0.000      0.165    -69.017
    -5.000    -40.000      0.000      0.000      0.453     -2.301
     0.000    -40.000      0.000      0.000      1.055     23.822
     5.000    -40.000      0.000      0.000      1.433     29.591
    10.000    -40.000      0.000      0.000      1.618     23.923
    15.000    -40.000      0.000      0.000      2.063      8.934
    20.000    -40.000      0.000      0.000      2.202      0.588
    25.000    -40.000      0.000      0.000      2.154      2.999
    30.000    -40.000      0.000      0.000      1.817    -18.934
    35.000    -40.000      0.000      0.000      1.241    -44.794
    40.000    -40.000      0.000      0.000      2.239    -85.358
    45.000    -40.000      0.081    -35.571      3.546    -92.395
    50.000    -40.000      0.236    -31.282      4.435    -92.507
    55.000    -40.000      0.422    -39.983      5.486    -89.458
    60.000    -40.000      0.536    -37.918      6.261    -85.861
    65.000    -40.000      0.602    -33.273      6.839    -80.117
    70.000    -40.000      0.641    -28.628      6.820    -74.516
    75.000    -40.000      0.657    -25.408      6.963    -72.073
    80.000    -40.000      0.652    -23.647      7.321    -74.359
    85.000    -40.000      0.626    -23.560      6.708    -74.626
    90.000    -40.000      0.584    -22.185      6.401    -74.194
    95.000    -40.000      0.525    -18.688      6.072    -68.994
   100.000    -40.000      0.454    -11.877      5.231    -64.779
   105.000    -40.000      0.379     -2.645      4.368    -59.927
   110.000    -40.000      0.317     11.576      3.686    -58.718
   115.000    -40.000      0.273     30.598      3.260    -58.563
   120.000    -40.000      0.240     49.663      3.378    -60.119
   125.000    -40.000      0.195     68.016      2.663    -61.876
   130.000    -40.000      0.120     87.940      1.295    -59.187
   135.000    -40.000      0.000      0.000      0.000      0.000
   140.000    -40.000      0.000      0.000      0.000      0.000
   145.000    -40.000      0.000      0.000      0.000      0.000
   -25.000    -35.000      0.000      0.000      0.000      0.000
   -20.000    -35.000      0.000      0.000      0.000      0.000
   -15.000    -35.000      0.000      0.000      0.000      0.000
   -10.000    -35.000      0.000      0.000      2.052   -103.977
    -5.000    -35.000      0.000      0.000      2.635    -97.019
     0.000    -35.000      0.000      0.000      2.723    -86.881
     5.000    -35.000      0.000      0.000      2.682    -73.539
    10.000    -35.000      0.000      0.000      2.767    -61.017
    15.000    -35.000      0.000      0.000      3.138    -54.104
    20.000    -35.000      0.000      0.000      3.488    -52.768
    25.000    -35.000      0.000      0.000      3.527    -55.112
    30.000    -35.000      0.000      0.000      4.125    -66.723
    35.000    -35.000      0.000      0.000      3.964    -76.311
    40.000    -35.000      0.000      0.000      4.357    -89.041
    45.000    -35.000      0.000      0.000      5.570    -97.640
    50.000    -35.000      0.113    -76.250      6.820   -100.592
    55.000    -35.000      0.312    -74.247      7.833    -99.314
    60.000    -35.000      0.400    -60.978      8.306    -95.577
    65.000    -35.000      0.455    -47.301      8.598    -90.350
    70.000    -35.000      0.502    -34.241      8.228    -84.406
    75.000    -35.000      0.536    -25.755      7.888    -79.827
    80.000    -35.000      0.543    -21.014      7.798    -78.613
    85.000    -35.000      0.525    -16.549      6.979    -76.539
    90.000    -35.000      0.506     -9.859      6.665    -75.090
    95.000    -35.000      0.479     -3.870      6.364    -70.657
   100.000    -35.000      0.436      0.749      5.782    -67.137
   105.000    -35.000      0.370      7.021      4.548    -59.519
   110.000    -35.000      0.302     16.779      3.873    -56.581
   115.000    -35.000      0.233     33.514      3.509    -60.432
   120.000    -35.000      0.184     60.123      3.199    -63.396
   125.000    -35.000      0.159     87.133      2.374    -67.188
   130.000    -35.000      0.116    105.921      1.056    -67.688
   135.000    -35.000      0.000      0.000      0.000      0.000
   140.000    -35.000      0.000      0.000      0.000      0.000
   145.000    -35.000      0.000      0.000      0.000      0.000
   -25.000    -30.000      0.000      0.000      0.000      0.000
   -20.000    -30.000      0.000      0.000      0.000      0.000
   -15.000    -30.000      0.000      0.000      0.000      0.000
   -10.000    -30.000      0.000      0.000      2.486   -114.217
    -5.000    -30.000      0.000      0.000      3.766   -111.642
     0.000    -30.000      0.000      0.000      4.477   -104.636
     5.000    -30.000      0.000      0.000      5.076    -94.477
    10.000    -30.000      0.000      0.000      5.557    -84.899
    15.000    -30.000      0.000      0.000      6.092    -78.559
    20.000    -30.000      0.000      0.000      6.740    -76.880
    25.000    -30.000      0.000      0.000      7.412    -75.577
    30.000    -30.000      0.000      0.000      7.627    -76.219
    35.000    -30.000      0.000      0.000      7.959    -83.322
    40.000    -30.000      0.000      0.000      8.471    -90.751
    45.000    -30.000      0.000      0.000      8.953    -98.542
    50.000    -30.000      0.009    -35.638      9.788   -101.911
    55.000    -30.000      0.238    -82.590     10.377   -103.842
    60.000    -30.000      0.285    -76.872     10.435   -103.327
    65.000    -30.000      0.277    -57.399     10.148    -98.851
    70.000    -30.000      0.267    -35.401      9.534    -94.548
    75.000    -30.000      0.284    -16.245      9.002    -88.353
    80.000    -30.000      0.332     -2.346      7.882    -84.348
    85.000    -30.000      0.396      6.114      6.601    -80.455
    90.000    -30.000      0.426     10.188      5.955    -75.791
    95.000    -30.000      0.414     10.930      5.712    -70.241
   100.000    -30.000      0.377     12.159      5.398    -67.019
   105.000    -30.000      0.323     15.930      4.642    -62.405
   110.000    -30.000      0.258     21.647      4.001    -59.074
   115.000    -30.000      0.181     29.468      3.785    -62.281
   120.000    -30.000      0.105     46.174      3.231    -67.328
   125.000    -30.000      0.065     79.929      2.234    -72.674
   130.000    -30.000      0.039    111.118      1.002    -85.023
   135.000    -30.000      0.000      0.000      0.000      0.000
   140.000    -30.000      0.000      0.000      0.000      0.000
   145.000    -30.000      0.000      0.000      0.000      0.000
   -25.000    -25.000      0.000      0.000      0.000      0.000
   -20.000    -25.000      0.000      0.000      0.000      0.000
   -15.000    -25.000      0.000      0.000      0.000      0.000
   -10.000    -25.000      0.000      0.000      2.239   -120.641
    -5.000    -25.000      0.000      0.000      4.300   -119.166
     0.000    -25.000      0.000      0.000      5.840   -113.485
     5.000    -25.000      0.000      0.000      6.840   -103.038
    10.000    -25.000      0.000      0.000      7.579    -92.163
    15.000    -25.000      0.000      0.000      8.416    -86.033
    20.000    -25.000      0.000      0.000      9.911    -82.963
    25.000    -25.000      0.000      0.000     11.067    -82.973
    30.000    -25.000      0.000      0.000     11.768    -83.735
    35.000    -25.000      0.000      0.000     12.234    -87.225
    40.000    -25.000      0.000      0.000     12.623    -92.855
    45.000    -25.000      0.000      0.000     12.951    -98.158
    50.000    -25.000      0.000      0.000     12.731   -103.300
    55.000    -25.000      0.102    -66.046     12.794   -106.602
    60.000    -25.000      0.139    -74.082     12.409   -107.814
    65.000    -25.000      0.118    -54.372     11.925   -106.490
    70.000    -25.000      0.107     -1.931     11.102   -101.741
    75.000    -25.000      0.184     35.327     10.176    -96.388
    80.000    -25.000      0.284     46.866      8.290    -92.233
    85.000    -25.000      0.337     48.119      6.161    -86.058
    90.000    -25.000      0.342     44.356      5.064    -78.310
    95.000    -25.000      0.326     37.562      4.547    -68.896
   100.000    -25.000      0.298     30.666      4.328    -66.532
   105.000    -25.000      0.247     21.537      4.169    -63.700
   110.000    -25.000      0.190     11.951      3.579    -60.510
   115.000    -25.000      0.133      1.572      3.532    -66.486
   120.000    -25.000      0.086     -7.894      2.980    -72.977
   125.000    -25.000      0.053    -12.422      2.028    -81.898
   130.000    -25.000      0.036    -10.157      0.917    -94.062
   135.000    -25.000      0.000      0.000      0.000      0.000
   140.000    -25.000      0.000      0.000      0.000      0.000
   145.000    -25.000      0.000      0.000      0.000      0.000
   -25.000    -20.000      0.000      0.000      0.000      0.000
   -20.000    -20.000      0.000      0.000      0.000      0.000
   -15.000    -20.000      0.000      0.000      0.000      0.000
   -10.000    -20.000      0.000      0.000      2.539   -110.367
    -5.000    -20.000      0.000      0.000      4.812   -110.954
     0.000    -20.000      0.000      0.000      6.395   -108.264
     5.000    -20.000      0.000      0.000      7.545   -101.287
    10.000    -20.000      0.000      0.000      8.691    -93.219
    15.000    -20.000      0.000      0.000     10.145    -86.772
    20.000    -20.000      0.000      0.000     11.701    -82.979
    25.000    -20.000      0.000      0.000     13.518    -83.295
    30.000    -20.000      0.000      0.000     15.015    -85.714
    35.000    -20.000      0.000      0.000     16.004    -90.648
    40.000    -20.000      0.000      0.000     16.420    -94.848
    45.000    -20.000      0.000      0.000     16.373    -99.022
    50.000    -20.000      0.000      0.000     15.360   -104.171
    55.000    -20.000      0.015    -86.882     14.712   -108.166
    60.000    -20.000      0.048     11.007     14.006   -110.476
    65.000    -20.000      0.103     40.650     13.261   -110.907
    70.000    -20.000      0.189     61.813     12.237   -108.921
    75.000    -20.000      0.282     70.291     10.822   -105.803
    80.000    -20.000      0.345     73.777      8.689   -101.025
    85.000    -20.000      0.373     74.495      5.998    -93.545
    90.000    -20.000      0.356     72.129      4.314    -82.300
    95.000    -20.000      0.305     67.293      3.298    -67.678
   100.000    -20.000      0.224     58.991      2.983    -64.144
   105.000    -20.000      0.146     43.941      3.098    -66.902
   110.000    -20.000      0.098     15.114      3.062    -67.007
   115.000    -20.000      0.091    -14.284      3.201    -73.592
   120.000    -20.000      0.097    -30.687      2.766    -81.566
   125.000    -20.000      0.096    -38.699      1.841    -91.667
   130.000    -20.000      0.076    -46.873      0.903   -100.129
   135.000    -20.000      0.000      0.000      0.000      0.000
   140.000    -20.000      0.000      0.000      0.000      0.000
   145.000    -20.000      0.000      0.000      0.000      0.000
   -25.000    -15.000      0.000      0.000      0.000      0.000
   -20.000    -15.000      0.000      0.000      0.000      0.000
   -15.000    -15.000      0.000      0.000      0.000      0.000
   -10.000    -15.000      0.000      0.000      2.777   -105.387
    -5.000    -15.000      0.000      0.000      5.517   -104.371
     0.000    -15.000      0.000      0.000      7.148   -100.917
     5.000    -15.000      0.000      0.000      8.312    -95.443
    10.000    -15.000      0.000      0.000      9.530    -89.948
    15.000    -15.000      0.000      0.000     11.090    -84.398
    20.000    -15.000      0.000      0.000     12.710    -81.240
    25.000    -15.000      0.000      0.000     14.532    -81.939
    30.000    -15.000      0.000      0.000     16.470    -85.041
    35.000    -15.000      0.000      0.000     18.011    -90.610
    40.000    -15.000      0.000      0.000     18.577    -96.483
    45.000    -15.000      0.000      0.000     18.441   -100.002
    50.000    -15.000      0.000      0.000     17.564   -103.800
    55.000    -15.000      0.022     51.667     15.908   -108.381
    60.000    -15.000      0.154     49.499     14.883   -112.145
    65.000    -15.000      0.254     56.875     14.085   -113.502
    70.000    -15.000      0.312     67.671     12.948   -114.414
    75.000    -15.000      0.359     76.356     11.167   -113.617
    80.000    -15.000      0.398     81.982      8.699   -110.487
    85.000    -15.000      0.410     84.715      5.906   -104.503
    90.000    -15.000      0.377     87.200      3.522    -90.013
    95.000    -15.000      0.311     89.860      2.192    -66.170
   100.000    -15.000      0.220     94.385      1.635    -53.836
   105.000    -15.000      0.125     99.438      1.937    -72.023
   110.000    -15.000      0.044    113.220      2.417    -80.564
   115.000    -15.000      0.025   -109.850      2.698    -86.924
   120.000    -15.000      0.066    -81.413      2.530    -94.161
   125.000    -15.000      0.079    -56.295      1.605   -105.301
   130.000    -15.000      0.075    -33.885      0.851   -112.445
   135.000    -15.000      0.000      0.000      0.000      0.000
   140.000    -15.000      0.000      0.000      0.000      0.000
   145.000    -15.000      0.000      0.000      0.000      0.000
   -25.000    -10.000      0.000      0.000      0.000      0.000
   -20.000    -10.000      0.000      0.000      0.000      0.000
   -15.000    -10.000      0.000      0.000      0.000      0.000
   -10.000    -10.000      0.000      0.000      2.156   -102.440
    -5.000    -10.000      0.000      0.000      3.890    -97.138
     0.000    -10.000      0.000      0.000      5.406    -91.129
     5.000    -10.000      0.000      0.000      7.072    -85.780
    10.000    -10.000      0.000      0.000      9.037    -81.711
    15.000    -10.000      0.000      0.000     10.847    -79.653
    20.000    -10.000      0.000      0.000     12.737    -78.410
    25.000    -10.000      0.000      0.000     14.576    -80.136
    30.000    -10.000      0.000      0.000     16.064    -83.365
    35.000    -10.000      0.000      0.000     17.711    -89.349
    40.000    -10.000      0.000      0.000     18.847    -96.426
    45.000    -10.000      0.000      0.000     18.995   -100.383
    50.000    -10.000      0.000      0.000     18.033   -103.926
    55.000    -10.000      0.020     79.328     16.620   -108.671
    60.000    -10.000      0.198     59.530     14.872   -112.851
    65.000    -10.000      0.344     64.624     13.776   -116.266
    70.000    -10.000      0.413     71.882     12.410   -119.111
    75.000    -10.000      0.452     78.161     10.632   -120.424
    80.000    -10.000      0.461     83.664      8.485   -119.293
    85.000    -10.000      0.424     89.663      5.756   -115.197
    90.000    -10.000      0.358     97.437      3.025   -103.147
    95.000    -10.000      0.285    107.638      1.211    -67.136
   100.000    -10.000      0.224    121.336      0.819    -21.333
   105.000    -10.000      0.173    138.670      0.820    -62.352
   110.000    -10.000      0.133    160.845      1.901    -95.788
   115.000    -10.000      0.098   -173.846      2.323   -100.104
   120.000    -10.000      0.063   -145.901      2.226   -105.262
   125.000    -10.000      0.035   -101.128      1.533   -113.448
   130.000    -10.000      0.031    -41.794      0.879   -119.278
   135.000    -10.000      0.000      0.000      0.000      0.000
   140.000    -10.000      0.000      0.000      0.000      0.000
   145.000    -10.000      0.000      0.000      0.000      0.000
   -25.000     -5.000      0.000      0.000      0.000      0.000
   -20.000     -5.000      0.000      0.000      0.000      0.000
   -15.000     -5.000      0.000      0.000      0.000      0.000
   -10.000     -5.000      0.000      0.000      1.326    -78.170
    -5.000     -5.000      0.000      0.000      2.440    -75.453
     0.000     -5.000      0.000      0.000      3.895    -73.353
     5.000     -5.000      0.000      0.000      5.699    -72.034
    10.000     -5.000      0.000      0.000      7.745    -70.699
    15.000     -5.000      0.000      0.000      9.841    -71.276
    20.000     -5.000      0.000      0.000     11.844    -74.555
    25.000     -5.000      0.000      0.000     13.860    -78.418
    30.000     -5.000      0.000      0.000     15.007    -82.375
    35.000     -5.000      0.000      0.000     16.165    -88.634
    40.000     -5.000      0.000      0.000     17.447    -96.075
    45.000     -5.000      0.000      0.000     17.855   -100.797
    50.000     -5.000      0.000      0.000     16.829   -104.115
    55.000     -5.000      0.000      0.000     15.644   -108.575
    60.000     -5.000      0.131     70.112     14.061   -113.371
    65.000     -5.000      0.336     71.156     12.258   -118.251
    70.000     -5.000      0.426     73.944     10.805   -123.028
    75.000     -5.000      0.445     79.173      9.247   -125.815
    80.000     -5.000      0.417     86.249      7.430   -126.947
    85.000     -5.000      0.368     95.701      4.935   -124.622
    90.000     -5.000      0.318    107.437      2.568   -121.536
    95.000     -5.000      0.277    120.363      0.573   -103.249
   100.000     -5.000      0.239    134.664      0.583     31.925
   105.000     -5.000      0.206    151.100      0.324      1.351
   110.000     -5.000      0.188    168.085      0.985   -111.167
   115.000     -5.000      0.163   -178.555      1.836   -117.160
   120.000     -5.000      0.129   -165.407      1.788   -121.176
   125.000     -5.000      0.081   -157.746      1.590   -122.968
   130.000     -5.000      0.029   -154.811      0.949   -116.094
   135.000     -5.000      0.000      0.000      0.000      0.000
   140.000     -5.000      0.000      0.000      0.000      0.000
   145.000     -5.000      0.000      0.000      0.000      0.000
   -25.000      0.000      0.000      0.000      0.000      0.000
   -20.000      0.000      0.000      0.000      0.000      0.000
   -15.000      0.000      0.000      0.000      0.000      0.000
   -10.000      0.000      0.000      0.000      0.846    -34.310
    -5.000      0.000      0.000      0.000      1.848    -36.621
     0.000      0.000      0.000      0.000      2.998    -42.287
     5.000      0.000      0.000      0.000      4.287    -48.867
    10.000      0.000      0.000      0.000      6.121    -57.281
    15.000      0.000      0.000      0.000      8.233    -62.072
    20.000      0.000      0.000      0.000     10.028    -69.277
    25.000      0.000      0.000      0.000     11.887    -76.664
    30.000      0.000      0.000      0.000     12.843    -82.377
    35.000      0.000      0.000      0.000     13.389    -88.940
    40.000      0.000      0.000      0.000     14.379    -95.646
    45.000      0.000      0.000      0.000     15.180   -101.013
    50.000      0.000      0.000      0.000     14.551   -104.645
    55.000      0.000      0.000      0.000     13.446   -107.871
    60.000      0.000      0.070     87.276     12.155   -112.611
    65.000      0.000      0.249     78.093     10.180   -119.029
    70.000      0.000      0.320     80.494      8.656   -125.057
    75.000      0.000      0.331     85.760      7.474   -130.342
    80.000      0.000      0.317     92.807      6.015   -132.044
    85.000      0.000      0.291    100.525      4.223   -132.102
    90.000      0.000      0.259    111.284      2.338   -134.269
    95.000      0.000      0.231    126.585      0.686   -152.736
   100.000      0.000      0.216    141.840      0.297     78.693
   105.000      0.000      0.206    155.367      0.373     63.018
   110.000      0.000      0.195    167.216      0.216   -161.989
   115.000      0.000      0.181    177.847      1.192   -132.391
   120.000      0.000      0.160   -176.004      1.447   -135.517
   125.000      0.000      0.123   -173.464      1.395   -134.338
   130.000      0.000      0.070   -174.774      0.940   -134.192
   135.000      0.000      0.000      0.000      0.000      0.000
   140.000      0.000      0.000      0.000      0.000      0.000
   145.000      0.000      0.000      0.000      0.000      0.000
   -25.000      5.000      0.000      0.000      0.000      0.000
   -20.000      5.000      0.000      0.000      0.000      0.000
   -15.000      5.000      0.000      0.000      0.000      0.000
   -10.000      5.000      0.000      0.000      0.674     16.187
    -5.000      5.000      0.000      0.000      1.910      6.058
     0.000      5.000      0.000      0.000      2.953     -2.972
     5.000      5.000      0.000      0.000      3.621    -16.944
    10.000      5.000      0.000      0.000      4.399    -39.532
    15.000      5.000      0.000      0.000      6.199    -57.586
    20.000      5.000      0.000      0.000      7.632    -64.857
    25.000      5.000      0.000      0.000      8.715    -73.477
    30.000      5.000      0.000      0.000      9.282    -82.074
    35.000      5.000      0.000      0.000      9.970    -88.799
    40.000      5.000      0.000      0.000     10.487    -95.041
    45.000      5.000      0.000      0.000     10.887   -100.871
    50.000      5.000      0.000      0.000     10.852   -105.089
    55.000      5.000      0.000      0.000      9.881   -107.960
    60.000      5.000      0.070     91.064      8.429   -112.727
    65.000      5.000      0.161     91.978      7.083   -120.036
    70.000      5.000      0.201     90.562      5.763   -127.627
    75.000      5.000      0.210     91.713      4.954   -132.635
    80.000      5.000      0.208     95.514      4.084   -136.087
    85.000      5.000      0.196    103.861      3.053   -139.888
    90.000      5.000      0.185    114.941      1.763   -146.084
    95.000      5.000      0.175    127.831      0.804   -171.455
   100.000      5.000      0.170    140.614      0.475    130.083
   105.000      5.000      0.171    153.296      0.359    106.337
   110.000      5.000      0.173    161.934      0.307    108.497
   115.000      5.000      0.169    167.462      0.552   -160.618
   120.000      5.000      0.159    171.326      1.051   -140.927
   125.000      5.000      0.133    174.609      0.970   -143.937
   130.000      5.000      0.084    174.853      0.693   -145.745
   135.000      5.000      0.000      0.000      0.000      0.000
   140.000      5.000      0.000      0.000      0.000      0.000
   145.000      5.000      0.000      0.000      0.000      0.000
   -25.000     10.000      0.000      0.000      0.000      0.000
   -20.000     10.000      0.000      0.000      0.000      0.000
   -15.000     10.000      0.000      0.000      0.000      0.000
   -10.000     10.000      0.000      0.000      0.295     -1.118
    -5.000     10.000      0.000      0.000      1.308      4.264
     0.000     10.000      0.000      0.000      1.999      2.403
     5.000     10.000      0.000      0.000      2.281     -6.338
    10.000     10.000      0.000      0.000      2.502    -29.229
    15.000     10.000      0.000      0.000      3.440    -56.037
    20.000     10.000      0.000      0.000      4.170    -62.958
    25.000     10.000      0.000      0.000      4.560    -70.291
    30.000     10.000      0.000      0.000      5.212    -81.436
    35.000     10.000      0.000      0.000      5.595    -87.126
    40.000     10.000      0.000      0.000      5.869    -93.292
    45.000     10.000      0.000      0.000      5.923    -98.824
    50.000     10.000      0.000      0.000      5.695   -104.311
    55.000     10.000      0.017     60.213      5.126   -108.527
    60.000     10.000      0.015     31.746      4.346   -112.758
    65.000     10.000      0.045     90.550      3.661   -120.872
    70.000     10.000      0.064     85.025      2.803   -131.377
    75.000     10.000      0.069     85.243      2.433   -135.343
    80.000     10.000      0.068     94.881      1.995   -139.164
    85.000     10.000      0.072    109.903      1.365   -153.803
    90.000     10.000      0.080    121.610      1.046   -153.367
    95.000     10.000      0.091    129.561      0.509   -174.339
   100.000     10.000      0.104    136.886      0.303    135.804
   105.000     10.000      0.121    143.845      0.380    110.072
   110.000     10.000      0.131    151.601      0.230    121.444
   115.000     10.000      0.132    156.351      0.341    127.068
   120.000     10.000      0.120    157.949      0.484   -144.919
   125.000     10.000      0.097    157.595      0.462   -165.791
   130.000     10.000      0.063    162.013      0.352   -144.984
   135.000     10.000      0.000      0.000      0.000      0.000
   140.000     10.000      0.000      0.000      0.000      0.000
   145.000     10.000      0.000      0.000      0.000      0.000
   -25.000     15.000      0.000      0.000      0.000      0.000
   -20.000     15.000      0.000      0.000      0.000      0.000
   -15.000     15.000      0.000      0.000      0.000      0.000
   -10.000     15.000      0.000      0.000      0.000      0.000
    -5.000     15.000      0.000      0.000      0.000      0.000
     0.000     15.000      0.000      0.000      0.000      0.000
     5.000     15.000      0.000      0.000      0.000      0.000
    10.000     15.000      0.000      0.000      0.000      0.000
    15.000     15.000      0.000      0.000      0.000      0.000
    20.000     15.000      0.000      0.000      0.000      0.000
    25.000     15.000      0.000      0.000      0.000      0.000
    30.000     15.000      0.000      0.000      0.000      0.000
    35.000     15.000      0.000      0.000      0.000      0.000
    40.000     15.000      0.000      0.000      0.000      0.000
    45.000     15.000      0.000      0.000      0.000      0.000
    50.000     15.000      0.000      0.000      0.000      0.000
    55.000     15.000      0.000      0.000      0.000      0.000
    60.000     15.000      0.000      0.000      0.000      0.000
    65.000     15.000      0.000      0.000      0.000      0.000
    70.000     15.000      0.000      0.000      0.000      0.000
    75.000     15.000      0.000      0.000      0.000      0.000
    80.000     15.000      0.000      0.000      0.000      0.000
    85.000     15.000      0.000      0.000      0.000      0.000
    90.000     15.000      0.000      0.000      0.000      0.000
    95.000     15.000      0.000      0.000      0.000      0.000
   100.000     15.000      0.000      0.000      0.000      0.000
   105.000     15.000      0.000      0.000      0.000      0.000
   110.000     15.000      0.000      0.000      0.000      0.000
   115.000     15.000      0.000      0.000      0.000      0.000
   120.000     15.000      0.000      0.000      0.000      0.000
   125.000     15.000      0.000      0.000      0.000      0.000
   130.000     15.000      0.000      0.000      0.000      0.000
   135.000     15.000      0.000      0.000      0.000      0.000
   140.000     15.000      0.000      0.000      0.000      0.000
   145.000     15.000      0.000      0.000      0.000      0.000
   -25.000     20.000      0.000      0.000      0.000      0.000
   -20.000     20.000      0.000      0.000      0.000      0.000
   -15.000     20.000      0.000      0.000      0.000      0.000
   -10.000     20.000      0.000      0.000      0.000      0.000
    -5.000     20.000      0.000      0.000      0.000      0.000
     0.000     20.000      0.000      0.000      0.000      0.000
     5.000     20.000      0.000      0.000      0.000      0.000
    10.000     20.000      0.000      0.000      0.000      0.000
    15.000     20.000      0.000      0.000      0.000      0.000
    20.000     20.000      0.000      0.000      0.000      0.000
    25.000     20.000      0.000      0.000      0.000      0.000
    30.000     20.000      0.000      0.000      0.000      0.000
    35.000     20.000      0.000      0.000      0.000      0.000
    40.000     20.000      0.000      0.000      0.000      0.000
    45.000     20.000      0.000      0.000      0.000      0.000
    50.000     20.000      0.000      0.000      0.000      0.000
    55.000     20.000      0.000      0.000      0.000      0.000
    60.000     20.000      0.000      0.000      0.000      0.000
    65.000     20.000      0.000      0.000      0.000      0.000
    70.000     20.000      0.000      0.000      0.000      0.000
    75.000     20.000      0.000      0.000      0.000      0.000
    80.000     20.000      0.000      0.000      0.000      0.000
    85.000     20.000      0.000      0.000      0.000      0.000
    90.000     20.000      0.000      0.000      0.000      0.000
    95.000     20.000      0.000      0.000      0.000      0.000
   100.000     20.000      0.000      0.000      0.000      0.000
   105.000     20.000      0.000      0.000      0.000      0.000
   110.000     20.000      0.000      0.000      0.000      0.000
   115.000     20.000      0.000      0.000      0.000      0.000
   120.000     20.000      0.000      0.000      0.000      0.000
   125.000     20.000      0.000      0.000      0.000      0.000
   130.000     20.000      0.000      0.000      0.000      0.000
   135.000     20.000      0.000      0.000      0.000      0.000
   140.000     20.000      0.000      0.000      0.000      0.000
   145.000     20.000      0.000      0.000      0.000      0.000
   -25.000     25.000      0.000      0.000      0.000      0.000
   -20.000     25.000      0.000      0.000      0.000      0.000
   -15.000     25.000      0.000      0.000      0.000      0.000
   -10.000     25.000      0.000      0.000      0.000      0.000
    -5.000     25.000      0.000      0.000      0.000      0.000
     0.000     25.000      0.000      0.000      0.000      0.000
     5.000     25.000      0.000      0.000      0.000      0.000
    10.000     25.000      0.000      0.000      0.000      0.000
    15.000     25.000      0.000      0.000      0.000      0.000
    20.000     25.000      0.000      0.000      0.000      0.000
    25.000     25.000      0.000      0.000      0.000      0.000
    30.000     25.000      0.000      0.000      0.000      0.000
    35.000     25.000      0.000      0.000      0.000      0.000
    40.000     25.000      0.000      0.000      0.000      0.000
    45.000     25.000      0.000      0.000      0.000      0.000
    50.000     25.000      0.000      0.000      0.000      0.000
    55.000     25.000      0.000      0.000      0.000      0.000
    60.000     25.000      0.000      0.000      0.000      0.000
    65.000     25.000      0.000      0.000      0.000      0.000
    70.000     25.000      0.000      0.000      0.000      0.000
    75.000     25.000      0.000      0.000      0.000      0.000
    80.000     25.000      0.000      0.000      0.000      0.000
    85.000     25.000      0.000      0.000      0.000      0.000
    90.000     25.000      0.000      0.000      0.000      0.000
    95.000     25.000      0.000      0.000      0.000      0.000
   100.000     25.000      0.000      0.000      0.000      0.000
   105.000     25.000      0.000      0.000      0.000      0.000
   110.000     25.000      0.000      0.000      0.000      0.000
   115.000     25.000      0.000      0.000      0.000      0.000
   120.000     25.000      0.000      0.000      0.000      0.000
   125.000     25.000      0.000      0.000      0.000      0.000
   130.000     25.000      0.000      0.000      0.000      0.000
   135.000     25.000      0.000      0.000      0.000      0.000
   140.000     25.000      0.000      0.000      0.000      0.000
   145.000     25.000      0.000      0.000      0.000      0.000
