   -25.000    -65.000      0.000      0.000      0.000      0.000
   -20.000    -65.000      0.000      0.000      0.000      0.000
   -15.000    -65.000      0.000      0.000      0.000      0.000
   -10.000    -65.000      0.000      0.000      0.000      0.000
    -5.000    -65.000      0.000      0.000      0.000      0.000
     0.000    -65.000      0.000      0.000      0.000      0.000
     5.000    -65.000      0.000      0.000      0.000      0.000
    10.000    -65.000      0.000      0.000      0.000      0.000
    15.000    -65.000      0.000      0.000      0.000      0.000
    20.000    -65.000      0.000      0.000      0.000      0.000
    25.000    -65.000      0.000      0.000      0.000      0.000
    30.000    -65.000      0.000      0.000      0.000      0.000
    35.000    -65.000      0.000      0.000      0.000      0.000
    40.000    -65.000      0.000      0.000      0.000      0.000
    45.000    -65.000      0.000      0.000      0.000      0.000
    50.000    -65.000      0.000      0.000      0.000      0.000
    55.000    -65.000      0.000      0.000      0.000      0.000
    60.000    -65.000      0.000      0.000      0.000      0.000
    65.000    -65.000      0.000      0.000      0.000      0.000
    70.000    -65.000      0.000      0.000      0.000      0.000
    75.000    -65.000      0.000      0.000      0.000      0.000
    80.000    -65.000      0.000      0.000      0.000      0.000
    85.000    -65.000      0.000      0.000      0.000      0.000
    90.000    -65.000      0.000      0.000      0.000      0.000
    95.000    -65.000      0.000      0.000      0.000      0.000
   100.000    -65.000      0.000      0.000      0.000      0.000
   105.000    -65.000      0.000      0.000      0.000      0.000
   110.000    -65.000      0.000      0.000      0.000      0.000
   115.000    -65.000      0.000      0.000      0.000      0.000
   120.000    -65.000      0.000      0.000      0.000      0.000
   125.000    -65.000      0.000      0.000      0.000      0.000
   130.000    -65.000      0.000      0.000      0.000      0.000
   135.000    -65.000      0.000      0.000      0.000      0.000
   140.000    -65.000      0.000      0.000      0.000      0.000
   145.000    -65.000      0.000      0.000      0.000      0.000
   -25.000    -60.000      0.000      0.000      0.000      0.000
   -20.000    -60.000      0.000      0.000      0.000      0.000
   -15.000    -60.000      0.000      0.000      0.000      0.000
   -10.000    -60.000      0.000      0.000      0.000      0.000
    -5.000    -60.000      0.000      0.000      0.000      0.000
     0.000    -60.000      0.000      0.000      0.000      0.000
     5.000    -60.000      0.000      0.000      0.000      0.000
    10.000    -60.000      0.000      0.000      0.000      0.000
    15.000    -60.000      0.000      0.000      0.000      0.000
    20.000    -60.000      0.000      0.000      0.000      0.000
    25.000    -60.000      0.000      0.000      0.000      0.000
    30.000    -60.000      0.000      0.000      0.000      0.000
    35.000    -60.000      0.000      0.000      0.000      0.000
    40.000    -60.000      0.000      0.000      0.000      0.000
    45.000    -60.000      0.000      0.000      0.000      0.000
    50.000    -60.000      0.000      0.000      0.000      0.000
    55.000    -60.000      0.000      0.000      0.000      0.000
    60.000    -60.000      0.000      0.000      0.000      0.000
    65.000    -60.000      0.000      0.000      0.000      0.000
    70.000    -60.000      0.000      0.000      0.000      0.000
    75.000    -60.000      0.000      0.000      0.000      0.000
    80.000    -60.000      0.000      0.000      0.000      0.000
    85.000    -60.000      0.000      0.000      0.000      0.000
    90.000    -60.000      0.000      0.000      0.000      0.000
    95.000    -60.000      0.000      0.000      0.000      0.000
   100.000    -60.000      0.000      0.000      0.000      0.000
   105.000    -60.000      0.000      0.000      0.000      0.000
   110.000    -60.000      0.000      0.000      0.000      0.000
   115.000    -60.000      0.000      0.000      0.000      0.000
   120.000    -60.000      0.000      0.000      0.000      0.000
   125.000    -60.000      0.000      0.000      0.000      0.000
   130.000    -60.000      0.000      0.000      0.000      0.000
   135.000    -60.000      0.000      0.000      0.000      0.000
   140.000    -60.000      0.000      0.000      0.000      0.000
   145.000    -60.000      0.000      0.000      0.000      0.000
   -25.000    -55.000      0.000      0.000      0.000      0.000
   -20.000    -55.000      0.000      0.000      0.000      0.000
   -15.000    -55.000      0.000      0.000      0.000      0.000
   -10.000    -55.000      0.000      0.000      0.000      0.000
    -5.000    -55.000      0.000      0.000      0.000      0.000
     0.000    -55.000      0.000      0.000      0.000      0.000
     5.000    -55.000      0.000      0.000      0.000      0.000
    10.000    -55.000      0.000      0.000      0.000      0.000
    15.000    -55.000      0.000      0.000      0.000      0.000
    20.000    -55.000      0.000      0.000      0.000      0.000
    25.000    -55.000      0.000      0.000      0.000      0.000
    30.000    -55.000      0.000      0.000      0.000      0.000
    35.000    -55.000      0.000      0.000      0.000      0.000
    40.000    -55.000      0.000      0.000      0.000      0.000
    45.000    -55.000      0.000      0.000      0.000      0.000
    50.000    -55.000      0.000      0.000      0.000      0.000
    55.000    -55.000      0.000      0.000      0.000      0.000
    60.000    -55.000      0.000      0.000      0.000      0.000
    65.000    -55.000      0.000      0.000      0.000      0.000
    70.000    -55.000      0.000      0.000      0.000      0.000
    75.000    -55.000      0.000      0.000      0.000      0.000
    80.000    -55.000      0.000      0.000      0.000      0.000
    85.000    -55.000      0.000      0.000      0.000      0.000
    90.000    -55.000      0.000      0.000      0.000      0.000
    95.000    -55.000      0.000      0.000      0.000      0.000
   100.000    -55.000      0.000      0.000      0.000      0.000
   105.000    -55.000      0.000      0.000      0.000      0.000
   110.000    -55.000      0.000      0.000      0.000      0.000
   115.000    -55.000      0.000      0.000      0.000      0.000
   120.000    -55.000      0.000      0.000      0.000      0.000
   125.000    -55.000      0.000      0.000      0.000      0.000
   130.000    -55.000      0.000      0.000      0.000      0.000
   135.000    -55.000      0.000      0.000      0.000      0.000
   140.000    -55.000      0.000      0.000      0.000      0.000
   145.000    -55.000      0.000      0.000      0.000      0.000
   -25.000    -50.000      0.000      0.000      0.000      0.000
   -20.000    -50.000      0.000      0.000      0.000      0.000
   -15.000    -50.000      0.000      0.000      0.000      0.000
   -10.000    -50.000      0.082    113.686      0.682     94.632
    -5.000    -50.000      0.124    122.059      1.257     84.192
     0.000    -50.000      0.147    117.020      1.803     76.345
     5.000    -50.000      0.149    110.068      2.402     70.797
    10.000    -50.000      0.124    106.724      2.963     67.774
    15.000    -50.000      0.082    102.752      3.089     65.987
    20.000    -50.000      0.046     83.338      2.413     65.833
    25.000    -50.000      0.043     35.670      2.039     66.189
    30.000    -50.000      0.063     -0.745      1.470     62.806
    35.000    -50.000      0.091    -18.617      1.150     62.369
    40.000    -50.000      0.104    -24.049      0.838     72.858
    45.000    -50.000      0.112    -30.526      0.885     97.716
    50.000    -50.000      0.115    -39.480      0.933     91.167
    55.000    -50.000      0.130    -53.551      0.603     79.507
    60.000    -50.000      0.136    -60.763      0.634     59.006
    65.000    -50.000      0.156    -70.028      0.321      6.832
    70.000    -50.000      0.170    -81.113      0.477    -87.660
    75.000    -50.000      0.184    -87.983      0.797   -104.461
    80.000    -50.000      0.197    -94.318      1.065   -108.305
    85.000    -50.000      0.197    -97.849      0.906   -113.786
    90.000    -50.000      0.186    -98.009      0.783   -120.102
    95.000    -50.000      0.151   -100.892      1.121   -114.758
   100.000    -50.000      0.104   -110.894      1.013   -125.115
   105.000    -50.000      0.068   -135.371      0.403   -159.326
   110.000    -50.000      0.066   -152.030      0.319   -159.686
   115.000    -50.000      0.085   -132.684      0.199   -179.548
   120.000    -50.000      0.138   -102.334      0.199   -109.389
   125.000    -50.000      0.046    -36.777      0.046    -36.777
   130.000    -50.000      0.000      0.000      0.000      0.000
   135.000    -50.000      0.000      0.000      0.000      0.000
   140.000    -50.000      0.000      0.000      0.000      0.000
   145.000    -50.000      0.000      0.000      0.000      0.000
   -25.000    -45.000      0.000      0.000      0.000      0.000
   -20.000    -45.000      0.000      0.000      0.000      0.000
   -15.000    -45.000      0.000      0.000      0.000      0.000
   -10.000    -45.000      0.065   -123.374      0.980     68.948
    -5.000    -45.000      0.044   -147.273      1.543     67.624
     0.000    -45.000      0.039    130.167      2.103     66.103
     5.000    -45.000      0.068     91.734      2.930     65.552
    10.000    -45.000      0.093     74.196      3.595     63.719
    15.000    -45.000      0.116     57.128      3.682     60.198
    20.000    -45.000      0.130     36.853      3.330     56.196
    25.000    -45.000      0.154     16.048      2.655     55.498
    30.000    -45.000      0.188     -1.851      1.831     52.654
    35.000    -45.000      0.225    -15.755      1.299     57.679
    40.000    -45.000      0.255    -27.255      0.670     53.663
    45.000    -45.000      0.279    -37.365      0.469    110.032
    50.000    -45.000      0.298    -49.029      0.772    122.390
    55.000    -45.000      0.314    -59.174      0.486    148.148
    60.000    -45.000      0.332    -68.135      0.178   -168.528
    65.000    -45.000      0.351    -75.492      0.676    -89.413
    70.000    -45.000      0.366    -82.218      1.007    -87.225
    75.000    -45.000      0.362    -85.873      1.702    -98.505
    80.000    -45.000      0.346    -88.935      2.163   -107.641
    85.000    -45.000      0.317    -91.584      1.973   -114.488
    90.000    -45.000      0.267    -92.780      1.857   -117.370
    95.000    -45.000      0.219    -94.038      1.629   -108.217
   100.000    -45.000      0.172    -97.411      1.469   -117.837
   105.000    -45.000      0.144   -109.292      0.720   -142.882
   110.000    -45.000      0.149   -119.074      0.525    174.914
   115.000    -45.000      0.188   -114.001      0.420    178.137
   120.000    -45.000      0.251   -101.729      0.418   -112.243
   125.000    -45.000      0.173    -85.694      0.173    -85.694
   130.000    -45.000      0.001    -14.212      0.001    -14.212
   135.000    -45.000      0.000      0.000      0.000      0.000
   140.000    -45.000      0.000      0.000      0.000      0.000
   145.000    -45.000      0.000      0.000      0.000      0.000
   -25.000    -40.000      0.000      0.000      0.000      0.000
   -20.000    -40.000      0.000      0.000      0.000      0.000
   -15.000    -40.000      0.000      0.000      0.000      0.000
   -10.000    -40.000      0.128    -81.441      0.158      4.517
    -5.000    -40.000      0.173    -80.188      0.465     19.218
     0.000    -40.000      0.156    -62.529      0.958     34.386
     5.000    -40.000      0.147    -33.915      1.376     41.227
    10.000    -40.000      0.160     -7.459      1.675     38.503
    15.000    -40.000      0.194      7.742      1.904     24.311
    20.000    -40.000      0.230      8.016      1.849     14.639
    25.000    -40.000      0.277      4.421      1.634     16.465
    30.000    -40.000      0.325     -3.131      1.184     -4.471
    35.000    -40.000      0.364    -12.431      0.536    -22.536
    40.000    -40.000      0.390    -23.513      0.813    -91.298
    45.000    -40.000      0.412    -34.583      1.210   -116.854
    50.000    -40.000      0.431    -45.756      1.413   -133.680
    55.000    -40.000      0.444    -55.629      1.703   -132.392
    60.000    -40.000      0.467    -64.414      1.985   -126.049
    65.000    -40.000      0.475    -70.217      2.169   -112.975
    70.000    -40.000      0.484    -75.222      2.023   -106.002
    75.000    -40.000      0.482    -79.111      2.286   -103.107
    80.000    -40.000      0.466    -81.643      3.063   -106.664
    85.000    -40.000      0.431    -83.993      2.886   -113.908
    90.000    -40.000      0.381    -85.068      2.878   -114.914
    95.000    -40.000      0.333    -87.338      2.493   -106.794
   100.000    -40.000      0.279    -90.870      1.745   -108.167
   105.000    -40.000      0.238    -97.110      0.936   -116.073
   110.000    -40.000      0.214   -103.141      0.540   -149.714
   115.000    -40.000      0.242   -101.857      0.407    178.892
   120.000    -40.000      0.275    -97.636      0.362   -101.227
   125.000    -40.000      0.223    -94.676      0.279    -95.517
   130.000    -40.000      0.005    -88.817      0.005    -88.817
   135.000    -40.000      0.000      0.000      0.000      0.000
   140.000    -40.000      0.000      0.000      0.000      0.000
   145.000    -40.000      0.000      0.000      0.000      0.000
   -25.000    -35.000      0.000      0.000      0.000      0.000
   -20.000    -35.000      0.000      0.000      0.000      0.000
   -15.000    -35.000      0.000      0.000      0.000      0.000
   -10.000    -35.000      0.162    -83.910      1.410   -100.246
    -5.000    -35.000      0.250    -78.251      2.163    -96.847
     0.000    -35.000      0.259    -59.419      2.510    -92.119
     5.000    -35.000      0.274    -41.813      2.455    -82.334
    10.000    -35.000      0.286    -30.612      2.456    -69.008
    15.000    -35.000      0.288    -17.782      2.764    -60.354
    20.000    -35.000      0.308    -12.630      2.952    -60.305
    25.000    -35.000      0.339     -8.854      2.981    -64.453
    30.000    -35.000      0.374     -9.641      3.474    -76.557
    35.000    -35.000      0.414    -15.971      3.430    -87.720
    40.000    -35.000      0.444    -24.639      3.491    -98.878
    45.000    -35.000      0.468    -33.668      3.857   -108.858
    50.000    -35.000      0.503    -42.906      4.229   -116.960
    55.000    -35.000      0.543    -50.949      4.442   -120.438
    60.000    -35.000      0.571    -58.191      4.483   -119.618
    65.000    -35.000      0.587    -64.146      4.528   -114.965
    70.000    -35.000      0.599    -68.737      4.083   -111.179
    75.000    -35.000      0.596    -72.418      3.809   -108.697
    80.000    -35.000      0.562    -75.360      3.963   -109.209
    85.000    -35.000      0.522    -78.195      3.427   -113.186
    90.000    -35.000      0.469    -81.059      3.318   -113.053
    95.000    -35.000      0.418    -84.371      2.949   -106.815
   100.000    -35.000      0.368    -87.666      2.347   -104.036
   105.000    -35.000      0.326    -92.486      0.984   -106.596
   110.000    -35.000      0.301    -96.760      0.344   -117.749
   115.000    -35.000      0.286    -96.284      0.307   -130.137
   120.000    -35.000      0.258    -93.998      0.320    -98.439
   125.000    -35.000      0.181    -96.379      0.231    -97.496
   130.000    -35.000      0.003   -130.848      0.003   -130.848
   135.000    -35.000      0.000      0.000      0.000      0.000
   140.000    -35.000      0.000      0.000      0.000      0.000
   145.000    -35.000      0.000      0.000      0.000      0.000
   -25.000    -30.000      0.000      0.000      0.000      0.000
   -20.000    -30.000      0.000      0.000      0.000      0.000
   -15.000    -30.000      0.000      0.000      0.000      0.000
   -10.000    -30.000      0.148    -92.034      1.946   -117.309
    -5.000    -30.000      0.220    -86.698      3.354   -113.962
     0.000    -30.000      0.229    -73.736      4.382   -107.712
     5.000    -30.000      0.256    -59.706      5.063    -98.453
    10.000    -30.000      0.284    -48.513      5.495    -88.542
    15.000    -30.000      0.299    -33.898      6.030    -81.776
    20.000    -30.000      0.332    -27.885      6.422    -80.760
    25.000    -30.000      0.354    -24.471      7.115    -80.875
    30.000    -30.000      0.372    -23.322      7.195    -84.220
    35.000    -30.000      0.396    -25.112      7.517    -92.369
    40.000    -30.000      0.431    -30.453      7.864    -97.985
    45.000    -30.000      0.480    -36.658      7.735   -104.619
    50.000    -30.000      0.522    -43.198      8.005   -110.276
    55.000    -30.000      0.565    -49.188      7.865   -116.419
    60.000    -30.000      0.606    -55.208      7.643   -119.327
    65.000    -30.000      0.628    -60.154      7.226   -116.999
    70.000    -30.000      0.620    -63.257      6.645   -115.216
    75.000    -30.000      0.600    -66.828      6.078   -110.327
    80.000    -30.000      0.565    -70.007      5.097   -110.792
    85.000    -30.000      0.523    -73.623      3.968   -114.163
    90.000    -30.000      0.480    -78.633      3.277   -112.998
    95.000    -30.000      0.435    -83.912      2.770   -105.229
   100.000    -30.000      0.399    -88.432      2.288    -99.176
   105.000    -30.000      0.376    -91.234      1.368    -92.100
   110.000    -30.000      0.362    -90.973      0.706    -73.751
   115.000    -30.000      0.342    -86.390      0.748    -66.277
   120.000    -30.000      0.302    -81.909      0.645    -68.702
   125.000    -30.000      0.208    -85.227      0.346    -69.618
   130.000    -30.000      0.068   -135.694      0.068   -135.694
   135.000    -30.000      0.000      0.000      0.000      0.000
   140.000    -30.000      0.000      0.000      0.000      0.000
   145.000    -30.000      0.000      0.000      0.000      0.000
   -25.000    -25.000      0.000      0.000      0.000      0.000
   -20.000    -25.000      0.000      0.000      0.000      0.000
   -15.000    -25.000      0.000      0.000      0.000      0.000
   -10.000    -25.000      0.048   -101.485      2.223   -120.642
    -5.000    -25.000      0.086   -109.888      4.277   -119.103
     0.000    -25.000      0.135   -116.603      5.809   -113.382
     5.000    -25.000      0.173   -103.560      6.803   -103.047
    10.000    -25.000      0.196    -83.390      7.534    -92.312
    15.000    -25.000      0.185    -47.056      8.444    -86.697
    20.000    -25.000      0.264    -35.985      9.714    -84.290
    25.000    -25.000      0.336    -42.484     10.808    -84.804
    30.000    -25.000      0.377    -43.518     11.386    -87.320
    35.000    -25.000      0.420    -45.413     11.756    -92.477
    40.000    -25.000      0.465    -48.018     12.030    -98.265
    45.000    -25.000      0.501    -50.759     12.113   -103.191
    50.000    -25.000      0.531    -54.184     11.645   -109.030
    55.000    -25.000      0.551    -57.057     11.333   -115.065
    60.000    -25.000      0.568    -59.161     10.850   -118.706
    65.000    -25.000      0.581    -61.002     10.432   -119.292
    70.000    -25.000      0.574    -62.212      9.632   -116.139
    75.000    -25.000      0.553    -64.585      8.723   -112.351
    80.000    -25.000      0.518    -68.034      6.930   -112.270
    85.000    -25.000      0.468    -71.705      4.739   -113.675
    90.000    -25.000      0.429    -75.733      3.343   -111.519
    95.000    -25.000      0.397    -79.165      2.304   -101.609
   100.000    -25.000      0.386    -82.580      1.799    -94.844
   105.000    -25.000      0.382    -83.655      1.378    -78.693
   110.000    -25.000      0.371    -81.655      0.796    -48.156
   115.000    -25.000      0.353    -77.693      0.923    -53.630
   120.000    -25.000      0.303    -72.715      0.723    -58.659
   125.000    -25.000      0.188    -72.703      0.334    -70.497
   130.000    -25.000      0.034   -142.498      0.034   -142.498
   135.000    -25.000      0.000      0.000      0.000      0.000
   140.000    -25.000      0.000      0.000      0.000      0.000
   145.000    -25.000      0.000      0.000      0.000      0.000
   -25.000    -20.000      0.000      0.000      0.000      0.000
   -20.000    -20.000      0.000      0.000      0.000      0.000
   -15.000    -20.000      0.000      0.000      0.000      0.000
   -10.000    -20.000      0.001     55.552      2.539   -110.367
    -5.000    -20.000      0.001     44.834      4.812   -110.954
     0.000    -20.000      0.001     41.603      6.395   -108.264
     5.000    -20.000      0.000     75.611      7.545   -101.287
    10.000    -20.000      0.000    179.384      8.691    -93.219
    15.000    -20.000      0.067    -65.179     10.145    -86.772
    20.000    -20.000      0.159    -26.245     11.688    -83.175
    25.000    -20.000      0.284    -58.097     13.228    -83.537
    30.000    -20.000      0.357    -62.742     14.700    -86.817
    35.000    -20.000      0.394    -63.552     15.491    -93.079
    40.000    -20.000      0.434    -64.913     15.804    -98.176
    45.000    -20.000      0.467    -67.043     15.556   -102.697
    50.000    -20.000      0.492    -68.619     14.744   -108.738
    55.000    -20.000      0.505    -69.260     14.041   -114.307
    60.000    -20.000      0.513    -69.507     13.593   -118.255
    65.000    -20.000      0.515    -71.006     13.125   -119.965
    70.000    -20.000      0.504    -71.452     12.286   -119.105
    75.000    -20.000      0.491    -70.212     10.951   -117.335
    80.000    -20.000      0.472    -69.588      8.744   -115.132
    85.000    -20.000      0.451    -69.640      5.792   -113.450
    90.000    -20.000      0.441    -71.605      3.601   -108.885
    95.000    -20.000      0.435    -72.542      1.890    -97.378
   100.000    -20.000      0.420    -72.158      1.120    -84.624
   105.000    -20.000      0.401    -70.802      0.960    -68.545
   110.000    -20.000      0.377    -70.179      0.886    -41.683
   115.000    -20.000      0.335    -69.510      1.025    -48.676
   120.000    -20.000      0.244    -68.325      0.752    -56.037
   125.000    -20.000      0.106    -66.464      0.222    -62.990
   130.000    -20.000      0.010    114.003      0.010    114.003
   135.000    -20.000      0.000      0.000      0.000      0.000
   140.000    -20.000      0.000      0.000      0.000      0.000
   145.000    -20.000      0.000      0.000      0.000      0.000
   -25.000    -15.000      0.000      0.000      0.000      0.000
   -20.000    -15.000      0.000      0.000      0.000      0.000
   -15.000    -15.000      0.000      0.000      0.000      0.000
   -10.000    -15.000      0.000      0.000      2.777   -105.387
    -5.000    -15.000      0.000      0.000      5.517   -104.371
     0.000    -15.000      0.000      0.000      7.148   -100.917
     5.000    -15.000      0.000      0.000      8.312    -95.443
    10.000    -15.000      0.000      0.000      9.530    -89.948
    15.000    -15.000      0.001    -81.762     11.090    -84.398
    20.000    -15.000      0.049     -3.030     12.710    -81.240
    25.000    -15.000      0.170    -73.767     14.343    -81.920
    30.000    -15.000      0.252    -80.135     16.156    -85.316
    35.000    -15.000      0.312    -83.736     17.546    -91.332
    40.000    -15.000      0.356    -85.332     18.023    -97.963
    45.000    -15.000      0.382    -86.067     17.736   -102.068
    50.000    -15.000      0.412    -86.634     16.936   -107.112
    55.000    -15.000      0.437    -87.039     15.799   -113.289
    60.000    -15.000      0.446    -86.050     15.371   -118.143
    65.000    -15.000      0.443    -83.892     15.021   -120.013
    70.000    -15.000      0.447    -81.207     14.179   -121.191
    75.000    -15.000      0.451    -78.533     12.504   -120.979
    80.000    -15.000      0.460    -76.041      9.934   -119.391
    85.000    -15.000      0.458    -72.702      6.802   -116.991
    90.000    -15.000      0.442    -69.604      3.767   -110.438
    95.000    -15.000      0.425    -66.212      1.547    -93.346
   100.000    -15.000      0.404    -63.899      0.476    -42.031
   105.000    -15.000      0.376    -63.448      0.471    -42.511
   110.000    -15.000      0.338    -62.944      0.670    -44.216
   115.000    -15.000      0.270    -60.377      0.782    -49.740
   120.000    -15.000      0.162    -53.356      0.630    -57.699
   125.000    -15.000      0.045      0.270      0.089     16.981
   130.000    -15.000      0.063     91.583      0.085     95.066
   135.000    -15.000      0.000      0.000      0.000      0.000
   140.000    -15.000      0.000      0.000      0.000      0.000
   145.000    -15.000      0.000      0.000      0.000      0.000
   -25.000    -10.000      0.000      0.000      0.000      0.000
   -20.000    -10.000      0.000      0.000      0.000      0.000
   -15.000    -10.000      0.000      0.000      0.000      0.000
   -10.000    -10.000      0.000      0.000      2.156   -102.440
    -5.000    -10.000      0.000      0.000      3.890    -97.138
     0.000    -10.000      0.000      0.000      5.406    -91.129
     5.000    -10.000      0.000      0.000      7.072    -85.780
    10.000    -10.000      0.000      0.000      9.037    -81.711
    15.000    -10.000      0.000      0.000     10.847    -79.653
    20.000    -10.000      0.001    -79.505     12.737    -78.410
    25.000    -10.000      0.121    -97.032     14.555    -80.116
    30.000    -10.000      0.159    -99.403     16.017    -83.416
    35.000    -10.000      0.206   -107.501     17.445    -89.216
    40.000    -10.000      0.266   -111.943     18.371    -96.578
    45.000    -10.000      0.315   -113.246     18.358   -101.479
    50.000    -10.000      0.354   -111.694     17.366   -106.630
    55.000    -10.000      0.378   -109.312     16.559   -112.488
    60.000    -10.000      0.393   -105.785     15.696   -117.571
    65.000    -10.000      0.397   -100.891     15.291   -120.958
    70.000    -10.000      0.404    -95.400     14.346   -123.376
    75.000    -10.000      0.400    -89.412     12.713   -124.344
    80.000    -10.000      0.390    -83.508     10.440   -123.449
    85.000    -10.000      0.370    -76.451      7.325   -120.941
    90.000    -10.000      0.350    -70.930      3.958   -114.630
    95.000    -10.000      0.334    -67.274      1.219    -94.678
   100.000    -10.000      0.322    -63.913      0.635     19.163
   105.000    -10.000      0.310    -59.784      0.711     30.427
   110.000    -10.000      0.289    -55.978      0.517    -42.358
   115.000    -10.000      0.249    -51.851      0.639    -50.811
   120.000    -10.000      0.180    -44.631      0.501    -51.356
   125.000    -10.000      0.101    -20.615      0.185      6.367
   130.000    -10.000      0.042     14.592      0.062     43.139
   135.000    -10.000      0.000      0.000      0.000      0.000
   140.000    -10.000      0.000      0.000      0.000      0.000
   145.000    -10.000      0.000      0.000      0.000      0.000
   -25.000     -5.000      0.000      0.000      0.000      0.000
   -20.000     -5.000      0.000      0.000      0.000      0.000
   -15.000     -5.000      0.000      0.000      0.000      0.000
   -10.000     -5.000      0.000      0.000      1.326    -78.170
    -5.000     -5.000      0.000      0.000      2.440    -75.453
     0.000     -5.000      0.000      0.000      3.895    -73.353
     5.000     -5.000      0.000      0.000      5.699    -72.034
    10.000     -5.000      0.000      0.000      7.745    -70.699
    15.000     -5.000      0.000      0.000      9.841    -71.276
    20.000     -5.000      0.000   -149.992     11.844    -74.555
    25.000     -5.000      0.077   -121.323     13.865    -78.414
    30.000     -5.000      0.107   -139.835     15.087    -82.300
    35.000     -5.000      0.168   -142.557     16.198    -88.094
    40.000     -5.000      0.231   -139.882     17.008    -95.276
    45.000     -5.000      0.287   -136.658     17.166   -101.022
    50.000     -5.000      0.332   -132.396     16.172   -106.136
    55.000     -5.000      0.362   -128.876     15.386   -111.838
    60.000     -5.000      0.372   -125.237     14.715   -117.281
    65.000     -5.000      0.360   -120.611     13.787   -121.901
    70.000     -5.000      0.333   -115.254     12.863   -125.604
    75.000     -5.000      0.304   -109.325     11.488   -127.242
    80.000     -5.000      0.264   -101.110      9.547   -127.451
    85.000     -5.000      0.227    -89.736      6.681   -125.022
    90.000     -5.000      0.198    -75.114      3.761   -122.044
    95.000     -5.000      0.185    -60.065      1.081   -110.077
   100.000     -5.000      0.181    -47.829      0.804     34.150
   105.000     -5.000      0.177    -36.919      1.142     39.994
   110.000     -5.000      0.177    -29.297      0.588     29.015
   115.000     -5.000      0.172    -26.511      0.279    -30.939
   120.000     -5.000      0.152    -28.739      0.196     -0.860
   125.000     -5.000      0.129    -31.166      0.106    -30.449
   130.000     -5.000      0.127    -35.065      0.177    -35.361
   135.000     -5.000      0.000      0.000      0.000      0.000
   140.000     -5.000      0.000      0.000      0.000      0.000
   145.000     -5.000      0.000      0.000      0.000      0.000
   -25.000      0.000      0.000      0.000      0.000      0.000
   -20.000      0.000      0.000      0.000      0.000      0.000
   -15.000      0.000      0.000      0.000      0.000      0.000
   -10.000      0.000      0.000      0.000      0.846    -34.310
    -5.000      0.000      0.000      0.000      1.848    -36.621
     0.000      0.000      0.000      0.000      2.998    -42.287
     5.000      0.000      0.000      0.000      4.287    -48.867
    10.000      0.000      0.000      0.000      6.121    -57.281
    15.000      0.000      0.000      0.000      8.233    -62.072
    20.000      0.000      0.001   -113.561     10.028    -69.277
    25.000      0.000      0.110   -130.136     11.861    -76.532
    30.000      0.000      0.133   -162.554     12.920    -81.946
    35.000      0.000      0.185   -167.482     13.475    -87.687
    40.000      0.000      0.236   -160.430     14.119    -94.007
    45.000      0.000      0.276   -151.987     14.492   -100.564
    50.000      0.000      0.314   -143.109     13.901   -105.995
    55.000      0.000      0.343   -137.071     13.137   -110.804
    60.000      0.000      0.346   -134.479     12.586   -116.146
    65.000      0.000      0.324   -134.117     11.450   -122.115
    70.000      0.000      0.279   -135.076     10.432   -126.607
    75.000      0.000      0.217   -135.393      9.422   -129.827
    80.000      0.000      0.140   -135.565      7.862   -129.920
    85.000      0.000      0.058   -128.932      5.762   -128.352
    90.000      0.000      0.029      2.151      3.395   -126.845
    95.000      0.000      0.087     21.082      1.101   -125.455
   100.000      0.000      0.134     23.161      0.467     29.521
   105.000      0.000      0.157     24.328      1.162     42.578
   110.000      0.000      0.158     27.794      1.114     47.723
   115.000      0.000      0.133     32.637      0.434     43.357
   120.000      0.000      0.083     40.227      0.258     65.224
   125.000      0.000      0.027     75.342      0.069     88.808
   130.000      0.000      0.041   -157.029      0.073   -148.210
   135.000      0.000      0.000      0.000      0.000      0.000
   140.000      0.000      0.000      0.000      0.000      0.000
   145.000      0.000      0.000      0.000      0.000      0.000
   -25.000      5.000      0.000      0.000      0.000      0.000
   -20.000      5.000      0.000      0.000      0.000      0.000
   -15.000      5.000      0.000      0.000      0.000      0.000
   -10.000      5.000      0.000      0.000      0.674     16.187
    -5.000      5.000      0.000      0.000      1.910      6.058
     0.000      5.000      0.000      0.000      2.953     -2.972
     5.000      5.000      0.000      0.000      3.621    -16.944
    10.000      5.000      0.000      0.000      4.399    -39.532
    15.000      5.000      0.000      0.000      6.199    -57.586
    20.000      5.000      0.000   -116.452      7.632    -64.857
    25.000      5.000      0.044    109.784      8.735    -73.498
    30.000      5.000      0.110    164.450      9.379    -80.976
    35.000      5.000      0.171   -177.938      9.919    -86.809
    40.000      5.000      0.226   -162.697     10.255    -92.865
    45.000      5.000      0.266   -155.021     10.401    -99.768
    50.000      5.000      0.285   -150.155     10.356   -105.943
    55.000      5.000      0.291   -145.552      9.687   -111.007
    60.000      5.000      0.275   -142.778      8.804   -116.459
    65.000      5.000      0.231   -141.940      8.011   -122.817
    70.000      5.000      0.172   -144.995      7.044   -128.283
    75.000      5.000      0.105   -156.343      6.353   -130.882
    80.000      5.000      0.057    157.556      5.409   -131.919
    85.000      5.000      0.083     99.367      4.137   -132.651
    90.000      5.000      0.139     80.587      2.476   -132.674
    95.000      5.000      0.177     72.897      0.960   -139.317
   100.000      5.000      0.185     68.145      0.242     78.572
   105.000      5.000      0.178     65.794      0.795     49.487
   110.000      5.000      0.153     64.704      1.148     50.300
   115.000      5.000      0.127     67.784      0.768     55.164
   120.000      5.000      0.113     78.340      0.271     53.488
   125.000      5.000      0.113     94.524      0.215     73.690
   130.000      5.000      0.080    118.169      0.106    118.177
   135.000      5.000      0.000      0.000      0.000      0.000
   140.000      5.000      0.000      0.000      0.000      0.000
   145.000      5.000      0.000      0.000      0.000      0.000
   -25.000     10.000      0.000      0.000      0.000      0.000
   -20.000     10.000      0.000      0.000      0.000      0.000
   -15.000     10.000      0.000      0.000      0.000      0.000
   -10.000     10.000      0.000      0.000      0.295     -1.118
    -5.000     10.000      0.000      0.000      1.308      4.264
     0.000     10.000      0.000      0.000      1.999      2.403
     5.000     10.000      0.000      0.000      2.281     -6.338
    10.000     10.000      0.000      0.000      2.502    -29.229
    15.000     10.000      0.000      0.000      3.440    -56.037
    20.000     10.000      0.000    -17.616      4.170    -62.958
    25.000     10.000      0.033    143.862      4.555    -70.193
    30.000     10.000      0.090    169.823      5.113    -79.851
    35.000     10.000      0.127    177.514      5.439    -84.947
    40.000     10.000      0.145   -175.348      5.654    -91.307
    45.000     10.000      0.154   -171.357      5.554    -97.848
    50.000     10.000      0.151   -167.470      5.344   -105.335
    55.000     10.000      0.139   -164.070      5.105   -111.719
    60.000     10.000      0.121   -161.341      4.565   -116.972
    65.000     10.000      0.093   -163.829      4.153   -123.826
    70.000     10.000      0.066   -178.460      3.481   -131.493
    75.000     10.000      0.052    143.779      3.172   -132.888
    80.000     10.000      0.070    104.317      2.684   -133.782
    85.000     10.000      0.106     89.327      1.871   -140.852
    90.000     10.000      0.140     85.825      1.375   -137.523
    95.000     10.000      0.159     85.244      0.547   -141.074
   100.000     10.000      0.163     84.296      0.122     77.173
   105.000     10.000      0.146     83.153      0.536     60.091
   110.000     10.000      0.108     80.441      0.623     50.030
   115.000     10.000      0.069     74.331      0.766     60.114
   120.000     10.000      0.060     74.550      0.229     36.340
   125.000     10.000      0.072     82.512      0.256     80.692
   130.000     10.000      0.017     83.312      0.037     73.786
   135.000     10.000      0.000      0.000      0.000      0.000
   140.000     10.000      0.000      0.000      0.000      0.000
   145.000     10.000      0.000      0.000      0.000      0.000
   -25.000     15.000      0.000      0.000      0.000      0.000
   -20.000     15.000      0.000      0.000      0.000      0.000
   -15.000     15.000      0.000      0.000      0.000      0.000
   -10.000     15.000      0.000      0.000      0.000      0.000
    -5.000     15.000      0.000      0.000      0.000      0.000
     0.000     15.000      0.000      0.000      0.000      0.000
     5.000     15.000      0.000      0.000      0.000      0.000
    10.000     15.000      0.000      0.000      0.000      0.000
    15.000     15.000      0.000      0.000      0.000      0.000
    20.000     15.000      0.000      0.000      0.000      0.000
    25.000     15.000      0.000      0.000      0.000      0.000
    30.000     15.000      0.000      0.000      0.000      0.000
    35.000     15.000      0.000      0.000      0.000      0.000
    40.000     15.000      0.000      0.000      0.000      0.000
    45.000     15.000      0.000      0.000      0.000      0.000
    50.000     15.000      0.000      0.000      0.000      0.000
    55.000     15.000      0.000      0.000      0.000      0.000
    60.000     15.000      0.000      0.000      0.000      0.000
    65.000     15.000      0.000      0.000      0.000      0.000
    70.000     15.000      0.000      0.000      0.000      0.000
    75.000     15.000      0.000      0.000      0.000      0.000
    80.000     15.000      0.000      0.000      0.000      0.000
    85.000     15.000      0.000      0.000      0.000      0.000
    90.000     15.000      0.000      0.000      0.000      0.000
    95.000     15.000      0.000      0.000      0.000      0.000
   100.000     15.000      0.000      0.000      0.000      0.000
   105.000     15.000      0.000      0.000      0.000      0.000
   110.000     15.000      0.000      0.000      0.000      0.000
   115.000     15.000      0.000      0.000      0.000      0.000
   120.000     15.000      0.000      0.000      0.000      0.000
   125.000     15.000      0.000      0.000      0.000      0.000
   130.000     15.000      0.000      0.000      0.000      0.000
   135.000     15.000      0.000      0.000      0.000      0.000
   140.000     15.000      0.000      0.000      0.000      0.000
   145.000     15.000      0.000      0.000      0.000      0.000
   -25.000     20.000      0.000      0.000      0.000      0.000
   -20.000     20.000      0.000      0.000      0.000      0.000
   -15.000     20.000      0.000      0.000      0.000      0.000
   -10.000     20.000      0.000      0.000      0.000      0.000
    -5.000     20.000      0.000      0.000      0.000      0.000
     0.000     20.000      0.000      0.000      0.000      0.000
     5.000     20.000      0.000      0.000      0.000      0.000
    10.000     20.000      0.000      0.000      0.000      0.000
    15.000     20.000      0.000      0.000      0.000      0.000
    20.000     20.000      0.000      0.000      0.000      0.000
    25.000     20.000      0.000      0.000      0.000      0.000
    30.000     20.000      0.000      0.000      0.000      0.000
    35.000     20.000      0.000      0.000      0.000      0.000
    40.000     20.000      0.000      0.000      0.000      0.000
    45.000     20.000      0.000      0.000      0.000      0.000
    50.000     20.000      0.000      0.000      0.000      0.000
    55.000     20.000      0.000      0.000      0.000      0.000
    60.000     20.000      0.000      0.000      0.000      0.000
    65.000     20.000      0.000      0.000      0.000      0.000
    70.000     20.000      0.000      0.000      0.000      0.000
    75.000     20.000      0.000      0.000      0.000      0.000
    80.000     20.000      0.000      0.000      0.000      0.000
    85.000     20.000      0.000      0.000      0.000      0.000
    90.000     20.000      0.000      0.000      0.000      0.000
    95.000     20.000      0.000      0.000      0.000      0.000
   100.000     20.000      0.000      0.000      0.000      0.000
   105.000     20.000      0.000      0.000      0.000      0.000
   110.000     20.000      0.000      0.000      0.000      0.000
   115.000     20.000      0.000      0.000      0.000      0.000
   120.000     20.000      0.000      0.000      0.000      0.000
   125.000     20.000      0.000      0.000      0.000      0.000
   130.000     20.000      0.000      0.000      0.000      0.000
   135.000     20.000      0.000      0.000      0.000      0.000
   140.000     20.000      0.000      0.000      0.000      0.000
   145.000     20.000      0.000      0.000      0.000      0.000
   -25.000     25.000      0.000      0.000      0.000      0.000
   -20.000     25.000      0.000      0.000      0.000      0.000
   -15.000     25.000      0.000      0.000      0.000      0.000
   -10.000     25.000      0.000      0.000      0.000      0.000
    -5.000     25.000      0.000      0.000      0.000      0.000
     0.000     25.000      0.000      0.000      0.000      0.000
     5.000     25.000      0.000      0.000      0.000      0.000
    10.000     25.000      0.000      0.000      0.000      0.000
    15.000     25.000      0.000      0.000      0.000      0.000
    20.000     25.000      0.000      0.000      0.000      0.000
    25.000     25.000      0.000      0.000      0.000      0.000
    30.000     25.000      0.000      0.000      0.000      0.000
    35.000     25.000      0.000      0.000      0.000      0.000
    40.000     25.000      0.000      0.000      0.000      0.000
    45.000     25.000      0.000      0.000      0.000      0.000
    50.000     25.000      0.000      0.000      0.000      0.000
    55.000     25.000      0.000      0.000      0.000      0.000
    60.000     25.000      0.000      0.000      0.000      0.000
    65.000     25.000      0.000      0.000      0.000      0.000
    70.000     25.000      0.000      0.000      0.000      0.000
    75.000     25.000      0.000      0.000      0.000      0.000
    80.000     25.000      0.000      0.000      0.000      0.000
    85.000     25.000      0.000      0.000      0.000      0.000
    90.000     25.000      0.000      0.000      0.000      0.000
    95.000     25.000      0.000      0.000      0.000      0.000
   100.000     25.000      0.000      0.000      0.000      0.000
   105.000     25.000      0.000      0.000      0.000      0.000
   110.000     25.000      0.000      0.000      0.000      0.000
   115.000     25.000      0.000      0.000      0.000      0.000
   120.000     25.000      0.000      0.000      0.000      0.000
   125.000     25.000      0.000      0.000      0.000      0.000
   130.000     25.000      0.000      0.000      0.000      0.000
   135.000     25.000      0.000      0.000      0.000      0.000
   140.000     25.000      0.000      0.000      0.000      0.000
   145.000     25.000      0.000      0.000      0.000      0.000
