   -25.000    -65.000      0.000      0.000      0.000      0.000
   -20.000    -65.000      0.000      0.000      0.000      0.000
   -15.000    -65.000      0.000      0.000      0.000      0.000
   -10.000    -65.000      0.000      0.000      0.000      0.000
    -5.000    -65.000      0.000      0.000      0.000      0.000
     0.000    -65.000      0.000      0.000      0.000      0.000
     5.000    -65.000      0.000      0.000      0.000      0.000
    10.000    -65.000      0.000      0.000      0.000      0.000
    15.000    -65.000      0.000      0.000      0.000      0.000
    20.000    -65.000      0.000      0.000      0.000      0.000
    25.000    -65.000      0.000      0.000      0.000      0.000
    30.000    -65.000      0.000      0.000      0.000      0.000
    35.000    -65.000      0.000      0.000      0.000      0.000
    40.000    -65.000      0.000      0.000      0.000      0.000
    45.000    -65.000      0.000      0.000      0.000      0.000
    50.000    -65.000      0.000      0.000      0.000      0.000
    55.000    -65.000      0.000      0.000      0.000      0.000
    60.000    -65.000      0.000      0.000      0.000      0.000
    65.000    -65.000      0.000      0.000      0.000      0.000
    70.000    -65.000      0.000      0.000      0.000      0.000
    75.000    -65.000      0.000      0.000      0.000      0.000
    80.000    -65.000      0.000      0.000      0.000      0.000
    85.000    -65.000      0.000      0.000      0.000      0.000
    90.000    -65.000      0.000      0.000      0.000      0.000
    95.000    -65.000      0.000      0.000      0.000      0.000
   100.000    -65.000      0.000      0.000      0.000      0.000
   105.000    -65.000      0.000      0.000      0.000      0.000
   110.000    -65.000      0.000      0.000      0.000      0.000
   115.000    -65.000      0.000      0.000      0.000      0.000
   120.000    -65.000      0.000      0.000      0.000      0.000
   125.000    -65.000      0.000      0.000      0.000      0.000
   130.000    -65.000      0.000      0.000      0.000      0.000
   135.000    -65.000      0.000      0.000      0.000      0.000
   140.000    -65.000      0.000      0.000      0.000      0.000
   145.000    -65.000      0.000      0.000      0.000      0.000
   -25.000    -60.000      0.000      0.000      0.000      0.000
   -20.000    -60.000      0.000      0.000      0.000      0.000
   -15.000    -60.000      0.000      0.000      0.000      0.000
   -10.000    -60.000      0.000      0.000      0.000      0.000
    -5.000    -60.000      0.000      0.000      0.000      0.000
     0.000    -60.000      0.000      0.000      0.000      0.000
     5.000    -60.000      0.000      0.000      0.000      0.000
    10.000    -60.000      0.000      0.000      0.000      0.000
    15.000    -60.000      0.000      0.000      0.000      0.000
    20.000    -60.000      0.000      0.000      0.000      0.000
    25.000    -60.000      0.000      0.000      0.000      0.000
    30.000    -60.000      0.000      0.000      0.000      0.000
    35.000    -60.000      0.000      0.000      0.000      0.000
    40.000    -60.000      0.000      0.000      0.000      0.000
    45.000    -60.000      0.000      0.000      0.000      0.000
    50.000    -60.000      0.000      0.000      0.000      0.000
    55.000    -60.000      0.000      0.000      0.000      0.000
    60.000    -60.000      0.000      0.000      0.000      0.000
    65.000    -60.000      0.000      0.000      0.000      0.000
    70.000    -60.000      0.000      0.000      0.000      0.000
    75.000    -60.000      0.000      0.000      0.000      0.000
    80.000    -60.000      0.000      0.000      0.000      0.000
    85.000    -60.000      0.000      0.000      0.000      0.000
    90.000    -60.000      0.000      0.000      0.000      0.000
    95.000    -60.000      0.000      0.000      0.000      0.000
   100.000    -60.000      0.000      0.000      0.000      0.000
   105.000    -60.000      0.000      0.000      0.000      0.000
   110.000    -60.000      0.000      0.000      0.000      0.000
   115.000    -60.000      0.000      0.000      0.000      0.000
   120.000    -60.000      0.000      0.000      0.000      0.000
   125.000    -60.000      0.000      0.000      0.000      0.000
   130.000    -60.000      0.000      0.000      0.000      0.000
   135.000    -60.000      0.000      0.000      0.000      0.000
   140.000    -60.000      0.000      0.000      0.000      0.000
   145.000    -60.000      0.000      0.000      0.000      0.000
   -25.000    -55.000      0.000      0.000      0.000      0.000
   -20.000    -55.000      0.000      0.000      0.000      0.000
   -15.000    -55.000      0.000      0.000      0.000      0.000
   -10.000    -55.000      0.000      0.000      0.000      0.000
    -5.000    -55.000      0.000      0.000      0.000      0.000
     0.000    -55.000      0.000      0.000      0.000      0.000
     5.000    -55.000      0.000      0.000      0.000      0.000
    10.000    -55.000      0.000      0.000      0.000      0.000
    15.000    -55.000      0.000      0.000      0.000      0.000
    20.000    -55.000      0.000      0.000      0.000      0.000
    25.000    -55.000      0.000      0.000      0.000      0.000
    30.000    -55.000      0.000      0.000      0.000      0.000
    35.000    -55.000      0.000      0.000      0.000      0.000
    40.000    -55.000      0.000      0.000      0.000      0.000
    45.000    -55.000      0.000      0.000      0.000      0.000
    50.000    -55.000      0.000      0.000      0.000      0.000
    55.000    -55.000      0.000      0.000      0.000      0.000
    60.000    -55.000      0.000      0.000      0.000      0.000
    65.000    -55.000      0.000      0.000      0.000      0.000
    70.000    -55.000      0.000      0.000      0.000      0.000
    75.000    -55.000      0.000      0.000      0.000      0.000
    80.000    -55.000      0.000      0.000      0.000      0.000
    85.000    -55.000      0.000      0.000      0.000      0.000
    90.000    -55.000      0.000      0.000      0.000      0.000
    95.000    -55.000      0.000      0.000      0.000      0.000
   100.000    -55.000      0.000      0.000      0.000      0.000
   105.000    -55.000      0.000      0.000      0.000      0.000
   110.000    -55.000      0.000      0.000      0.000      0.000
   115.000    -55.000      0.000      0.000      0.000      0.000
   120.000    -55.000      0.000      0.000      0.000      0.000
   125.000    -55.000      0.000      0.000      0.000      0.000
   130.000    -55.000      0.000      0.000      0.000      0.000
   135.000    -55.000      0.000      0.000      0.000      0.000
   140.000    -55.000      0.000      0.000      0.000      0.000
   145.000    -55.000      0.000      0.000      0.000      0.000
   -25.000    -50.000      0.000      0.000      0.000      0.000
   -20.000    -50.000      0.000      0.000      0.000      0.000
   -15.000    -50.000      0.000      0.000      0.000      0.000
   -10.000    -50.000      0.084   -106.746      0.568     97.423
    -5.000    -50.000      0.113    -97.660      1.080     84.089
     0.000    -50.000      0.133    -96.558      1.580     75.484
     5.000    -50.000      0.152    -98.071      2.142     69.891
    10.000    -50.000      0.146    -96.487      2.684     66.995
    15.000    -50.000      0.138    -89.039      2.824     65.124
    20.000    -50.000      0.129    -81.767      2.179     64.692
    25.000    -50.000      0.120    -81.536      1.825     65.020
    30.000    -50.000      0.108    -86.780      1.271     61.036
    35.000    -50.000      0.097    -96.346      0.938     60.195
    40.000    -50.000      0.106   -104.770      0.588     72.933
    45.000    -50.000      0.146   -106.879      0.607    108.513
    50.000    -50.000      0.188   -107.164      0.568     98.397
    55.000    -50.000      0.223   -108.694      0.186     70.008
    60.000    -50.000      0.234   -109.223      0.319     17.227
    65.000    -50.000      0.238   -106.942      0.526    -51.548
    70.000    -50.000      0.224   -103.287      0.917    -86.113
    75.000    -50.000      0.205    -96.824      1.204    -96.648
    80.000    -50.000      0.192    -87.853      1.443   -100.579
    85.000    -50.000      0.158    -78.696      1.241   -104.167
    90.000    -50.000      0.128    -66.341      1.076   -109.074
    95.000    -50.000      0.118    -56.493      1.411   -108.390
   100.000    -50.000      0.120    -49.610      1.300   -116.302
   105.000    -50.000      0.127    -43.484      0.631   -125.479
   110.000    -50.000      0.151    -48.735      0.607   -115.397
   115.000    -50.000      0.180    -56.854      0.525   -101.697
   120.000    -50.000      0.194    -64.322      0.727    -82.363
   125.000    -50.000      0.185    -72.006      0.489    -60.367
   130.000    -50.000      0.134    -86.514      0.245    -92.160
   135.000    -50.000      0.000      0.000      0.000      0.000
   140.000    -50.000      0.000      0.000      0.000      0.000
   145.000    -50.000      0.000      0.000      0.000      0.000
   -25.000    -45.000      0.000      0.000      0.000      0.000
   -20.000    -45.000      0.000      0.000      0.000      0.000
   -15.000    -45.000      0.000      0.000      0.000      0.000
   -10.000    -45.000      0.046   -108.370      0.924     70.697
    -5.000    -45.000      0.057    -81.004      1.447     67.190
     0.000    -45.000      0.070    -67.681      1.989     64.178
     5.000    -45.000      0.104    -76.684      2.765     63.300
    10.000    -45.000      0.136    -86.290      3.367     61.355
    15.000    -45.000      0.151    -90.147      3.437     57.222
    20.000    -45.000      0.142    -90.051      3.116     52.164
    25.000    -45.000      0.125    -88.324      2.471     50.055
    30.000    -45.000      0.129    -87.446      1.666     43.763
    35.000    -45.000      0.153    -91.449      1.079     43.854
    40.000    -45.000      0.182    -97.914      0.469     13.425
    45.000    -45.000      0.241   -101.799      0.160   -140.293
    50.000    -45.000      0.303   -101.782      0.380   -178.225
    55.000    -45.000      0.344    -99.653      0.626   -124.751
    60.000    -45.000      0.361    -97.270      0.879    -95.657
    65.000    -45.000      0.365    -94.581      1.564    -85.491
    70.000    -45.000      0.355    -90.853      1.922    -84.274
    75.000    -45.000      0.341    -86.837      2.613    -92.274
    80.000    -45.000      0.332    -82.048      3.030    -99.797
    85.000    -45.000      0.320    -76.614      2.781   -104.445
    90.000    -45.000      0.307    -71.286      2.624   -106.659
    95.000    -45.000      0.298    -68.166      2.409   -100.337
   100.000    -45.000      0.289    -67.167      2.199   -106.728
   105.000    -45.000      0.302    -68.489      1.359   -112.326
   110.000    -45.000      0.332    -68.050      0.943   -116.397
   115.000    -45.000      0.358    -67.345      0.989   -103.909
   120.000    -45.000      0.345    -65.378      1.371    -85.028
   125.000    -45.000      0.275    -62.583      1.014    -69.999
   130.000    -45.000      0.131    -57.248      0.285    -43.336
   135.000    -45.000      0.000      0.000      0.000      0.000
   140.000    -45.000      0.000      0.000      0.000      0.000
   145.000    -45.000      0.000      0.000      0.000      0.000
   -25.000    -40.000      0.000      0.000      0.000      0.000
   -20.000    -40.000      0.000      0.000      0.000      0.000
   -15.000    -40.000      0.000      0.000      0.000      0.000
   -10.000    -40.000      0.015    -51.653      0.170    -78.279
    -5.000    -40.000      0.052     15.682      0.410      0.446
     0.000    -40.000      0.084     27.275      1.027     26.874
     5.000    -40.000      0.053     -1.035      1.479     32.837
    10.000    -40.000      0.066    -81.380      1.756     29.157
    15.000    -40.000      0.101    -84.753      2.072     15.404
    20.000    -40.000      0.121    -72.612      2.139      5.487
    25.000    -40.000      0.124    -66.541      1.969      5.116
    30.000    -40.000      0.140    -64.371      1.667    -14.868
    35.000    -40.000      0.177    -73.195      1.122    -34.919
    40.000    -40.000      0.220    -81.263      1.427    -75.262
    45.000    -40.000      0.280    -87.325      1.804    -96.801
    50.000    -40.000      0.335    -89.145      2.011   -109.790
    55.000    -40.000      0.369    -88.676      2.440   -110.958
    60.000    -40.000      0.402    -86.110      2.885   -107.933
    65.000    -40.000      0.420    -83.530      3.285    -99.958
    70.000    -40.000      0.429    -81.085      3.259    -94.973
    75.000    -40.000      0.449    -79.051      3.581    -94.011
    80.000    -40.000      0.455    -76.521      4.337    -98.312
    85.000    -40.000      0.458    -75.509      4.089   -103.277
    90.000    -40.000      0.454    -74.752      4.045   -104.434
    95.000    -40.000      0.464    -73.605      3.677    -98.278
   100.000    -40.000      0.474    -72.920      2.900    -97.300
   105.000    -40.000      0.502    -74.220      2.074    -96.550
   110.000    -40.000      0.516    -74.978      1.564   -100.126
   115.000    -40.000      0.524    -74.560      1.310    -98.045
   120.000    -40.000      0.476    -72.578      1.617    -83.462
   125.000    -40.000      0.348    -67.783      1.291    -80.273
   130.000    -40.000      0.156    -57.291      0.463    -72.105
   135.000    -40.000      0.000      0.000      0.000      0.000
   140.000    -40.000      0.000      0.000      0.000      0.000
   145.000    -40.000      0.000      0.000      0.000      0.000
   -25.000    -35.000      0.000      0.000      0.000      0.000
   -20.000    -35.000      0.000      0.000      0.000      0.000
   -15.000    -35.000      0.000      0.000      0.000      0.000
   -10.000    -35.000      0.138   -122.697      2.051   -103.966
    -5.000    -35.000      0.042   -121.222      2.634    -97.016
     0.000    -35.000      0.051     22.410      2.723    -86.890
     5.000    -35.000      0.077     -4.840      2.682    -73.552
    10.000    -35.000      0.072    -28.687      2.766    -61.022
    15.000    -35.000      0.078    -37.337      3.125    -53.888
    20.000    -35.000      0.122    -33.348      3.434    -53.445
    25.000    -35.000      0.141    -24.307      3.513    -55.851
    30.000    -35.000      0.181    -26.328      4.002    -66.515
    35.000    -35.000      0.202    -37.643      3.967    -76.274
    40.000    -35.000      0.217    -51.003      4.049    -86.913
    45.000    -35.000      0.253    -64.277      4.462    -97.230
    50.000    -35.000      0.314    -73.724      4.911   -105.572
    55.000    -35.000      0.377    -77.483      5.262   -109.151
    60.000    -35.000      0.427    -77.721      5.473   -108.474
    65.000    -35.000      0.461    -76.040      5.711   -104.759
    70.000    -35.000      0.483    -74.318      5.415   -101.060
    75.000    -35.000      0.497    -74.197      5.236    -98.853
    80.000    -35.000      0.502    -74.073      5.423    -99.726
    85.000    -35.000      0.512    -73.685      4.849   -101.653
    90.000    -35.000      0.520    -72.419      4.714   -101.546
    95.000    -35.000      0.533    -72.636      4.374    -96.782
   100.000    -35.000      0.568    -74.304      3.778    -93.928
   105.000    -35.000      0.612    -76.574      2.429    -89.996
   110.000    -35.000      0.639    -77.563      1.797    -86.920
   115.000    -35.000      0.647    -78.384      1.703    -89.081
   120.000    -35.000      0.583    -79.239      1.658    -86.020
   125.000    -35.000      0.436    -80.021      1.225    -89.048
   130.000    -35.000      0.226    -79.505      0.405    -98.370
   135.000    -35.000      0.000      0.000      0.000      0.000
   140.000    -35.000      0.000      0.000      0.000      0.000
   145.000    -35.000      0.000      0.000      0.000      0.000
   -25.000    -30.000      0.000      0.000      0.000      0.000
   -20.000    -30.000      0.000      0.000      0.000      0.000
   -15.000    -30.000      0.000      0.000      0.000      0.000
   -10.000    -30.000      0.019   -102.848      2.486   -114.217
    -5.000    -30.000      0.011    -96.908      3.766   -111.642
     0.000    -30.000      0.006     11.994      4.477   -104.636
     5.000    -30.000      0.009     13.793      5.076    -94.477
    10.000    -30.000      0.007      4.326      5.557    -84.899
    15.000    -30.000      0.006      5.683      6.092    -78.559
    20.000    -30.000      0.107    -54.142      6.739    -76.882
    25.000    -30.000      0.147    -11.771      7.442    -75.918
    30.000    -30.000      0.244    -10.908      7.609    -77.637
    35.000    -30.000      0.279    -18.991      7.967    -84.987
    40.000    -30.000      0.281    -31.646      8.390    -90.622
    45.000    -30.000      0.298    -46.839      8.337    -97.040
    50.000    -30.000      0.331    -58.096      8.710   -102.849
    55.000    -30.000      0.368    -64.978      8.650   -108.552
    60.000    -30.000      0.404    -68.839      8.536   -111.028
    65.000    -30.000      0.436    -70.406      8.301   -108.631
    70.000    -30.000      0.462    -70.086      7.881   -106.535
    75.000    -30.000      0.495    -70.379      7.487   -101.982
    80.000    -30.000      0.506    -69.575      6.560   -101.289
    85.000    -30.000      0.513    -69.161      5.416   -101.983
    90.000    -30.000      0.535    -70.745      4.749    -99.841
    95.000    -30.000      0.560    -73.477      4.319    -93.923
   100.000    -30.000      0.590    -75.788      3.873    -89.716
   105.000    -30.000      0.624    -77.631      2.978    -84.628
   110.000    -30.000      0.635    -79.362      2.287    -78.320
   115.000    -30.000      0.624    -80.979      2.224    -77.405
   120.000    -30.000      0.564    -82.962      1.927    -80.834
   125.000    -30.000      0.440    -87.203      1.285    -88.062
   130.000    -30.000      0.260    -92.287      0.571   -114.514
   135.000    -30.000      0.000      0.000      0.000      0.000
   140.000    -30.000      0.000      0.000      0.000      0.000
   145.000    -30.000      0.000      0.000      0.000      0.000
   -25.000    -25.000      0.000      0.000      0.000      0.000
   -20.000    -25.000      0.000      0.000      0.000      0.000
   -15.000    -25.000      0.000      0.000      0.000      0.000
   -10.000    -25.000      0.000      0.000      2.239   -120.641
    -5.000    -25.000      0.000      0.000      4.300   -119.166
     0.000    -25.000      0.000      0.000      5.840   -113.485
     5.000    -25.000      0.000      0.000      6.840   -103.038
    10.000    -25.000      0.000      0.000      7.579    -92.163
    15.000    -25.000      0.000      0.000      8.416    -86.033
    20.000    -25.000      0.008    -52.447      9.911    -82.963
    25.000    -25.000      0.050      6.066     11.067    -82.975
    30.000    -25.000      0.200     -9.809     11.751    -84.038
    35.000    -25.000      0.284    -15.499     12.191    -88.199
    40.000    -25.000      0.307    -22.478     12.509    -93.468
    45.000    -25.000      0.312    -33.061     12.670    -98.158
    50.000    -25.000      0.328    -46.206     12.282   -103.557
    55.000    -25.000      0.352    -54.088     12.021   -109.133
    60.000    -25.000      0.375    -57.977     11.601   -112.313
    65.000    -25.000      0.387    -61.052     11.292   -112.676
    70.000    -25.000      0.403    -62.480     10.673   -109.395
    75.000    -25.000      0.420    -62.681      9.917   -105.558
    80.000    -25.000      0.451    -63.805      8.197   -104.221
    85.000    -25.000      0.478    -66.300      6.059   -102.805
    90.000    -25.000      0.516    -70.238      4.761    -98.811
    95.000    -25.000      0.537    -73.364      3.851    -90.466
   100.000    -25.000      0.553    -75.478      3.387    -86.321
   105.000    -25.000      0.560    -77.236      2.982    -78.957
   110.000    -25.000      0.550    -79.919      2.265    -70.442
   115.000    -25.000      0.530    -83.375      2.300    -72.463
   120.000    -25.000      0.475    -88.827      1.924    -77.619
   125.000    -25.000      0.392    -96.628      1.269    -89.100
   130.000    -25.000      0.267   -102.197      0.577   -110.076
   135.000    -25.000      0.000      0.000      0.000      0.000
   140.000    -25.000      0.000      0.000      0.000      0.000
   145.000    -25.000      0.000      0.000      0.000      0.000
   -25.000    -20.000      0.000      0.000      0.000      0.000
   -20.000    -20.000      0.000      0.000      0.000      0.000
   -15.000    -20.000      0.000      0.000      0.000      0.000
   -10.000    -20.000      0.000      0.000      2.539   -110.367
    -5.000    -20.000      0.000      0.000      4.812   -110.954
     0.000    -20.000      0.000      0.000      6.395   -108.264
     5.000    -20.000      0.000      0.000      7.545   -101.287
    10.000    -20.000      0.000      0.000      8.691    -93.219
    15.000    -20.000      0.000      0.000     10.145    -86.772
    20.000    -20.000      0.000      0.000     11.701    -82.979
    25.000    -20.000      0.005    -84.719     13.518    -83.295
    30.000    -20.000      0.055     26.268     15.016    -85.716
    35.000    -20.000      0.165    -19.043     15.933    -90.980
    40.000    -20.000      0.230    -28.200     16.308    -95.429
    45.000    -20.000      0.271    -37.070     16.129    -99.455
    50.000    -20.000      0.312    -43.902     15.357   -104.879
    55.000    -20.000      0.344    -47.933     14.673   -109.868
    60.000    -20.000      0.374    -50.570     14.236   -113.402
    65.000    -20.000      0.386    -51.167     13.791   -114.848
    70.000    -20.000      0.388    -51.370     13.025   -113.774
    75.000    -20.000      0.389    -53.842     11.772   -111.721
    80.000    -20.000      0.400    -59.981      9.666   -108.776
    85.000    -20.000      0.420    -65.954      6.819   -105.139
    90.000    -20.000      0.438    -69.376      4.761    -98.635
    95.000    -20.000      0.445    -72.397      3.205    -87.506
   100.000    -20.000      0.448    -75.352      2.521    -80.374
   105.000    -20.000      0.438    -79.338      2.383    -75.360
   110.000    -20.000      0.423    -85.109      2.179    -66.898
   115.000    -20.000      0.409    -89.603      2.274    -69.022
   120.000    -20.000      0.369    -94.422      1.885    -74.606
   125.000    -20.000      0.298   -100.683      1.128    -84.187
   130.000    -20.000      0.180   -105.888      0.517    -94.157
   135.000    -20.000      0.000      0.000      0.000      0.000
   140.000    -20.000      0.000      0.000      0.000      0.000
   145.000    -20.000      0.000      0.000      0.000      0.000
   -25.000    -15.000      0.000      0.000      0.000      0.000
   -20.000    -15.000      0.000      0.000      0.000      0.000
   -15.000    -15.000      0.000      0.000      0.000      0.000
   -10.000    -15.000      0.000      0.000      2.777   -105.387
    -5.000    -15.000      0.000      0.000      5.517   -104.371
     0.000    -15.000      0.000      0.000      7.148   -100.917
     5.000    -15.000      0.000      0.000      8.312    -95.443
    10.000    -15.000      0.000      0.000      9.530    -89.948
    15.000    -15.000      0.000      0.000     11.090    -84.398
    20.000    -15.000      0.000      0.000     12.710    -81.240
    25.000    -15.000      0.000      0.000     14.532    -81.939
    30.000    -15.000      0.006    -64.579     16.470    -85.041
    35.000    -15.000      0.085    -62.398     18.000    -90.599
    40.000    -15.000      0.153    -52.381     18.547    -96.685
    45.000    -15.000      0.222    -49.697     18.339   -100.295
    50.000    -15.000      0.281    -49.056     17.578   -104.784
    55.000    -15.000      0.325    -47.203     16.414   -110.295
    60.000    -15.000      0.352    -44.419     15.930   -114.711
    65.000    -15.000      0.361    -43.771     15.547   -116.391
    70.000    -15.000      0.358    -45.515     14.673   -117.402
    75.000    -15.000      0.337    -47.336     12.979   -116.877
    80.000    -15.000      0.304    -49.674     10.425   -114.612
    85.000    -15.000      0.278    -53.634      7.360   -110.736
    90.000    -15.000      0.263    -60.726      4.485   -101.471
    95.000    -15.000      0.259    -69.484      2.493    -83.735
   100.000    -15.000      0.282    -78.183      1.503    -63.912
   105.000    -15.000      0.305    -83.725      1.569    -67.225
   110.000    -15.000      0.326    -88.985      1.787    -67.138
   115.000    -15.000      0.329    -92.601      1.875    -69.205
   120.000    -15.000      0.306    -94.259      1.620    -73.925
   125.000    -15.000      0.249    -93.620      0.782    -78.699
   130.000    -15.000      0.148    -90.028      0.361    -87.285
   135.000    -15.000      0.000      0.000      0.000      0.000
   140.000    -15.000      0.000      0.000      0.000      0.000
   145.000    -15.000      0.000      0.000      0.000      0.000
   -25.000    -10.000      0.000      0.000      0.000      0.000
   -20.000    -10.000      0.000      0.000      0.000      0.000
   -15.000    -10.000      0.000      0.000      0.000      0.000
   -10.000    -10.000      0.000      0.000      2.156   -102.440
    -5.000    -10.000      0.000      0.000      3.890    -97.138
     0.000    -10.000      0.000      0.000      5.406    -91.129
     5.000    -10.000      0.000      0.000      7.072    -85.780
    10.000    -10.000      0.000      0.000      9.037    -81.711
    15.000    -10.000      0.000      0.000     10.847    -79.653
    20.000    -10.000      0.000      0.000     12.737    -78.410
    25.000    -10.000      0.000      0.000     14.576    -80.136
    30.000    -10.000      0.001    -56.485     16.064    -83.365
    35.000    -10.000      0.075   -101.827     17.710    -89.349
    40.000    -10.000      0.145    -84.659     18.814    -96.456
    45.000    -10.000      0.210    -71.632     18.942   -100.936
    50.000    -10.000      0.250    -61.121     18.001   -105.526
    55.000    -10.000      0.272    -51.180     17.163   -110.771
    60.000    -10.000      0.284    -42.993     16.212   -115.347
    65.000    -10.000      0.279    -36.376     15.697   -118.458
    70.000    -10.000      0.263    -30.828     14.631   -120.672
    75.000    -10.000      0.243    -24.355     12.897   -121.380
    80.000    -10.000      0.212    -20.705     10.574   -120.000
    85.000    -10.000      0.177    -21.925      7.483   -116.297
    90.000    -10.000      0.146    -28.536      4.231   -106.826
    95.000    -10.000      0.131    -43.729      1.760    -80.570
   100.000    -10.000      0.143    -65.600      1.020    -23.513
   105.000    -10.000      0.185    -82.112      0.951    -22.070
   110.000    -10.000      0.236    -90.459      1.275    -62.790
   115.000    -10.000      0.270    -92.574      1.398    -67.009
   120.000    -10.000      0.274    -92.565      1.169    -69.526
   125.000    -10.000      0.242    -92.140      0.570    -64.511
   130.000    -10.000      0.156    -90.295      0.251    -71.821
   135.000    -10.000      0.000      0.000      0.000      0.000
   140.000    -10.000      0.000      0.000      0.000      0.000
   145.000    -10.000      0.000      0.000      0.000      0.000
   -25.000     -5.000      0.000      0.000      0.000      0.000
   -20.000     -5.000      0.000      0.000      0.000      0.000
   -15.000     -5.000      0.000      0.000      0.000      0.000
   -10.000     -5.000      0.000      0.000      1.326    -78.170
    -5.000     -5.000      0.000      0.000      2.440    -75.453
     0.000     -5.000      0.000      0.000      3.895    -73.353
     5.000     -5.000      0.000      0.000      5.699    -72.034
    10.000     -5.000      0.000      0.000      7.745    -70.699
    15.000     -5.000      0.000      0.000      9.841    -71.276
    20.000     -5.000      0.000      0.000     11.844    -74.555
    25.000     -5.000      0.000      0.000     13.860    -78.418
    30.000     -5.000      0.004     99.805     15.007    -82.375
    35.000     -5.000      0.021    138.762     16.166    -88.633
    40.000     -5.000      0.111   -116.591     17.284    -96.080
    45.000     -5.000      0.154    -92.719     17.664   -101.501
    50.000     -5.000      0.185    -72.289     16.770   -106.050
    55.000     -5.000      0.207    -56.843     15.973   -111.060
    60.000     -5.000      0.218    -44.468     15.208   -115.891
    65.000     -5.000      0.211    -33.938     14.136   -120.040
    70.000     -5.000      0.195    -20.780     13.048   -123.458
    75.000     -5.000      0.190     -7.756     11.521   -124.851
    80.000     -5.000      0.191      0.880      9.480   -124.676
    85.000     -5.000      0.186      4.936      6.584   -121.168
    90.000     -5.000      0.163      2.603      3.703   -115.411
    95.000     -5.000      0.127     -9.510      1.212    -90.665
   100.000     -5.000      0.106    -39.702      0.975     11.188
   105.000     -5.000      0.127    -71.694      1.162     19.879
   110.000     -5.000      0.172    -91.921      0.667     -9.989
   115.000     -5.000      0.213   -102.746      0.642    -60.560
   120.000     -5.000      0.230   -107.778      0.438    -58.087
   125.000     -5.000      0.220   -109.476      0.348    -69.681
   130.000     -5.000      0.165   -107.983      0.304    -53.109
   135.000     -5.000      0.000      0.000      0.000      0.000
   140.000     -5.000      0.000      0.000      0.000      0.000
   145.000     -5.000      0.000      0.000      0.000      0.000
   -25.000      0.000      0.000      0.000      0.000      0.000
   -20.000      0.000      0.000      0.000      0.000      0.000
   -15.000      0.000      0.000      0.000      0.000      0.000
   -10.000      0.000      0.000      0.000      0.846    -34.310
    -5.000      0.000      0.000      0.000      1.848    -36.621
     0.000      0.000      0.000      0.000      2.998    -42.287
     5.000      0.000      0.000      0.000      4.287    -48.867
    10.000      0.000      0.000      0.000      6.121    -57.281
    15.000      0.000      0.000      0.000      8.233    -62.072
    20.000      0.000      0.000      0.000     10.028    -69.277
    25.000      0.000      0.000      0.000     11.887    -76.664
    30.000      0.000      0.002    104.977     12.843    -82.377
    35.000      0.000      0.056    141.826     13.389    -88.939
    40.000      0.000      0.091   -147.876     14.301    -95.573
    45.000      0.000      0.117   -113.172     14.906   -101.778
    50.000      0.000      0.139    -89.971     14.429   -106.632
    55.000      0.000      0.149    -71.148     13.667   -110.758
    60.000      0.000      0.159    -53.939     13.038   -115.396
    65.000      0.000      0.164    -36.589     11.757   -120.711
    70.000      0.000      0.173    -22.586     10.580   -124.760
    75.000      0.000      0.177     -8.923      9.418   -127.751
    80.000      0.000      0.181      0.684      7.749   -127.595
    85.000      0.000      0.173      4.056      5.594   -125.445
    90.000      0.000      0.151      2.069      3.220   -122.350
    95.000      0.000      0.116     -8.507      0.962   -112.270
   100.000      0.000      0.084    -35.785      0.655     19.042
   105.000      0.000      0.082    -76.104      1.245     36.149
   110.000      0.000      0.104   -106.911      1.116     41.415
   115.000      0.000      0.127   -122.172      0.408     29.756
   120.000      0.000      0.124   -133.520      0.200     54.241
   125.000      0.000      0.101   -140.770      0.036     90.711
   130.000      0.000      0.054   -149.960      0.070   -144.783
   135.000      0.000      0.000      0.000      0.000      0.000
   140.000      0.000      0.000      0.000      0.000      0.000
   145.000      0.000      0.000      0.000      0.000      0.000
   -25.000      5.000      0.000      0.000      0.000      0.000
   -20.000      5.000      0.000      0.000      0.000      0.000
   -15.000      5.000      0.000      0.000      0.000      0.000
   -10.000      5.000      0.000      0.000      0.674     16.187
    -5.000      5.000      0.000      0.000      1.910      6.058
     0.000      5.000      0.000      0.000      2.953     -2.972
     5.000      5.000      0.000      0.000      3.621    -16.944
    10.000      5.000      0.000      0.000      4.399    -39.532
    15.000      5.000      0.000      0.000      6.199    -57.586
    20.000      5.000      0.000      0.000      7.632    -64.857
    25.000      5.000      0.000      0.000      8.715    -73.477
    30.000      5.000      0.005    138.906      9.282    -82.074
    35.000      5.000      0.053   -147.415      9.970    -88.797
    40.000      5.000      0.086   -139.084     10.451    -94.901
    45.000      5.000      0.107   -118.411     10.740   -101.336
    50.000      5.000      0.118   -101.092     10.773   -106.858
    55.000      5.000      0.109    -82.392     10.097   -111.273
    60.000      5.000      0.104    -58.090      9.153   -116.053
    65.000      5.000      0.115    -37.590      8.265   -121.795
    70.000      5.000      0.130    -22.718      7.180   -126.784
    75.000      5.000      0.135    -15.129      6.385   -129.170
    80.000      5.000      0.134    -10.877      5.350   -130.051
    85.000      5.000      0.120    -11.924      4.005   -130.518
    90.000      5.000      0.096    -19.144      2.302   -129.639
    95.000      5.000      0.072    -37.424      0.763   -134.207
   100.000      5.000      0.065    -67.772      0.392     57.071
   105.000      5.000      0.070    -93.812      0.942     47.580
   110.000      5.000      0.068   -111.356      1.261     50.693
   115.000      5.000      0.056   -129.160      0.859     58.396
   120.000      5.000      0.040   -157.732      0.356     69.745
   125.000      5.000      0.038    139.439      0.315     92.882
   130.000      5.000      0.053    102.313      0.199    127.679
   135.000      5.000      0.000      0.000      0.000      0.000
   140.000      5.000      0.000      0.000      0.000      0.000
   145.000      5.000      0.000      0.000      0.000      0.000
   -25.000     10.000      0.000      0.000      0.000      0.000
   -20.000     10.000      0.000      0.000      0.000      0.000
   -15.000     10.000      0.000      0.000      0.000      0.000
   -10.000     10.000      0.000      0.000      0.295     -1.118
    -5.000     10.000      0.000      0.000      1.308      4.264
     0.000     10.000      0.000      0.000      1.999      2.403
     5.000     10.000      0.000      0.000      2.281     -6.338
    10.000     10.000      0.000      0.000      2.502    -29.229
    15.000     10.000      0.000      0.000      3.440    -56.037
    20.000     10.000      0.000      0.000      4.170    -62.958
    25.000     10.000      0.000      0.000      4.560    -70.291
    30.000     10.000      0.007   -122.346      5.212    -81.436
    35.000     10.000      0.045   -121.172      5.595    -87.124
    40.000     10.000      0.063   -117.755      5.848    -93.354
    45.000     10.000      0.078   -105.877      5.796    -99.494
    50.000     10.000      0.081    -92.091      5.608   -106.332
    55.000     10.000      0.073    -75.622      5.358   -112.031
    60.000     10.000      0.068    -66.139      4.778   -116.712
    65.000     10.000      0.063    -58.337      4.315   -123.003
    70.000     10.000      0.060    -51.792      3.576   -130.067
    75.000     10.000      0.061    -50.229      3.209   -131.219
    80.000     10.000      0.063    -47.908      2.667   -131.854
    85.000     10.000      0.066    -51.209      1.798   -138.503
    90.000     10.000      0.069    -55.639      1.274   -134.589
    95.000     10.000      0.067    -57.043      0.420   -136.347
   100.000     10.000      0.061    -59.265      0.236     55.626
   105.000     10.000      0.051    -59.286      0.658     58.828
   110.000     10.000      0.034    -60.217      0.732     54.541
   115.000     10.000      0.008    -77.813      0.883     66.486
   120.000     10.000      0.024    118.632      0.333     70.655
   125.000     10.000      0.044    119.016      0.421     98.771
   130.000     10.000      0.041    127.441      0.150    125.225
   135.000     10.000      0.000      0.000      0.000      0.000
   140.000     10.000      0.000      0.000      0.000      0.000
   145.000     10.000      0.000      0.000      0.000      0.000
   -25.000     15.000      0.000      0.000      0.000      0.000
   -20.000     15.000      0.000      0.000      0.000      0.000
   -15.000     15.000      0.000      0.000      0.000      0.000
   -10.000     15.000      0.000      0.000      0.000      0.000
    -5.000     15.000      0.000      0.000      0.000      0.000
     0.000     15.000      0.000      0.000      0.000      0.000
     5.000     15.000      0.000      0.000      0.000      0.000
    10.000     15.000      0.000      0.000      0.000      0.000
    15.000     15.000      0.000      0.000      0.000      0.000
    20.000     15.000      0.000      0.000      0.000      0.000
    25.000     15.000      0.000      0.000      0.000      0.000
    30.000     15.000      0.000      0.000      0.000      0.000
    35.000     15.000      0.000      0.000      0.000      0.000
    40.000     15.000      0.000      0.000      0.000      0.000
    45.000     15.000      0.000      0.000      0.000      0.000
    50.000     15.000      0.000      0.000      0.000      0.000
    55.000     15.000      0.000      0.000      0.000      0.000
    60.000     15.000      0.000      0.000      0.000      0.000
    65.000     15.000      0.000      0.000      0.000      0.000
    70.000     15.000      0.000      0.000      0.000      0.000
    75.000     15.000      0.000      0.000      0.000      0.000
    80.000     15.000      0.000      0.000      0.000      0.000
    85.000     15.000      0.000      0.000      0.000      0.000
    90.000     15.000      0.000      0.000      0.000      0.000
    95.000     15.000      0.000      0.000      0.000      0.000
   100.000     15.000      0.000      0.000      0.000      0.000
   105.000     15.000      0.000      0.000      0.000      0.000
   110.000     15.000      0.000      0.000      0.000      0.000
   115.000     15.000      0.000      0.000      0.000      0.000
   120.000     15.000      0.000      0.000      0.000      0.000
   125.000     15.000      0.000      0.000      0.000      0.000
   130.000     15.000      0.000      0.000      0.000      0.000
   135.000     15.000      0.000      0.000      0.000      0.000
   140.000     15.000      0.000      0.000      0.000      0.000
   145.000     15.000      0.000      0.000      0.000      0.000
   -25.000     20.000      0.000      0.000      0.000      0.000
   -20.000     20.000      0.000      0.000      0.000      0.000
   -15.000     20.000      0.000      0.000      0.000      0.000
   -10.000     20.000      0.000      0.000      0.000      0.000
    -5.000     20.000      0.000      0.000      0.000      0.000
     0.000     20.000      0.000      0.000      0.000      0.000
     5.000     20.000      0.000      0.000      0.000      0.000
    10.000     20.000      0.000      0.000      0.000      0.000
    15.000     20.000      0.000      0.000      0.000      0.000
    20.000     20.000      0.000      0.000      0.000      0.000
    25.000     20.000      0.000      0.000      0.000      0.000
    30.000     20.000      0.000      0.000      0.000      0.000
    35.000     20.000      0.000      0.000      0.000      0.000
    40.000     20.000      0.000      0.000      0.000      0.000
    45.000     20.000      0.000      0.000      0.000      0.000
    50.000     20.000      0.000      0.000      0.000      0.000
    55.000     20.000      0.000      0.000      0.000      0.000
    60.000     20.000      0.000      0.000      0.000      0.000
    65.000     20.000      0.000      0.000      0.000      0.000
    70.000     20.000      0.000      0.000      0.000      0.000
    75.000     20.000      0.000      0.000      0.000      0.000
    80.000     20.000      0.000      0.000      0.000      0.000
    85.000     20.000      0.000      0.000      0.000      0.000
    90.000     20.000      0.000      0.000      0.000      0.000
    95.000     20.000      0.000      0.000      0.000      0.000
   100.000     20.000      0.000      0.000      0.000      0.000
   105.000     20.000      0.000      0.000      0.000      0.000
   110.000     20.000      0.000      0.000      0.000      0.000
   115.000     20.000      0.000      0.000      0.000      0.000
   120.000     20.000      0.000      0.000      0.000      0.000
   125.000     20.000      0.000      0.000      0.000      0.000
   130.000     20.000      0.000      0.000      0.000      0.000
   135.000     20.000      0.000      0.000      0.000      0.000
   140.000     20.000      0.000      0.000      0.000      0.000
   145.000     20.000      0.000      0.000      0.000      0.000
   -25.000     25.000      0.000      0.000      0.000      0.000
   -20.000     25.000      0.000      0.000      0.000      0.000
   -15.000     25.000      0.000      0.000      0.000      0.000
   -10.000     25.000      0.000      0.000      0.000      0.000
    -5.000     25.000      0.000      0.000      0.000      0.000
     0.000     25.000      0.000      0.000      0.000      0.000
     5.000     25.000      0.000      0.000      0.000      0.000
    10.000     25.000      0.000      0.000      0.000      0.000
    15.000     25.000      0.000      0.000      0.000      0.000
    20.000     25.000      0.000      0.000      0.000      0.000
    25.000     25.000      0.000      0.000      0.000      0.000
    30.000     25.000      0.000      0.000      0.000      0.000
    35.000     25.000      0.000      0.000      0.000      0.000
    40.000     25.000      0.000      0.000      0.000      0.000
    45.000     25.000      0.000      0.000      0.000      0.000
    50.000     25.000      0.000      0.000      0.000      0.000
    55.000     25.000      0.000      0.000      0.000      0.000
    60.000     25.000      0.000      0.000      0.000      0.000
    65.000     25.000      0.000      0.000      0.000      0.000
    70.000     25.000      0.000      0.000      0.000      0.000
    75.000     25.000      0.000      0.000      0.000      0.000
    80.000     25.000      0.000      0.000      0.000      0.000
    85.000     25.000      0.000      0.000      0.000      0.000
    90.000     25.000      0.000      0.000      0.000      0.000
    95.000     25.000      0.000      0.000      0.000      0.000
   100.000     25.000      0.000      0.000      0.000      0.000
   105.000     25.000      0.000      0.000      0.000      0.000
   110.000     25.000      0.000      0.000      0.000      0.000
   115.000     25.000      0.000      0.000      0.000      0.000
   120.000     25.000      0.000      0.000      0.000      0.000
   125.000     25.000      0.000      0.000      0.000      0.000
   130.000     25.000      0.000      0.000      0.000      0.000
   135.000     25.000      0.000      0.000      0.000      0.000
   140.000     25.000      0.000      0.000      0.000      0.000
   145.000     25.000      0.000      0.000      0.000      0.000
