   -25.000    -65.000      0.000      0.000      0.000      0.000
   -20.000    -65.000      0.000      0.000      0.000      0.000
   -15.000    -65.000      0.000      0.000      0.000      0.000
   -10.000    -65.000      0.000      0.000      0.000      0.000
    -5.000    -65.000      0.000      0.000      0.000      0.000
     0.000    -65.000      0.000      0.000      0.000      0.000
     5.000    -65.000      0.000      0.000      0.000      0.000
    10.000    -65.000      0.000      0.000      0.000      0.000
    15.000    -65.000      0.000      0.000      0.000      0.000
    20.000    -65.000      0.000      0.000      0.000      0.000
    25.000    -65.000      0.000      0.000      0.000      0.000
    30.000    -65.000      0.000      0.000      0.000      0.000
    35.000    -65.000      0.000      0.000      0.000      0.000
    40.000    -65.000      0.000      0.000      0.000      0.000
    45.000    -65.000      0.000      0.000      0.000      0.000
    50.000    -65.000      0.000      0.000      0.000      0.000
    55.000    -65.000      0.000      0.000      0.000      0.000
    60.000    -65.000      0.000      0.000      0.000      0.000
    65.000    -65.000      0.000      0.000      0.000      0.000
    70.000    -65.000      0.000      0.000      0.000      0.000
    75.000    -65.000      0.000      0.000      0.000      0.000
    80.000    -65.000      0.000      0.000      0.000      0.000
    85.000    -65.000      0.000      0.000      0.000      0.000
    90.000    -65.000      0.000      0.000      0.000      0.000
    95.000    -65.000      0.000      0.000      0.000      0.000
   100.000    -65.000      0.000      0.000      0.000      0.000
   105.000    -65.000      0.000      0.000      0.000      0.000
   110.000    -65.000      0.000      0.000      0.000      0.000
   115.000    -65.000      0.000      0.000      0.000      0.000
   120.000    -65.000      0.000      0.000      0.000      0.000
   125.000    -65.000      0.000      0.000      0.000      0.000
   130.000    -65.000      0.000      0.000      0.000      0.000
   135.000    -65.000      0.000      0.000      0.000      0.000
   140.000    -65.000      0.000      0.000      0.000      0.000
   145.000    -65.000      0.000      0.000      0.000      0.000
   -25.000    -60.000      0.000      0.000      0.000      0.000
   -20.000    -60.000      0.000      0.000      0.000      0.000
   -15.000    -60.000      0.000      0.000      0.000      0.000
   -10.000    -60.000      0.000      0.000      0.000      0.000
    -5.000    -60.000      0.000      0.000      0.000      0.000
     0.000    -60.000      0.000      0.000      0.000      0.000
     5.000    -60.000      0.000      0.000      0.000      0.000
    10.000    -60.000      0.000      0.000      0.000      0.000
    15.000    -60.000      0.000      0.000      0.000      0.000
    20.000    -60.000      0.000      0.000      0.000      0.000
    25.000    -60.000      0.000      0.000      0.000      0.000
    30.000    -60.000      0.000      0.000      0.000      0.000
    35.000    -60.000      0.000      0.000      0.000      0.000
    40.000    -60.000      0.000      0.000      0.000      0.000
    45.000    -60.000      0.000      0.000      0.000      0.000
    50.000    -60.000      0.000      0.000      0.000      0.000
    55.000    -60.000      0.000      0.000      0.000      0.000
    60.000    -60.000      0.000      0.000      0.000      0.000
    65.000    -60.000      0.000      0.000      0.000      0.000
    70.000    -60.000      0.000      0.000      0.000      0.000
    75.000    -60.000      0.000      0.000      0.000      0.000
    80.000    -60.000      0.000      0.000      0.000      0.000
    85.000    -60.000      0.000      0.000      0.000      0.000
    90.000    -60.000      0.000      0.000      0.000      0.000
    95.000    -60.000      0.000      0.000      0.000      0.000
   100.000    -60.000      0.000      0.000      0.000      0.000
   105.000    -60.000      0.000      0.000      0.000      0.000
   110.000    -60.000      0.000      0.000      0.000      0.000
   115.000    -60.000      0.000      0.000      0.000      0.000
   120.000    -60.000      0.000      0.000      0.000      0.000
   125.000    -60.000      0.000      0.000      0.000      0.000
   130.000    -60.000      0.000      0.000      0.000      0.000
   135.000    -60.000      0.000      0.000      0.000      0.000
   140.000    -60.000      0.000      0.000      0.000      0.000
   145.000    -60.000      0.000      0.000      0.000      0.000
   -25.000    -55.000      0.000      0.000      0.000      0.000
   -20.000    -55.000      0.000      0.000      0.000      0.000
   -15.000    -55.000      0.000      0.000      0.000      0.000
   -10.000    -55.000      0.000      0.000      0.000      0.000
    -5.000    -55.000      0.000      0.000      0.000      0.000
     0.000    -55.000      0.000      0.000      0.000      0.000
     5.000    -55.000      0.000      0.000      0.000      0.000
    10.000    -55.000      0.000      0.000      0.000      0.000
    15.000    -55.000      0.000      0.000      0.000      0.000
    20.000    -55.000      0.000      0.000      0.000      0.000
    25.000    -55.000      0.000      0.000      0.000      0.000
    30.000    -55.000      0.000      0.000      0.000      0.000
    35.000    -55.000      0.000      0.000      0.000      0.000
    40.000    -55.000      0.000      0.000      0.000      0.000
    45.000    -55.000      0.000      0.000      0.000      0.000
    50.000    -55.000      0.000      0.000      0.000      0.000
    55.000    -55.000      0.000      0.000      0.000      0.000
    60.000    -55.000      0.000      0.000      0.000      0.000
    65.000    -55.000      0.000      0.000      0.000      0.000
    70.000    -55.000      0.000      0.000      0.000      0.000
    75.000    -55.000      0.000      0.000      0.000      0.000
    80.000    -55.000      0.000      0.000      0.000      0.000
    85.000    -55.000      0.000      0.000      0.000      0.000
    90.000    -55.000      0.000      0.000      0.000      0.000
    95.000    -55.000      0.000      0.000      0.000      0.000
   100.000    -55.000      0.000      0.000      0.000      0.000
   105.000    -55.000      0.000      0.000      0.000      0.000
   110.000    -55.000      0.000      0.000      0.000      0.000
   115.000    -55.000      0.000      0.000      0.000      0.000
   120.000    -55.000      0.000      0.000      0.000      0.000
   125.000    -55.000      0.000      0.000      0.000      0.000
   130.000    -55.000      0.000      0.000      0.000      0.000
   135.000    -55.000      0.000      0.000      0.000      0.000
   140.000    -55.000      0.000      0.000      0.000      0.000
   145.000    -55.000      0.000      0.000      0.000      0.000
   -25.000    -50.000      0.000      0.000      0.000      0.000
   -20.000    -50.000      0.000      0.000      0.000      0.000
   -15.000    -50.000      0.000      0.000      0.000      0.000
   -10.000    -50.000      0.069     -3.368      0.153     38.536
    -5.000    -50.000      0.095     24.760      0.295     55.276
     0.000    -50.000      0.094     48.126      0.365     72.452
     5.000    -50.000      0.062     82.591      0.202    104.472
    10.000    -50.000      0.068    118.277      0.178   -177.803
    15.000    -50.000      0.120    111.456      0.172    176.774
    20.000    -50.000      0.208    103.331      0.317    101.597
    25.000    -50.000      0.222    109.340      0.375    108.336
    30.000    -50.000      0.088    139.584      0.112    143.173
    35.000    -50.000      0.048      3.081      0.048      3.081
    40.000    -50.000      0.000      0.000      0.000      0.000
    45.000    -50.000      0.000      0.000      0.000      0.000
    50.000    -50.000      0.000      0.000      0.000      0.000
    55.000    -50.000      0.000      0.000      0.000      0.000
    60.000    -50.000      0.000      0.000      0.000      0.000
    65.000    -50.000      0.000      0.000      0.000      0.000
    70.000    -50.000      0.000      0.000      0.000      0.000
    75.000    -50.000      0.000      0.000      0.000      0.000
    80.000    -50.000      0.000      0.000      0.000      0.000
    85.000    -50.000      0.000      0.000      0.000      0.000
    90.000    -50.000      0.000      0.000      0.000      0.000
    95.000    -50.000      0.000      0.000      0.000      0.000
   100.000    -50.000      0.000      0.000      0.000      0.000
   105.000    -50.000      0.000      0.000      0.000      0.000
   110.000    -50.000      0.000      0.000      0.000      0.000
   115.000    -50.000      0.000      0.000      0.000      0.000
   120.000    -50.000      0.000      0.000      0.000      0.000
   125.000    -50.000      0.000      0.000      0.000      0.000
   130.000    -50.000      0.000      0.000      0.000      0.000
   135.000    -50.000      0.000      0.000      0.000      0.000
   140.000    -50.000      0.000      0.000      0.000      0.000
   145.000    -50.000      0.000      0.000      0.000      0.000
   -25.000    -45.000      0.000      0.000      0.000      0.000
   -20.000    -45.000      0.000      0.000      0.000      0.000
   -15.000    -45.000      0.000      0.000      0.000      0.000
   -10.000    -45.000      0.009    -29.614      0.315   -154.754
    -5.000    -45.000      0.011   -169.220      0.467   -148.559
     0.000    -45.000      0.042   -155.413      0.462   -138.288
     5.000    -45.000      0.071   -142.572      0.570   -122.111
    10.000    -45.000      0.089   -133.700      0.654   -116.139
    15.000    -45.000      0.046   -147.983      0.484   -115.150
    20.000    -45.000      0.097     97.799      0.354     86.442
    25.000    -45.000      0.213     91.382      0.624     85.522
    30.000    -45.000      0.204     89.621      0.438     82.181
    35.000    -45.000      0.179     86.290      0.283     90.776
    40.000    -45.000      0.038    -82.147      0.038    -82.147
    45.000    -45.000      0.000      0.000      0.000      0.000
    50.000    -45.000      0.000      0.000      0.000      0.000
    55.000    -45.000      0.000      0.000      0.000      0.000
    60.000    -45.000      0.000      0.000      0.000      0.000
    65.000    -45.000      0.000      0.000      0.000      0.000
    70.000    -45.000      0.000      0.000      0.000      0.000
    75.000    -45.000      0.000      0.000      0.000      0.000
    80.000    -45.000      0.000      0.000      0.000      0.000
    85.000    -45.000      0.000      0.000      0.000      0.000
    90.000    -45.000      0.000      0.000      0.000      0.000
    95.000    -45.000      0.000      0.000      0.000      0.000
   100.000    -45.000      0.000      0.000      0.000      0.000
   105.000    -45.000      0.000      0.000      0.000      0.000
   110.000    -45.000      0.000      0.000      0.000      0.000
   115.000    -45.000      0.000      0.000      0.000      0.000
   120.000    -45.000      0.000      0.000      0.000      0.000
   125.000    -45.000      0.000      0.000      0.000      0.000
   130.000    -45.000      0.000      0.000      0.000      0.000
   135.000    -45.000      0.000      0.000      0.000      0.000
   140.000    -45.000      0.000      0.000      0.000      0.000
   145.000    -45.000      0.000      0.000      0.000      0.000
   -25.000    -40.000      0.000      0.000      0.000      0.000
   -20.000    -40.000      0.000      0.000      0.000      0.000
   -15.000    -40.000      0.000      0.000      0.000      0.000
   -10.000    -40.000      0.089   -162.767      0.700   -131.476
    -5.000    -40.000      0.165   -158.179      1.034   -139.367
     0.000    -40.000      0.193   -151.330      1.408   -138.051
     5.000    -40.000      0.182   -141.831      1.771   -130.471
    10.000    -40.000      0.158   -129.760      1.865   -126.395
    15.000    -40.000      0.098   -114.984      1.566   -131.970
    20.000    -40.000      0.035    -70.117      0.935   -141.045
    25.000    -40.000      0.057     42.704      0.195    175.812
    30.000    -40.000      0.099     62.323      0.241    120.847
    35.000    -40.000      0.164     80.237      0.354    102.799
    40.000    -40.000      0.189     81.532      0.380     90.628
    45.000    -40.000      0.072     72.058      0.072     72.058
    50.000    -40.000      0.000      0.000      0.000      0.000
    55.000    -40.000      0.000      0.000      0.000      0.000
    60.000    -40.000      0.000      0.000      0.000      0.000
    65.000    -40.000      0.000      0.000      0.000      0.000
    70.000    -40.000      0.000      0.000      0.000      0.000
    75.000    -40.000      0.000      0.000      0.000      0.000
    80.000    -40.000      0.000      0.000      0.000      0.000
    85.000    -40.000      0.000      0.000      0.000      0.000
    90.000    -40.000      0.000      0.000      0.000      0.000
    95.000    -40.000      0.000      0.000      0.000      0.000
   100.000    -40.000      0.000      0.000      0.000      0.000
   105.000    -40.000      0.000      0.000      0.000      0.000
   110.000    -40.000      0.000      0.000      0.000      0.000
   115.000    -40.000      0.000      0.000      0.000      0.000
   120.000    -40.000      0.000      0.000      0.000      0.000
   125.000    -40.000      0.000      0.000      0.000      0.000
   130.000    -40.000      0.000      0.000      0.000      0.000
   135.000    -40.000      0.000      0.000      0.000      0.000
   140.000    -40.000      0.000      0.000      0.000      0.000
   145.000    -40.000      0.000      0.000      0.000      0.000
   -25.000    -35.000      0.000      0.000      0.000      0.000
   -20.000    -35.000      0.000      0.000      0.000      0.000
   -15.000    -35.000      0.000      0.000      0.000      0.000
   -10.000    -35.000      0.111    179.594      1.043   -132.864
    -5.000    -35.000      0.189   -161.848      1.737   -132.444
     0.000    -35.000      0.227   -151.271      2.424   -126.262
     5.000    -35.000      0.245   -142.425      2.871   -120.338
    10.000    -35.000      0.264   -131.986      2.872   -119.398
    15.000    -35.000      0.244   -124.218      2.264   -127.635
    20.000    -35.000      0.188   -113.448      1.781   -130.766
    25.000    -35.000      0.140   -102.426      0.852   -135.046
    30.000    -35.000      0.081   -103.735      0.408   -126.980
    35.000    -35.000      0.042    164.778      0.376    165.200
    40.000    -35.000      0.113    119.098      0.562    126.770
    45.000    -35.000      0.068    116.347      0.110    127.940
    50.000    -35.000      0.021     94.009      0.021     94.009
    55.000    -35.000      0.000      0.000      0.000      0.000
    60.000    -35.000      0.000      0.000      0.000      0.000
    65.000    -35.000      0.000      0.000      0.000      0.000
    70.000    -35.000      0.000      0.000      0.000      0.000
    75.000    -35.000      0.000      0.000      0.000      0.000
    80.000    -35.000      0.000      0.000      0.000      0.000
    85.000    -35.000      0.000      0.000      0.000      0.000
    90.000    -35.000      0.000      0.000      0.000      0.000
    95.000    -35.000      0.000      0.000      0.000      0.000
   100.000    -35.000      0.000      0.000      0.000      0.000
   105.000    -35.000      0.000      0.000      0.000      0.000
   110.000    -35.000      0.000      0.000      0.000      0.000
   115.000    -35.000      0.000      0.000      0.000      0.000
   120.000    -35.000      0.000      0.000      0.000      0.000
   125.000    -35.000      0.000      0.000      0.000      0.000
   130.000    -35.000      0.000      0.000      0.000      0.000
   135.000    -35.000      0.000      0.000      0.000      0.000
   140.000    -35.000      0.000      0.000      0.000      0.000
   145.000    -35.000      0.000      0.000      0.000      0.000
   -25.000    -30.000      0.000      0.000      0.000      0.000
   -20.000    -30.000      0.000      0.000      0.000      0.000
   -15.000    -30.000      0.000      0.000      0.000      0.000
   -10.000    -30.000      0.135   -166.102      1.120   -137.999
    -5.000    -30.000      0.243   -148.437      1.981   -130.355
     0.000    -30.000      0.315   -139.249      2.862   -120.287
     5.000    -30.000      0.371   -132.805      3.560   -114.845
    10.000    -30.000      0.391   -129.691      3.644   -113.142
    15.000    -30.000      0.368   -127.363      2.982   -116.254
    20.000    -30.000      0.314   -125.186      2.062   -118.110
    25.000    -30.000      0.258   -122.386      1.305   -124.691
    30.000    -30.000      0.187   -121.446      0.668   -144.649
    35.000    -30.000      0.091   -136.493      0.521   -128.437
    40.000    -30.000      0.043    121.172      0.382    137.108
    45.000    -30.000      0.089     87.429      0.378     97.063
    50.000    -30.000      0.135    100.914      0.175     98.856
    55.000    -30.000      0.000      0.000      0.000      0.000
    60.000    -30.000      0.000      0.000      0.000      0.000
    65.000    -30.000      0.000      0.000      0.000      0.000
    70.000    -30.000      0.000      0.000      0.000      0.000
    75.000    -30.000      0.000      0.000      0.000      0.000
    80.000    -30.000      0.000      0.000      0.000      0.000
    85.000    -30.000      0.000      0.000      0.000      0.000
    90.000    -30.000      0.000      0.000      0.000      0.000
    95.000    -30.000      0.000      0.000      0.000      0.000
   100.000    -30.000      0.000      0.000      0.000      0.000
   105.000    -30.000      0.000      0.000      0.000      0.000
   110.000    -30.000      0.000      0.000      0.000      0.000
   115.000    -30.000      0.000      0.000      0.000      0.000
   120.000    -30.000      0.000      0.000      0.000      0.000
   125.000    -30.000      0.000      0.000      0.000      0.000
   130.000    -30.000      0.000      0.000      0.000      0.000
   135.000    -30.000      0.000      0.000      0.000      0.000
   140.000    -30.000      0.000      0.000      0.000      0.000
   145.000    -30.000      0.000      0.000      0.000      0.000
   -25.000    -25.000      0.000      0.000      0.000      0.000
   -20.000    -25.000      0.000      0.000      0.000      0.000
   -15.000    -25.000      0.000      0.000      0.000      0.000
   -10.000    -25.000      0.136   -177.215      1.266   -142.213
    -5.000    -25.000      0.241   -165.199      2.257   -132.163
     0.000    -25.000      0.319   -154.547      2.979   -120.194
     5.000    -25.000      0.374   -143.024      3.397   -110.975
    10.000    -25.000      0.400   -132.659      3.253   -107.271
    15.000    -25.000      0.409   -123.214      2.798   -108.841
    20.000    -25.000      0.396   -114.625      1.948   -106.564
    25.000    -25.000      0.371   -106.773      1.491   -110.839
    30.000    -25.000      0.329    -98.089      0.814   -115.968
    35.000    -25.000      0.235    -88.386      0.646    -96.306
    40.000    -25.000      0.169    -69.714      0.316   -100.177
    45.000    -25.000      0.122    -39.933      0.261    -11.292
    50.000    -25.000      0.064     10.215      0.132     46.160
    55.000    -25.000      0.033     70.423      0.033     70.423
    60.000    -25.000      0.000      0.000      0.000      0.000
    65.000    -25.000      0.000      0.000      0.000      0.000
    70.000    -25.000      0.000      0.000      0.000      0.000
    75.000    -25.000      0.000      0.000      0.000      0.000
    80.000    -25.000      0.000      0.000      0.000      0.000
    85.000    -25.000      0.000      0.000      0.000      0.000
    90.000    -25.000      0.000      0.000      0.000      0.000
    95.000    -25.000      0.000      0.000      0.000      0.000
   100.000    -25.000      0.000      0.000      0.000      0.000
   105.000    -25.000      0.000      0.000      0.000      0.000
   110.000    -25.000      0.000      0.000      0.000      0.000
   115.000    -25.000      0.000      0.000      0.000      0.000
   120.000    -25.000      0.000      0.000      0.000      0.000
   125.000    -25.000      0.000      0.000      0.000      0.000
   130.000    -25.000      0.000      0.000      0.000      0.000
   135.000    -25.000      0.000      0.000      0.000      0.000
   140.000    -25.000      0.000      0.000      0.000      0.000
   145.000    -25.000      0.000      0.000      0.000      0.000
   -25.000    -20.000      0.000      0.000      0.000      0.000
   -20.000    -20.000      0.000      0.000      0.000      0.000
   -15.000    -20.000      0.000      0.000      0.000      0.000
   -10.000    -20.000      0.152   -157.917      1.159   -122.395
    -5.000    -20.000      0.274   -160.767      2.009   -123.232
     0.000    -20.000      0.332   -158.686      2.577   -117.192
     5.000    -20.000      0.347   -150.423      2.812   -108.713
    10.000    -20.000      0.354   -135.242      2.626   -101.455
    15.000    -20.000      0.362   -119.837      2.030    -95.566
    20.000    -20.000      0.374   -105.631      1.496    -76.260
    25.000    -20.000      0.396    -94.449      1.257    -73.004
    30.000    -20.000      0.406    -86.249      1.079    -73.526
    35.000    -20.000      0.386    -78.192      1.036    -65.714
    40.000    -20.000      0.350    -70.581      0.867    -57.007
    45.000    -20.000      0.275    -64.513      0.838    -46.911
    50.000    -20.000      0.151    -56.651      0.151    -34.932
    55.000    -20.000      0.110    -32.860      0.136    -31.583
    60.000    -20.000      0.000      0.000      0.000      0.000
    65.000    -20.000      0.000      0.000      0.000      0.000
    70.000    -20.000      0.000      0.000      0.000      0.000
    75.000    -20.000      0.000      0.000      0.000      0.000
    80.000    -20.000      0.000      0.000      0.000      0.000
    85.000    -20.000      0.000      0.000      0.000      0.000
    90.000    -20.000      0.000      0.000      0.000      0.000
    95.000    -20.000      0.000      0.000      0.000      0.000
   100.000    -20.000      0.000      0.000      0.000      0.000
   105.000    -20.000      0.000      0.000      0.000      0.000
   110.000    -20.000      0.000      0.000      0.000      0.000
   115.000    -20.000      0.000      0.000      0.000      0.000
   120.000    -20.000      0.000      0.000      0.000      0.000
   125.000    -20.000      0.000      0.000      0.000      0.000
   130.000    -20.000      0.000      0.000      0.000      0.000
   135.000    -20.000      0.000      0.000      0.000      0.000
   140.000    -20.000      0.000      0.000      0.000      0.000
   145.000    -20.000      0.000      0.000      0.000      0.000
   -25.000    -15.000      0.000      0.000      0.000      0.000
   -20.000    -15.000      0.000      0.000      0.000      0.000
   -15.000    -15.000      0.000      0.000      0.000      0.000
   -10.000    -15.000      0.171   -143.727      0.823   -101.513
    -5.000    -15.000      0.253   -146.232      1.468    -96.957
     0.000    -15.000      0.290   -146.709      1.850    -91.503
     5.000    -15.000      0.296   -143.118      1.983    -84.907
    10.000    -15.000      0.295   -134.339      1.831    -76.118
    15.000    -15.000      0.286   -121.579      1.535    -60.200
    20.000    -15.000      0.308   -104.426      1.515    -38.192
    25.000    -15.000      0.356    -89.740      1.418    -28.512
    30.000    -15.000      0.410    -81.279      1.456    -40.174
    35.000    -15.000      0.440    -76.802      1.499    -53.805
    40.000    -15.000      0.463    -74.150      1.142    -66.111
    45.000    -15.000      0.427    -72.623      0.952    -53.984
    50.000    -15.000      0.295    -71.581      0.796    -72.069
    55.000    -15.000      0.087    -44.921      0.104    -43.039
    60.000    -15.000      0.000      0.000      0.000      0.000
    65.000    -15.000      0.000      0.000      0.000      0.000
    70.000    -15.000      0.000      0.000      0.000      0.000
    75.000    -15.000      0.000      0.000      0.000      0.000
    80.000    -15.000      0.000      0.000      0.000      0.000
    85.000    -15.000      0.000      0.000      0.000      0.000
    90.000    -15.000      0.000      0.000      0.000      0.000
    95.000    -15.000      0.000      0.000      0.000      0.000
   100.000    -15.000      0.000      0.000      0.000      0.000
   105.000    -15.000      0.000      0.000      0.000      0.000
   110.000    -15.000      0.000      0.000      0.000      0.000
   115.000    -15.000      0.000      0.000      0.000      0.000
   120.000    -15.000      0.000      0.000      0.000      0.000
   125.000    -15.000      0.000      0.000      0.000      0.000
   130.000    -15.000      0.000      0.000      0.000      0.000
   135.000    -15.000      0.000      0.000      0.000      0.000
   140.000    -15.000      0.000      0.000      0.000      0.000
   145.000    -15.000      0.000      0.000      0.000      0.000
   -25.000    -10.000      0.000      0.000      0.000      0.000
   -20.000    -10.000      0.000      0.000      0.000      0.000
   -15.000    -10.000      0.000      0.000      0.000      0.000
   -10.000    -10.000      0.104   -126.727      0.386    -44.641
    -5.000    -10.000      0.163   -128.643      0.975    -40.549
     0.000    -10.000      0.224   -125.558      1.444    -35.161
     5.000    -10.000      0.257   -121.639      1.877    -33.312
    10.000    -10.000      0.283   -113.777      2.007    -32.957
    15.000    -10.000      0.321   -102.513      1.895    -23.874
    20.000    -10.000      0.374    -92.378      2.090    -15.999
    25.000    -10.000      0.442    -85.507      2.122    -16.014
    30.000    -10.000      0.500    -81.145      1.945    -19.338
    35.000    -10.000      0.542    -77.644      1.741    -40.338
    40.000    -10.000      0.557    -74.266      1.438    -66.663
    45.000    -10.000      0.520    -75.619      1.362    -74.403
    50.000    -10.000      0.400    -82.121      0.819    -80.996
    55.000    -10.000      0.193    -99.745      0.237   -102.023
    60.000    -10.000      0.036    -36.466      0.036    -36.466
    65.000    -10.000      0.000      0.000      0.000      0.000
    70.000    -10.000      0.000      0.000      0.000      0.000
    75.000    -10.000      0.000      0.000      0.000      0.000
    80.000    -10.000      0.000      0.000      0.000      0.000
    85.000    -10.000      0.000      0.000      0.000      0.000
    90.000    -10.000      0.000      0.000      0.000      0.000
    95.000    -10.000      0.000      0.000      0.000      0.000
   100.000    -10.000      0.000      0.000      0.000      0.000
   105.000    -10.000      0.000      0.000      0.000      0.000
   110.000    -10.000      0.000      0.000      0.000      0.000
   115.000    -10.000      0.000      0.000      0.000      0.000
   120.000    -10.000      0.000      0.000      0.000      0.000
   125.000    -10.000      0.000      0.000      0.000      0.000
   130.000    -10.000      0.000      0.000      0.000      0.000
   135.000    -10.000      0.000      0.000      0.000      0.000
   140.000    -10.000      0.000      0.000      0.000      0.000
   145.000    -10.000      0.000      0.000      0.000      0.000
   -25.000     -5.000      0.000      0.000      0.000      0.000
   -20.000     -5.000      0.000      0.000      0.000      0.000
   -15.000     -5.000      0.000      0.000      0.000      0.000
   -10.000     -5.000      0.097    -72.980      0.883     18.777
    -5.000     -5.000      0.172    -88.899      1.513     13.615
     0.000     -5.000      0.242    -94.855      2.137      8.314
     5.000     -5.000      0.303    -94.922      2.604      1.329
    10.000     -5.000      0.349    -91.156      2.726     -2.767
    15.000     -5.000      0.393    -87.758      2.750     -1.880
    20.000     -5.000      0.445    -84.775      2.545     -7.809
    25.000     -5.000      0.487    -81.144      2.451    -15.704
    30.000     -5.000      0.534    -80.321      2.183    -18.602
    35.000     -5.000      0.586    -81.547      1.762    -33.086
    40.000     -5.000      0.586    -82.328      1.288    -61.080
    45.000     -5.000      0.516    -83.799      1.131    -81.631
    50.000     -5.000      0.356    -85.938      0.446    -78.638
    55.000     -5.000      0.168    -94.923      0.199    -96.231
    60.000     -5.000      0.041   -149.819      0.041   -149.819
    65.000     -5.000      0.000      0.000      0.000      0.000
    70.000     -5.000      0.000      0.000      0.000      0.000
    75.000     -5.000      0.000      0.000      0.000      0.000
    80.000     -5.000      0.000      0.000      0.000      0.000
    85.000     -5.000      0.000      0.000      0.000      0.000
    90.000     -5.000      0.000      0.000      0.000      0.000
    95.000     -5.000      0.000      0.000      0.000      0.000
   100.000     -5.000      0.000      0.000      0.000      0.000
   105.000     -5.000      0.000      0.000      0.000      0.000
   110.000     -5.000      0.000      0.000      0.000      0.000
   115.000     -5.000      0.000      0.000      0.000      0.000
   120.000     -5.000      0.000      0.000      0.000      0.000
   125.000     -5.000      0.000      0.000      0.000      0.000
   130.000     -5.000      0.000      0.000      0.000      0.000
   135.000     -5.000      0.000      0.000      0.000      0.000
   140.000     -5.000      0.000      0.000      0.000      0.000
   145.000     -5.000      0.000      0.000      0.000      0.000
   -25.000      0.000      0.000      0.000      0.000      0.000
   -20.000      0.000      0.000      0.000      0.000      0.000
   -15.000      0.000      0.000      0.000      0.000      0.000
   -10.000      0.000      0.083    -70.839      1.182     41.018
    -5.000      0.000      0.171    -81.461      2.262     33.788
     0.000      0.000      0.237    -82.334      3.127     29.639
     5.000      0.000      0.298    -81.103      3.581     24.230
    10.000      0.000      0.349    -80.201      3.400     13.918
    15.000      0.000      0.383    -78.630      3.254      7.025
    20.000      0.000      0.403    -78.026      2.798      0.948
    25.000      0.000      0.412    -77.200      2.252    -13.207
    30.000      0.000      0.433    -78.722      1.940    -22.011
    35.000      0.000      0.453    -80.608      1.532    -34.518
    40.000      0.000      0.445    -80.944      1.298    -57.662
    45.000      0.000      0.392    -80.472      1.065    -79.692
    50.000      0.000      0.286    -77.130      0.498    -83.277
    55.000      0.000      0.163    -71.676      0.198    -68.669
    60.000      0.000      0.114    -84.892      0.114    -84.892
    65.000      0.000      0.000      0.000      0.000      0.000
    70.000      0.000      0.000      0.000      0.000      0.000
    75.000      0.000      0.000      0.000      0.000      0.000
    80.000      0.000      0.000      0.000      0.000      0.000
    85.000      0.000      0.000      0.000      0.000      0.000
    90.000      0.000      0.000      0.000      0.000      0.000
    95.000      0.000      0.000      0.000      0.000      0.000
   100.000      0.000      0.000      0.000      0.000      0.000
   105.000      0.000      0.000      0.000      0.000      0.000
   110.000      0.000      0.000      0.000      0.000      0.000
   115.000      0.000      0.000      0.000      0.000      0.000
   120.000      0.000      0.000      0.000      0.000      0.000
   125.000      0.000      0.000      0.000      0.000      0.000
   130.000      0.000      0.000      0.000      0.000      0.000
   135.000      0.000      0.000      0.000      0.000      0.000
   140.000      0.000      0.000      0.000      0.000      0.000
   145.000      0.000      0.000      0.000      0.000      0.000
   -25.000      5.000      0.000      0.000      0.000      0.000
   -20.000      5.000      0.000      0.000      0.000      0.000
   -15.000      5.000      0.000      0.000      0.000      0.000
   -10.000      5.000      0.072   -117.192      1.261     54.810
    -5.000      5.000      0.135   -102.303      2.811     40.969
     0.000      5.000      0.176    -90.721      3.857     36.779
     5.000      5.000      0.214    -80.054      4.135     32.456
    10.000      5.000      0.252    -68.889      3.599     25.261
    15.000      5.000      0.289    -61.830      2.790      9.154
    20.000      5.000      0.319    -58.719      2.478     -1.234
    25.000      5.000      0.331    -58.125      1.927    -13.838
    30.000      5.000      0.321    -58.972      1.526    -27.225
    35.000      5.000      0.290    -62.299      1.312    -40.943
    40.000      5.000      0.259    -67.687      0.924    -49.639
    45.000      5.000      0.227    -75.261      0.593    -71.609
    50.000      5.000      0.174    -83.682      0.498    -92.594
    55.000      5.000      0.081    -87.758      0.115   -107.257
    60.000      5.000      0.026    -19.306      0.026    -19.306
    65.000      5.000      0.000      0.000      0.000      0.000
    70.000      5.000      0.000      0.000      0.000      0.000
    75.000      5.000      0.000      0.000      0.000      0.000
    80.000      5.000      0.000      0.000      0.000      0.000
    85.000      5.000      0.000      0.000      0.000      0.000
    90.000      5.000      0.000      0.000      0.000      0.000
    95.000      5.000      0.000      0.000      0.000      0.000
   100.000      5.000      0.000      0.000      0.000      0.000
   105.000      5.000      0.000      0.000      0.000      0.000
   110.000      5.000      0.000      0.000      0.000      0.000
   115.000      5.000      0.000      0.000      0.000      0.000
   120.000      5.000      0.000      0.000      0.000      0.000
   125.000      5.000      0.000      0.000      0.000      0.000
   130.000      5.000      0.000      0.000      0.000      0.000
   135.000      5.000      0.000      0.000      0.000      0.000
   140.000      5.000      0.000      0.000      0.000      0.000
   145.000      5.000      0.000      0.000      0.000      0.000
   -25.000     10.000      0.000      0.000      0.000      0.000
   -20.000     10.000      0.000      0.000      0.000      0.000
   -15.000     10.000      0.000      0.000      0.000      0.000
   -10.000     10.000      0.072   -123.939      0.709     47.668
    -5.000     10.000      0.098   -111.681      1.882     39.236
     0.000     10.000      0.106    -91.076      2.590     36.474
     5.000     10.000      0.138    -78.175      2.703     33.738
    10.000     10.000      0.157    -70.860      2.333     30.954
    15.000     10.000      0.165    -61.148      1.575     10.020
    20.000     10.000      0.181    -52.380      1.369     -5.222
    25.000     10.000      0.187    -43.785      1.158    -14.432
    30.000     10.000      0.194    -39.579      1.036    -42.329
    35.000     10.000      0.183    -40.656      1.020    -44.548
    40.000     10.000      0.160    -52.934      0.903    -58.993
    45.000     10.000      0.128    -71.117      0.575    -60.491
    50.000     10.000      0.096    -98.171      0.182    -76.175
    55.000     10.000      0.052    178.458      0.068    178.461
    60.000     10.000      0.022     48.851      0.022     48.851
    65.000     10.000      0.000      0.000      0.000      0.000
    70.000     10.000      0.000      0.000      0.000      0.000
    75.000     10.000      0.000      0.000      0.000      0.000
    80.000     10.000      0.000      0.000      0.000      0.000
    85.000     10.000      0.000      0.000      0.000      0.000
    90.000     10.000      0.000      0.000      0.000      0.000
    95.000     10.000      0.000      0.000      0.000      0.000
   100.000     10.000      0.000      0.000      0.000      0.000
   105.000     10.000      0.000      0.000      0.000      0.000
   110.000     10.000      0.000      0.000      0.000      0.000
   115.000     10.000      0.000      0.000      0.000      0.000
   120.000     10.000      0.000      0.000      0.000      0.000
   125.000     10.000      0.000      0.000      0.000      0.000
   130.000     10.000      0.000      0.000      0.000      0.000
   135.000     10.000      0.000      0.000      0.000      0.000
   140.000     10.000      0.000      0.000      0.000      0.000
   145.000     10.000      0.000      0.000      0.000      0.000
   -25.000     15.000      0.000      0.000      0.000      0.000
   -20.000     15.000      0.000      0.000      0.000      0.000
   -15.000     15.000      0.000      0.000      0.000      0.000
   -10.000     15.000      0.000      0.000      0.000      0.000
    -5.000     15.000      0.000      0.000      0.000      0.000
     0.000     15.000      0.000      0.000      0.000      0.000
     5.000     15.000      0.000      0.000      0.000      0.000
    10.000     15.000      0.000      0.000      0.000      0.000
    15.000     15.000      0.000      0.000      0.000      0.000
    20.000     15.000      0.000      0.000      0.000      0.000
    25.000     15.000      0.000      0.000      0.000      0.000
    30.000     15.000      0.000      0.000      0.000      0.000
    35.000     15.000      0.000      0.000      0.000      0.000
    40.000     15.000      0.000      0.000      0.000      0.000
    45.000     15.000      0.000      0.000      0.000      0.000
    50.000     15.000      0.000      0.000      0.000      0.000
    55.000     15.000      0.000      0.000      0.000      0.000
    60.000     15.000      0.000      0.000      0.000      0.000
    65.000     15.000      0.000      0.000      0.000      0.000
    70.000     15.000      0.000      0.000      0.000      0.000
    75.000     15.000      0.000      0.000      0.000      0.000
    80.000     15.000      0.000      0.000      0.000      0.000
    85.000     15.000      0.000      0.000      0.000      0.000
    90.000     15.000      0.000      0.000      0.000      0.000
    95.000     15.000      0.000      0.000      0.000      0.000
   100.000     15.000      0.000      0.000      0.000      0.000
   105.000     15.000      0.000      0.000      0.000      0.000
   110.000     15.000      0.000      0.000      0.000      0.000
   115.000     15.000      0.000      0.000      0.000      0.000
   120.000     15.000      0.000      0.000      0.000      0.000
   125.000     15.000      0.000      0.000      0.000      0.000
   130.000     15.000      0.000      0.000      0.000      0.000
   135.000     15.000      0.000      0.000      0.000      0.000
   140.000     15.000      0.000      0.000      0.000      0.000
   145.000     15.000      0.000      0.000      0.000      0.000
   -25.000     20.000      0.000      0.000      0.000      0.000
   -20.000     20.000      0.000      0.000      0.000      0.000
   -15.000     20.000      0.000      0.000      0.000      0.000
   -10.000     20.000      0.000      0.000      0.000      0.000
    -5.000     20.000      0.000      0.000      0.000      0.000
     0.000     20.000      0.000      0.000      0.000      0.000
     5.000     20.000      0.000      0.000      0.000      0.000
    10.000     20.000      0.000      0.000      0.000      0.000
    15.000     20.000      0.000      0.000      0.000      0.000
    20.000     20.000      0.000      0.000      0.000      0.000
    25.000     20.000      0.000      0.000      0.000      0.000
    30.000     20.000      0.000      0.000      0.000      0.000
    35.000     20.000      0.000      0.000      0.000      0.000
    40.000     20.000      0.000      0.000      0.000      0.000
    45.000     20.000      0.000      0.000      0.000      0.000
    50.000     20.000      0.000      0.000      0.000      0.000
    55.000     20.000      0.000      0.000      0.000      0.000
    60.000     20.000      0.000      0.000      0.000      0.000
    65.000     20.000      0.000      0.000      0.000      0.000
    70.000     20.000      0.000      0.000      0.000      0.000
    75.000     20.000      0.000      0.000      0.000      0.000
    80.000     20.000      0.000      0.000      0.000      0.000
    85.000     20.000      0.000      0.000      0.000      0.000
    90.000     20.000      0.000      0.000      0.000      0.000
    95.000     20.000      0.000      0.000      0.000      0.000
   100.000     20.000      0.000      0.000      0.000      0.000
   105.000     20.000      0.000      0.000      0.000      0.000
   110.000     20.000      0.000      0.000      0.000      0.000
   115.000     20.000      0.000      0.000      0.000      0.000
   120.000     20.000      0.000      0.000      0.000      0.000
   125.000     20.000      0.000      0.000      0.000      0.000
   130.000     20.000      0.000      0.000      0.000      0.000
   135.000     20.000      0.000      0.000      0.000      0.000
   140.000     20.000      0.000      0.000      0.000      0.000
   145.000     20.000      0.000      0.000      0.000      0.000
   -25.000     25.000      0.000      0.000      0.000      0.000
   -20.000     25.000      0.000      0.000      0.000      0.000
   -15.000     25.000      0.000      0.000      0.000      0.000
   -10.000     25.000      0.000      0.000      0.000      0.000
    -5.000     25.000      0.000      0.000      0.000      0.000
     0.000     25.000      0.000      0.000      0.000      0.000
     5.000     25.000      0.000      0.000      0.000      0.000
    10.000     25.000      0.000      0.000      0.000      0.000
    15.000     25.000      0.000      0.000      0.000      0.000
    20.000     25.000      0.000      0.000      0.000      0.000
    25.000     25.000      0.000      0.000      0.000      0.000
    30.000     25.000      0.000      0.000      0.000      0.000
    35.000     25.000      0.000      0.000      0.000      0.000
    40.000     25.000      0.000      0.000      0.000      0.000
    45.000     25.000      0.000      0.000      0.000      0.000
    50.000     25.000      0.000      0.000      0.000      0.000
    55.000     25.000      0.000      0.000      0.000      0.000
    60.000     25.000      0.000      0.000      0.000      0.000
    65.000     25.000      0.000      0.000      0.000      0.000
    70.000     25.000      0.000      0.000      0.000      0.000
    75.000     25.000      0.000      0.000      0.000      0.000
    80.000     25.000      0.000      0.000      0.000      0.000
    85.000     25.000      0.000      0.000      0.000      0.000
    90.000     25.000      0.000      0.000      0.000      0.000
    95.000     25.000      0.000      0.000      0.000      0.000
   100.000     25.000      0.000      0.000      0.000      0.000
   105.000     25.000      0.000      0.000      0.000      0.000
   110.000     25.000      0.000      0.000      0.000      0.000
   115.000     25.000      0.000      0.000      0.000      0.000
   120.000     25.000      0.000      0.000      0.000      0.000
   125.000     25.000      0.000      0.000      0.000      0.000
   130.000     25.000      0.000      0.000      0.000      0.000
   135.000     25.000      0.000      0.000      0.000      0.000
   140.000     25.000      0.000      0.000      0.000      0.000
   145.000     25.000      0.000      0.000      0.000      0.000
