   -25.000    -65.000      0.000      0.000      0.000      0.000
   -20.000    -65.000      0.000      0.000      0.000      0.000
   -15.000    -65.000      0.000      0.000      0.000      0.000
   -10.000    -65.000      0.000      0.000      0.000      0.000
    -5.000    -65.000      0.000      0.000      0.000      0.000
     0.000    -65.000      0.000      0.000      0.000      0.000
     5.000    -65.000      0.000      0.000      0.000      0.000
    10.000    -65.000      0.000      0.000      0.000      0.000
    15.000    -65.000      0.000      0.000      0.000      0.000
    20.000    -65.000      0.000      0.000      0.000      0.000
    25.000    -65.000      0.000      0.000      0.000      0.000
    30.000    -65.000      0.000      0.000      0.000      0.000
    35.000    -65.000      0.000      0.000      0.000      0.000
    40.000    -65.000      0.000      0.000      0.000      0.000
    45.000    -65.000      0.000      0.000      0.000      0.000
    50.000    -65.000      0.000      0.000      0.000      0.000
    55.000    -65.000      0.000      0.000      0.000      0.000
    60.000    -65.000      0.000      0.000      0.000      0.000
    65.000    -65.000      0.000      0.000      0.000      0.000
    70.000    -65.000      0.000      0.000      0.000      0.000
    75.000    -65.000      0.000      0.000      0.000      0.000
    80.000    -65.000      0.000      0.000      0.000      0.000
    85.000    -65.000      0.000      0.000      0.000      0.000
    90.000    -65.000      0.000      0.000      0.000      0.000
    95.000    -65.000      0.000      0.000      0.000      0.000
   100.000    -65.000      0.000      0.000      0.000      0.000
   105.000    -65.000      0.000      0.000      0.000      0.000
   110.000    -65.000      0.000      0.000      0.000      0.000
   115.000    -65.000      0.000      0.000      0.000      0.000
   120.000    -65.000      0.000      0.000      0.000      0.000
   125.000    -65.000      0.000      0.000      0.000      0.000
   130.000    -65.000      0.000      0.000      0.000      0.000
   135.000    -65.000      0.000      0.000      0.000      0.000
   140.000    -65.000      0.000      0.000      0.000      0.000
   145.000    -65.000      0.000      0.000      0.000      0.000
   -25.000    -60.000      0.000      0.000      0.000      0.000
   -20.000    -60.000      0.000      0.000      0.000      0.000
   -15.000    -60.000      0.000      0.000      0.000      0.000
   -10.000    -60.000      0.000      0.000      0.000      0.000
    -5.000    -60.000      0.000      0.000      0.000      0.000
     0.000    -60.000      0.000      0.000      0.000      0.000
     5.000    -60.000      0.000      0.000      0.000      0.000
    10.000    -60.000      0.000      0.000      0.000      0.000
    15.000    -60.000      0.000      0.000      0.000      0.000
    20.000    -60.000      0.000      0.000      0.000      0.000
    25.000    -60.000      0.000      0.000      0.000      0.000
    30.000    -60.000      0.000      0.000      0.000      0.000
    35.000    -60.000      0.000      0.000      0.000      0.000
    40.000    -60.000      0.000      0.000      0.000      0.000
    45.000    -60.000      0.000      0.000      0.000      0.000
    50.000    -60.000      0.000      0.000      0.000      0.000
    55.000    -60.000      0.000      0.000      0.000      0.000
    60.000    -60.000      0.000      0.000      0.000      0.000
    65.000    -60.000      0.000      0.000      0.000      0.000
    70.000    -60.000      0.000      0.000      0.000      0.000
    75.000    -60.000      0.000      0.000      0.000      0.000
    80.000    -60.000      0.000      0.000      0.000      0.000
    85.000    -60.000      0.000      0.000      0.000      0.000
    90.000    -60.000      0.000      0.000      0.000      0.000
    95.000    -60.000      0.000      0.000      0.000      0.000
   100.000    -60.000      0.000      0.000      0.000      0.000
   105.000    -60.000      0.000      0.000      0.000      0.000
   110.000    -60.000      0.000      0.000      0.000      0.000
   115.000    -60.000      0.000      0.000      0.000      0.000
   120.000    -60.000      0.000      0.000      0.000      0.000
   125.000    -60.000      0.000      0.000      0.000      0.000
   130.000    -60.000      0.000      0.000      0.000      0.000
   135.000    -60.000      0.000      0.000      0.000      0.000
   140.000    -60.000      0.000      0.000      0.000      0.000
   145.000    -60.000      0.000      0.000      0.000      0.000
   -25.000    -55.000      0.000      0.000      0.000      0.000
   -20.000    -55.000      0.000      0.000      0.000      0.000
   -15.000    -55.000      0.000      0.000      0.000      0.000
   -10.000    -55.000      0.000      0.000      0.000      0.000
    -5.000    -55.000      0.000      0.000      0.000      0.000
     0.000    -55.000      0.000      0.000      0.000      0.000
     5.000    -55.000      0.000      0.000      0.000      0.000
    10.000    -55.000      0.000      0.000      0.000      0.000
    15.000    -55.000      0.000      0.000      0.000      0.000
    20.000    -55.000      0.000      0.000      0.000      0.000
    25.000    -55.000      0.000      0.000      0.000      0.000
    30.000    -55.000      0.000      0.000      0.000      0.000
    35.000    -55.000      0.000      0.000      0.000      0.000
    40.000    -55.000      0.000      0.000      0.000      0.000
    45.000    -55.000      0.000      0.000      0.000      0.000
    50.000    -55.000      0.000      0.000      0.000      0.000
    55.000    -55.000      0.000      0.000      0.000      0.000
    60.000    -55.000      0.000      0.000      0.000      0.000
    65.000    -55.000      0.000      0.000      0.000      0.000
    70.000    -55.000      0.000      0.000      0.000      0.000
    75.000    -55.000      0.000      0.000      0.000      0.000
    80.000    -55.000      0.000      0.000      0.000      0.000
    85.000    -55.000      0.000      0.000      0.000      0.000
    90.000    -55.000      0.000      0.000      0.000      0.000
    95.000    -55.000      0.000      0.000      0.000      0.000
   100.000    -55.000      0.000      0.000      0.000      0.000
   105.000    -55.000      0.000      0.000      0.000      0.000
   110.000    -55.000      0.000      0.000      0.000      0.000
   115.000    -55.000      0.000      0.000      0.000      0.000
   120.000    -55.000      0.000      0.000      0.000      0.000
   125.000    -55.000      0.000      0.000      0.000      0.000
   130.000    -55.000      0.000      0.000      0.000      0.000
   135.000    -55.000      0.000      0.000      0.000      0.000
   140.000    -55.000      0.000      0.000      0.000      0.000
   145.000    -55.000      0.000      0.000      0.000      0.000
   -25.000    -50.000      0.000      0.000      0.000      0.000
   -20.000    -50.000      0.000      0.000      0.000      0.000
   -15.000    -50.000      0.000      0.000      0.000      0.000
   -10.000    -50.000      0.177     39.596      0.846     40.966
    -5.000    -50.000      0.291     38.331      1.499     43.398
     0.000    -50.000      0.333     35.522      1.863     46.410
     5.000    -50.000      0.330     34.531      1.808     46.772
    10.000    -50.000      0.305     35.414      1.613     46.520
    15.000    -50.000      0.265     39.503      1.575     50.041
    20.000    -50.000      0.211     44.726      1.764     57.782
    25.000    -50.000      0.147     46.580      1.616     65.446
    30.000    -50.000      0.090     55.174      1.150     65.355
    35.000    -50.000      0.050     80.818      0.893     61.609
    40.000    -50.000      0.040    123.784      0.583     94.886
    45.000    -50.000      0.053    150.787      0.443    121.284
    50.000    -50.000      0.068    168.068      0.525    153.128
    55.000    -50.000      0.065    164.104      0.464    158.587
    60.000    -50.000      0.055    169.217      0.479    169.292
    65.000    -50.000      0.044   -171.623      0.403    156.425
    70.000    -50.000      0.029   -161.276      0.323   -144.131
    75.000    -50.000      0.037     58.171      0.118    139.602
    80.000    -50.000      0.064     15.702      0.066     15.561
    85.000    -50.000      0.014     51.621      0.014     51.621
    90.000    -50.000      0.000      0.000      0.000      0.000
    95.000    -50.000      0.000      0.000      0.000      0.000
   100.000    -50.000      0.000      0.000      0.000      0.000
   105.000    -50.000      0.000      0.000      0.000      0.000
   110.000    -50.000      0.000      0.000      0.000      0.000
   115.000    -50.000      0.000      0.000      0.000      0.000
   120.000    -50.000      0.000      0.000      0.000      0.000
   125.000    -50.000      0.000      0.000      0.000      0.000
   130.000    -50.000      0.000      0.000      0.000      0.000
   135.000    -50.000      0.000      0.000      0.000      0.000
   140.000    -50.000      0.000      0.000      0.000      0.000
   145.000    -50.000      0.000      0.000      0.000      0.000
   -25.000    -45.000      0.000      0.000      0.000      0.000
   -20.000    -45.000      0.000      0.000      0.000      0.000
   -15.000    -45.000      0.000      0.000      0.000      0.000
   -10.000    -45.000      0.310     29.171      0.708     34.227
    -5.000    -45.000      0.493     32.193      1.354     33.327
     0.000    -45.000      0.550     32.010      1.897     31.995
     5.000    -45.000      0.538     32.143      2.119     28.971
    10.000    -45.000      0.489     32.641      2.158     28.696
    15.000    -45.000      0.409     34.023      2.225     34.262
    20.000    -45.000      0.306     35.719      2.710     48.739
    25.000    -45.000      0.203     38.690      2.634     57.264
    30.000    -45.000      0.112     48.980      2.078     61.931
    35.000    -45.000      0.036     99.052      1.439     73.400
    40.000    -45.000      0.065   -173.435      0.690    106.411
    45.000    -45.000      0.108   -163.337      0.960    139.233
    50.000    -45.000      0.137   -162.530      1.070    163.078
    55.000    -45.000      0.147   -162.735      1.005    150.800
    60.000    -45.000      0.128   -166.688      0.772    152.108
    65.000    -45.000      0.105   -160.488      0.517    137.294
    70.000    -45.000      0.057   -159.135      0.173    138.570
    75.000    -45.000      0.012   -169.496      0.292     85.656
    80.000    -45.000      0.048    -91.932      0.035    -82.670
    85.000    -45.000      0.019     64.279      0.019     64.279
    90.000    -45.000      0.000      0.000      0.000      0.000
    95.000    -45.000      0.000      0.000      0.000      0.000
   100.000    -45.000      0.000      0.000      0.000      0.000
   105.000    -45.000      0.000      0.000      0.000      0.000
   110.000    -45.000      0.000      0.000      0.000      0.000
   115.000    -45.000      0.000      0.000      0.000      0.000
   120.000    -45.000      0.000      0.000      0.000      0.000
   125.000    -45.000      0.000      0.000      0.000      0.000
   130.000    -45.000      0.000      0.000      0.000      0.000
   135.000    -45.000      0.000      0.000      0.000      0.000
   140.000    -45.000      0.000      0.000      0.000      0.000
   145.000    -45.000      0.000      0.000      0.000      0.000
   -25.000    -40.000      0.000      0.000      0.000      0.000
   -20.000    -40.000      0.000      0.000      0.000      0.000
   -15.000    -40.000      0.000      0.000      0.000      0.000
   -10.000    -40.000      0.331     35.098      0.437    -16.534
    -5.000    -40.000      0.507     31.965      0.843      4.331
     0.000    -40.000      0.574     29.398      1.119      1.505
     5.000    -40.000      0.586     27.854      1.364     -9.962
    10.000    -40.000      0.546     25.840      1.541    -12.310
    15.000    -40.000      0.466     23.591      1.486      1.287
    20.000    -40.000      0.353     20.742      1.644     22.129
    25.000    -40.000      0.243     17.847      1.993     36.489
    30.000    -40.000      0.123      6.803      1.669     49.706
    35.000    -40.000      0.043    -89.751      1.321     71.340
    40.000    -40.000      0.140   -141.926      1.116    104.262
    45.000    -40.000      0.226   -148.942      1.171    143.314
    50.000    -40.000      0.269   -152.262      1.476    166.907
    55.000    -40.000      0.270   -153.998      1.431    161.963
    60.000    -40.000      0.225   -156.444      1.128    153.823
    65.000    -40.000      0.156   -159.237      0.503    161.629
    70.000    -40.000      0.057    174.250      0.229     60.934
    75.000    -40.000      0.055     73.402      0.514     59.191
    80.000    -40.000      0.063     51.592      0.225     47.780
    85.000    -40.000      0.020     42.036      0.020     41.481
    90.000    -40.000      0.007   -171.027      0.007   -171.027
    95.000    -40.000      0.000      0.000      0.000      0.000
   100.000    -40.000      0.000      0.000      0.000      0.000
   105.000    -40.000      0.000      0.000      0.000      0.000
   110.000    -40.000      0.000      0.000      0.000      0.000
   115.000    -40.000      0.000      0.000      0.000      0.000
   120.000    -40.000      0.000      0.000      0.000      0.000
   125.000    -40.000      0.000      0.000      0.000      0.000
   130.000    -40.000      0.000      0.000      0.000      0.000
   135.000    -40.000      0.000      0.000      0.000      0.000
   140.000    -40.000      0.000      0.000      0.000      0.000
   145.000    -40.000      0.000      0.000      0.000      0.000
   -25.000    -35.000      0.000      0.000      0.000      0.000
   -20.000    -35.000      0.000      0.000      0.000      0.000
   -15.000    -35.000      0.000      0.000      0.000      0.000
   -10.000    -35.000      0.253     36.311      0.693    -89.598
    -5.000    -35.000      0.421     27.619      1.135    -79.248
     0.000    -35.000      0.519     20.615      1.828    -73.721
     5.000    -35.000      0.554     15.749      2.475    -68.746
    10.000    -35.000      0.535      9.789      2.667    -64.243
    15.000    -35.000      0.471      3.347      2.156    -56.166
    20.000    -35.000      0.373     -6.909      1.878    -50.330
    25.000    -35.000      0.260    -24.205      1.522    -30.734
    30.000    -35.000      0.185    -58.305      1.164    -28.308
    35.000    -35.000      0.186    -99.468      0.189    -43.580
    40.000    -35.000      0.243   -126.882      0.725    161.319
    45.000    -35.000      0.315   -139.503      1.240   -177.565
    50.000    -35.000      0.353   -145.716      1.798   -178.170
    55.000    -35.000      0.345   -147.557      1.972    176.886
    60.000    -35.000      0.299   -147.661      1.632    176.722
    65.000    -35.000      0.219   -147.862      0.872   -170.358
    70.000    -35.000      0.094   -163.425      0.140   -157.023
    75.000    -35.000      0.077     93.805      0.206     36.828
    80.000    -35.000      0.169     77.262      0.314     46.396
    85.000    -35.000      0.212     77.341      0.305     71.860
    90.000    -35.000      0.015   -153.698      0.015   -153.698
    95.000    -35.000      0.000      0.000      0.000      0.000
   100.000    -35.000      0.000      0.000      0.000      0.000
   105.000    -35.000      0.000      0.000      0.000      0.000
   110.000    -35.000      0.000      0.000      0.000      0.000
   115.000    -35.000      0.000      0.000      0.000      0.000
   120.000    -35.000      0.000      0.000      0.000      0.000
   125.000    -35.000      0.000      0.000      0.000      0.000
   130.000    -35.000      0.000      0.000      0.000      0.000
   135.000    -35.000      0.000      0.000      0.000      0.000
   140.000    -35.000      0.000      0.000      0.000      0.000
   145.000    -35.000      0.000      0.000      0.000      0.000
   -25.000    -30.000      0.000      0.000      0.000      0.000
   -20.000    -30.000      0.000      0.000      0.000      0.000
   -15.000    -30.000      0.000      0.000      0.000      0.000
   -10.000    -30.000      0.140     12.923      1.116   -107.209
    -5.000    -30.000      0.291      9.682      2.079    -97.619
     0.000    -30.000      0.402      4.806      3.264    -89.603
     5.000    -30.000      0.453     -1.851      4.317    -85.572
    10.000    -30.000      0.461     -7.506      4.766    -82.359
    15.000    -30.000      0.428    -14.857      4.413    -79.278
    20.000    -30.000      0.367    -25.187      3.866    -74.287
    25.000    -30.000      0.300    -44.141      3.284    -73.685
    30.000    -30.000      0.299    -73.360      2.594    -77.952
    35.000    -30.000      0.342    -97.048      2.501    -89.818
    40.000    -30.000      0.405   -112.512      1.863   -116.308
    45.000    -30.000      0.464   -122.723      1.968   -139.761
    50.000    -30.000      0.511   -128.265      2.559   -153.754
    55.000    -30.000      0.531   -130.894      2.940   -159.629
    60.000    -30.000      0.502   -130.330      2.767   -162.517
    65.000    -30.000      0.414   -130.400      2.030   -150.672
    70.000    -30.000      0.282   -132.900      1.060   -134.809
    75.000    -30.000      0.130   -151.968      0.403   -117.081
    80.000    -30.000      0.119    115.171      0.163    107.750
    85.000    -30.000      0.252     93.150      0.377     88.386
    90.000    -30.000      0.113    111.775      0.116    111.668
    95.000    -30.000      0.000      0.000      0.000      0.000
   100.000    -30.000      0.000      0.000      0.000      0.000
   105.000    -30.000      0.000      0.000      0.000      0.000
   110.000    -30.000      0.000      0.000      0.000      0.000
   115.000    -30.000      0.000      0.000      0.000      0.000
   120.000    -30.000      0.000      0.000      0.000      0.000
   125.000    -30.000      0.000      0.000      0.000      0.000
   130.000    -30.000      0.000      0.000      0.000      0.000
   135.000    -30.000      0.000      0.000      0.000      0.000
   140.000    -30.000      0.000      0.000      0.000      0.000
   145.000    -30.000      0.000      0.000      0.000      0.000
   -25.000    -25.000      0.000      0.000      0.000      0.000
   -20.000    -25.000      0.000      0.000      0.000      0.000
   -15.000    -25.000      0.000      0.000      0.000      0.000
   -10.000    -25.000      0.139    -30.104      1.628   -117.349
    -5.000    -25.000      0.258    -28.479      3.119   -108.580
     0.000    -25.000      0.328    -28.410      4.504    -98.887
     5.000    -25.000      0.373    -30.139      5.617    -91.523
    10.000    -25.000      0.398    -35.801      6.111    -87.164
    15.000    -25.000      0.402    -44.001      6.152    -85.692
    20.000    -25.000      0.404    -54.494      5.806    -82.468
    25.000    -25.000      0.411    -68.091      5.591    -84.367
    30.000    -25.000      0.451    -84.894      5.026    -86.856
    35.000    -25.000      0.521    -98.458      4.849    -90.754
    40.000    -25.000      0.598   -108.171      4.308   -101.022
    45.000    -25.000      0.654   -116.293      3.765   -111.667
    50.000    -25.000      0.708   -121.579      3.656   -131.230
    55.000    -25.000      0.732   -124.705      3.842   -145.024
    60.000    -25.000      0.706   -126.171      3.914   -150.414
    65.000    -25.000      0.647   -125.420      3.574   -142.198
    70.000    -25.000      0.539   -125.419      2.314   -129.488
    75.000    -25.000      0.371   -130.193      1.206   -113.691
    80.000    -25.000      0.184   -151.455      0.360   -119.910
    85.000    -25.000      0.137    144.786      0.225    110.374
    90.000    -25.000      0.134    145.717      0.138    145.790
    95.000    -25.000      0.000      0.000      0.000      0.000
   100.000    -25.000      0.000      0.000      0.000      0.000
   105.000    -25.000      0.000      0.000      0.000      0.000
   110.000    -25.000      0.000      0.000      0.000      0.000
   115.000    -25.000      0.000      0.000      0.000      0.000
   120.000    -25.000      0.000      0.000      0.000      0.000
   125.000    -25.000      0.000      0.000      0.000      0.000
   130.000    -25.000      0.000      0.000      0.000      0.000
   135.000    -25.000      0.000      0.000      0.000      0.000
   140.000    -25.000      0.000      0.000      0.000      0.000
   145.000    -25.000      0.000      0.000      0.000      0.000
   -25.000    -20.000      0.000      0.000      0.000      0.000
   -20.000    -20.000      0.000      0.000      0.000      0.000
   -15.000    -20.000      0.000      0.000      0.000      0.000
   -10.000    -20.000      0.112    -58.976      1.947   -110.750
    -5.000    -20.000      0.229    -50.803      3.612   -108.678
     0.000    -20.000      0.335    -51.383      5.072   -102.943
     5.000    -20.000      0.420    -55.205      6.233    -96.448
    10.000    -20.000      0.485    -60.574      6.910    -91.241
    15.000    -20.000      0.526    -67.853      7.062    -87.567
    20.000    -20.000      0.571    -76.821      7.124    -82.962
    25.000    -20.000      0.620    -86.218      7.266    -83.974
    30.000    -20.000      0.673    -95.102      7.255    -86.694
    35.000    -20.000      0.724   -103.668      7.077    -89.380
    40.000    -20.000      0.782   -110.925      6.541    -94.381
    45.000    -20.000      0.837   -116.175      5.914   -101.097
    50.000    -20.000      0.893   -120.009      5.040   -117.762
    55.000    -20.000      0.921   -122.875      4.664   -130.557
    60.000    -20.000      0.893   -124.409      4.470   -143.181
    65.000    -20.000      0.823   -124.810      4.213   -143.659
    70.000    -20.000      0.719   -125.668      3.564   -133.695
    75.000    -20.000      0.576   -127.968      2.160   -129.891
    80.000    -20.000      0.406   -133.096      1.026   -127.556
    85.000    -20.000      0.230   -146.518      0.368   -153.248
    90.000    -20.000      0.124   -148.396      0.186   -141.932
    95.000    -20.000      0.012    124.483      0.012    124.483
   100.000    -20.000      0.000      0.000      0.000      0.000
   105.000    -20.000      0.000      0.000      0.000      0.000
   110.000    -20.000      0.000      0.000      0.000      0.000
   115.000    -20.000      0.000      0.000      0.000      0.000
   120.000    -20.000      0.000      0.000      0.000      0.000
   125.000    -20.000      0.000      0.000      0.000      0.000
   130.000    -20.000      0.000      0.000      0.000      0.000
   135.000    -20.000      0.000      0.000      0.000      0.000
   140.000    -20.000      0.000      0.000      0.000      0.000
   145.000    -20.000      0.000      0.000      0.000      0.000
   -25.000    -15.000      0.000      0.000      0.000      0.000
   -20.000    -15.000      0.000      0.000      0.000      0.000
   -15.000    -15.000      0.000      0.000      0.000      0.000
   -10.000    -15.000      0.154    -70.120      1.891   -106.884
    -5.000    -15.000      0.283    -65.921      3.618   -103.142
     0.000    -15.000      0.388    -67.753      5.058    -98.932
     5.000    -15.000      0.463    -70.416      6.183    -94.619
    10.000    -15.000      0.541    -75.303      6.932    -90.689
    15.000    -15.000      0.609    -80.642      7.353    -86.793
    20.000    -15.000      0.671    -86.938      7.710    -82.838
    25.000    -15.000      0.724    -93.184      7.960    -82.524
    30.000    -15.000      0.776   -100.055      8.451    -84.723
    35.000    -15.000      0.842   -107.342      8.689    -88.299
    40.000    -15.000      0.903   -113.111      8.226    -94.252
    45.000    -15.000      0.935   -117.926      7.366    -98.564
    50.000    -15.000      0.963   -121.630      6.669   -108.049
    55.000    -15.000      1.003   -123.804      5.429   -121.860
    60.000    -15.000      1.016   -124.630      4.943   -133.670
    65.000    -15.000      0.985   -124.595      4.487   -140.263
    70.000    -15.000      0.930   -124.691      4.084   -137.499
    75.000    -15.000      0.821   -126.367      2.976   -136.692
    80.000    -15.000      0.658   -129.839      1.982   -133.664
    85.000    -15.000      0.429   -134.608      0.985   -141.259
    90.000    -15.000      0.187   -136.173      0.252   -141.667
    95.000    -15.000      0.004   -111.537      0.004   -111.537
   100.000    -15.000      0.000      0.000      0.000      0.000
   105.000    -15.000      0.000      0.000      0.000      0.000
   110.000    -15.000      0.000      0.000      0.000      0.000
   115.000    -15.000      0.000      0.000      0.000      0.000
   120.000    -15.000      0.000      0.000      0.000      0.000
   125.000    -15.000      0.000      0.000      0.000      0.000
   130.000    -15.000      0.000      0.000      0.000      0.000
   135.000    -15.000      0.000      0.000      0.000      0.000
   140.000    -15.000      0.000      0.000      0.000      0.000
   145.000    -15.000      0.000      0.000      0.000      0.000
   -25.000    -10.000      0.000      0.000      0.000      0.000
   -20.000    -10.000      0.000      0.000      0.000      0.000
   -15.000    -10.000      0.000      0.000      0.000      0.000
   -10.000    -10.000      0.151    -71.605      1.396   -107.483
    -5.000    -10.000      0.259    -71.622      2.846    -98.595
     0.000    -10.000      0.363    -74.623      4.136    -92.829
     5.000    -10.000      0.462    -79.073      5.433    -88.103
    10.000    -10.000      0.545    -84.472      6.520    -86.173
    15.000    -10.000      0.607    -89.766      7.103    -84.432
    20.000    -10.000      0.660    -95.351      7.717    -81.319
    25.000    -10.000      0.717   -100.256      8.304    -80.761
    30.000    -10.000      0.790   -104.385      8.670    -82.294
    35.000    -10.000      0.855   -108.390      9.167    -86.600
    40.000    -10.000      0.914   -112.275      9.118    -93.039
    45.000    -10.000      0.958   -116.706      8.589    -97.372
    50.000    -10.000      1.005   -121.075      7.377   -104.602
    55.000    -10.000      1.042   -124.816      6.068   -115.032
    60.000    -10.000      1.061   -127.663      5.086   -124.587
    65.000    -10.000      1.063   -129.589      4.627   -134.156
    70.000    -10.000      1.036   -131.218      4.183   -139.141
    75.000    -10.000      0.948   -132.976      3.455   -140.825
    80.000    -10.000      0.792   -135.552      2.483   -140.914
    85.000    -10.000      0.556   -139.298      1.388   -146.053
    90.000    -10.000      0.258   -143.437      0.352   -148.163
    95.000    -10.000      0.014   -106.186      0.014   -106.186
   100.000    -10.000      0.000      0.000      0.000      0.000
   105.000    -10.000      0.000      0.000      0.000      0.000
   110.000    -10.000      0.000      0.000      0.000      0.000
   115.000    -10.000      0.000      0.000      0.000      0.000
   120.000    -10.000      0.000      0.000      0.000      0.000
   125.000    -10.000      0.000      0.000      0.000      0.000
   130.000    -10.000      0.000      0.000      0.000      0.000
   135.000    -10.000      0.000      0.000      0.000      0.000
   140.000    -10.000      0.000      0.000      0.000      0.000
   145.000    -10.000      0.000      0.000      0.000      0.000
   -25.000     -5.000      0.000      0.000      0.000      0.000
   -20.000     -5.000      0.000      0.000      0.000      0.000
   -15.000     -5.000      0.000      0.000      0.000      0.000
   -10.000     -5.000      0.106    -74.332      0.743    -90.714
    -5.000     -5.000      0.236    -89.211      1.753    -88.904
     0.000     -5.000      0.358    -93.784      2.903    -82.639
     5.000     -5.000      0.468    -94.383      4.242    -79.034
    10.000     -5.000      0.562    -94.722      5.419    -78.813
    15.000     -5.000      0.639    -95.488      6.278    -77.996
    20.000     -5.000      0.687    -97.441      7.246    -79.438
    25.000     -5.000      0.713   -100.465      8.125    -80.239
    30.000     -5.000      0.737   -104.917      8.491    -81.781
    35.000     -5.000      0.764   -109.879      8.806    -85.889
    40.000     -5.000      0.797   -114.359      8.790    -92.250
    45.000     -5.000      0.844   -118.403      8.382    -97.333
    50.000     -5.000      0.894   -122.436      7.054   -102.516
    55.000     -5.000      0.956   -126.437      6.015   -110.121
    60.000     -5.000      1.014   -129.940      4.986   -119.468
    65.000     -5.000      1.044   -133.571      4.037   -129.793
    70.000     -5.000      1.042   -135.990      3.600   -140.948
    75.000     -5.000      0.981   -137.777      3.198   -143.635
    80.000     -5.000      0.830   -140.037      2.509   -143.284
    85.000     -5.000      0.609   -141.490      1.262   -141.563
    90.000     -5.000      0.341   -138.179      0.476   -136.377
    95.000     -5.000      0.021   -125.883      0.021   -125.883
   100.000     -5.000      0.000      0.000      0.000      0.000
   105.000     -5.000      0.000      0.000      0.000      0.000
   110.000     -5.000      0.000      0.000      0.000      0.000
   115.000     -5.000      0.000      0.000      0.000      0.000
   120.000     -5.000      0.000      0.000      0.000      0.000
   125.000     -5.000      0.000      0.000      0.000      0.000
   130.000     -5.000      0.000      0.000      0.000      0.000
   135.000     -5.000      0.000      0.000      0.000      0.000
   140.000     -5.000      0.000      0.000      0.000      0.000
   145.000     -5.000      0.000      0.000      0.000      0.000
   -25.000      0.000      0.000      0.000      0.000      0.000
   -20.000      0.000      0.000      0.000      0.000      0.000
   -15.000      0.000      0.000      0.000      0.000      0.000
   -10.000      0.000      0.153   -112.910      0.233    -61.035
    -5.000      0.000      0.266   -108.524      0.847    -49.859
     0.000      0.000      0.355   -105.751      1.656    -49.590
     5.000      0.000      0.447   -103.749      2.682    -55.283
    10.000      0.000      0.522   -102.615      4.002    -65.943
    15.000      0.000      0.579   -100.257      5.097    -69.972
    20.000      0.000      0.615    -98.784      5.970    -75.061
    25.000      0.000      0.637    -99.247      6.949    -80.597
    30.000      0.000      0.655   -101.599      7.493    -83.205
    35.000      0.000      0.663   -105.717      7.760    -86.960
    40.000      0.000      0.670   -111.781      7.897    -91.423
    45.000      0.000      0.690   -118.682      7.547    -96.413
    50.000      0.000      0.739   -125.648      6.450   -100.726
    55.000      0.000      0.794   -130.674      5.380   -105.378
    60.000      0.000      0.836   -134.298      4.465   -112.067
    65.000      0.000      0.854   -137.241      3.227   -124.762
    70.000      0.000      0.834   -140.241      2.544   -139.383
    75.000      0.000      0.780   -141.369      2.428   -148.690
    80.000      0.000      0.664   -142.016      1.740   -153.599
    85.000      0.000      0.486   -142.197      0.951   -150.323
    90.000      0.000      0.267   -138.953      0.318   -141.480
    95.000      0.000      0.016   -138.769      0.016   -138.769
   100.000      0.000      0.000      0.000      0.000      0.000
   105.000      0.000      0.000      0.000      0.000      0.000
   110.000      0.000      0.000      0.000      0.000      0.000
   115.000      0.000      0.000      0.000      0.000      0.000
   120.000      0.000      0.000      0.000      0.000      0.000
   125.000      0.000      0.000      0.000      0.000      0.000
   130.000      0.000      0.000      0.000      0.000      0.000
   135.000      0.000      0.000      0.000      0.000      0.000
   140.000      0.000      0.000      0.000      0.000      0.000
   145.000      0.000      0.000      0.000      0.000      0.000
   -25.000      5.000      0.000      0.000      0.000      0.000
   -20.000      5.000      0.000      0.000      0.000      0.000
   -15.000      5.000      0.000      0.000      0.000      0.000
   -10.000      5.000      0.127   -121.516      0.327     57.016
    -5.000      5.000      0.216   -116.193      1.212     18.572
     0.000      5.000      0.287   -110.896      1.877      5.587
     5.000      5.000      0.352   -107.141      2.241    -13.762
    10.000      5.000      0.404   -103.538      2.660    -42.466
    15.000      5.000      0.443   -100.601      3.744    -65.411
    20.000      5.000      0.482    -99.284      4.582    -72.101
    25.000      5.000      0.510    -99.257      5.242    -79.812
    30.000      5.000      0.516   -101.098      5.708    -84.794
    35.000      5.000      0.523   -104.894      6.015    -87.906
    40.000      5.000      0.521   -110.589      5.843    -91.532
    45.000      5.000      0.518   -117.147      5.495    -96.235
    50.000      5.000      0.516   -124.950      4.986   -100.035
    55.000      5.000      0.513   -132.659      3.919   -104.037
    60.000      5.000      0.516   -139.129      2.961   -108.658
    65.000      5.000      0.528   -143.574      2.039   -122.858
    70.000      5.000      0.523   -147.014      1.402   -141.621
    75.000      5.000      0.488   -148.646      1.130   -158.833
    80.000      5.000      0.416   -148.745      0.886   -171.563
    85.000      5.000      0.310   -145.130      0.598   -162.554
    90.000      5.000      0.186   -129.137      0.257   -126.248
    95.000      5.000      0.012   -132.265      0.012   -132.265
   100.000      5.000      0.000      0.000      0.000      0.000
   105.000      5.000      0.000      0.000      0.000      0.000
   110.000      5.000      0.000      0.000      0.000      0.000
   115.000      5.000      0.000      0.000      0.000      0.000
   120.000      5.000      0.000      0.000      0.000      0.000
   125.000      5.000      0.000      0.000      0.000      0.000
   130.000      5.000      0.000      0.000      0.000      0.000
   135.000      5.000      0.000      0.000      0.000      0.000
   140.000      5.000      0.000      0.000      0.000      0.000
   145.000      5.000      0.000      0.000      0.000      0.000
   -25.000     10.000      0.000      0.000      0.000      0.000
   -20.000     10.000      0.000      0.000      0.000      0.000
   -15.000     10.000      0.000      0.000      0.000      0.000
   -10.000     10.000      0.034   -166.551      0.245     40.517
    -5.000     10.000      0.068   -134.041      1.047     25.851
     0.000     10.000      0.125   -114.423      1.495     16.969
     5.000     10.000      0.187   -107.043      1.541      2.053
    10.000     10.000      0.234   -103.588      1.421    -23.506
    15.000     10.000      0.263   -102.932      1.995    -63.188
    20.000     10.000      0.270   -103.748      2.541    -72.324
    25.000     10.000      0.277   -105.563      2.853    -78.182
    30.000     10.000      0.274   -106.108      3.367    -85.344
    35.000     10.000      0.271   -106.640      3.468    -85.559
    40.000     10.000      0.256   -109.354      3.496    -89.515
    45.000     10.000      0.237   -114.502      3.094    -92.777
    50.000     10.000      0.230   -121.370      2.530    -99.085
    55.000     10.000      0.227   -130.816      1.967   -105.496
    60.000     10.000      0.219   -142.019      1.393   -108.154
    65.000     10.000      0.224   -150.350      0.938   -127.490
    70.000     10.000      0.229   -155.894      0.589   -162.566
    75.000     10.000      0.224   -160.520      0.465    179.858
    80.000     10.000      0.197   -165.917      0.328   -178.250
    85.000     10.000      0.153   -171.863      0.277    131.462
    90.000     10.000      0.089   -179.643      0.115    175.385
    95.000     10.000      0.002   -149.452      0.002   -149.452
   100.000     10.000      0.000      0.000      0.000      0.000
   105.000     10.000      0.000      0.000      0.000      0.000
   110.000     10.000      0.000      0.000      0.000      0.000
   115.000     10.000      0.000      0.000      0.000      0.000
   120.000     10.000      0.000      0.000      0.000      0.000
   125.000     10.000      0.000      0.000      0.000      0.000
   130.000     10.000      0.000      0.000      0.000      0.000
   135.000     10.000      0.000      0.000      0.000      0.000
   140.000     10.000      0.000      0.000      0.000      0.000
   145.000     10.000      0.000      0.000      0.000      0.000
   -25.000     15.000      0.000      0.000      0.000      0.000
   -20.000     15.000      0.000      0.000      0.000      0.000
   -15.000     15.000      0.000      0.000      0.000      0.000
   -10.000     15.000      0.000      0.000      0.000      0.000
    -5.000     15.000      0.000      0.000      0.000      0.000
     0.000     15.000      0.000      0.000      0.000      0.000
     5.000     15.000      0.000      0.000      0.000      0.000
    10.000     15.000      0.000      0.000      0.000      0.000
    15.000     15.000      0.000      0.000      0.000      0.000
    20.000     15.000      0.000      0.000      0.000      0.000
    25.000     15.000      0.000      0.000      0.000      0.000
    30.000     15.000      0.000      0.000      0.000      0.000
    35.000     15.000      0.000      0.000      0.000      0.000
    40.000     15.000      0.000      0.000      0.000      0.000
    45.000     15.000      0.000      0.000      0.000      0.000
    50.000     15.000      0.000      0.000      0.000      0.000
    55.000     15.000      0.000      0.000      0.000      0.000
    60.000     15.000      0.000      0.000      0.000      0.000
    65.000     15.000      0.000      0.000      0.000      0.000
    70.000     15.000      0.000      0.000      0.000      0.000
    75.000     15.000      0.000      0.000      0.000      0.000
    80.000     15.000      0.000      0.000      0.000      0.000
    85.000     15.000      0.000      0.000      0.000      0.000
    90.000     15.000      0.000      0.000      0.000      0.000
    95.000     15.000      0.000      0.000      0.000      0.000
   100.000     15.000      0.000      0.000      0.000      0.000
   105.000     15.000      0.000      0.000      0.000      0.000
   110.000     15.000      0.000      0.000      0.000      0.000
   115.000     15.000      0.000      0.000      0.000      0.000
   120.000     15.000      0.000      0.000      0.000      0.000
   125.000     15.000      0.000      0.000      0.000      0.000
   130.000     15.000      0.000      0.000      0.000      0.000
   135.000     15.000      0.000      0.000      0.000      0.000
   140.000     15.000      0.000      0.000      0.000      0.000
   145.000     15.000      0.000      0.000      0.000      0.000
   -25.000     20.000      0.000      0.000      0.000      0.000
   -20.000     20.000      0.000      0.000      0.000      0.000
   -15.000     20.000      0.000      0.000      0.000      0.000
   -10.000     20.000      0.000      0.000      0.000      0.000
    -5.000     20.000      0.000      0.000      0.000      0.000
     0.000     20.000      0.000      0.000      0.000      0.000
     5.000     20.000      0.000      0.000      0.000      0.000
    10.000     20.000      0.000      0.000      0.000      0.000
    15.000     20.000      0.000      0.000      0.000      0.000
    20.000     20.000      0.000      0.000      0.000      0.000
    25.000     20.000      0.000      0.000      0.000      0.000
    30.000     20.000      0.000      0.000      0.000      0.000
    35.000     20.000      0.000      0.000      0.000      0.000
    40.000     20.000      0.000      0.000      0.000      0.000
    45.000     20.000      0.000      0.000      0.000      0.000
    50.000     20.000      0.000      0.000      0.000      0.000
    55.000     20.000      0.000      0.000      0.000      0.000
    60.000     20.000      0.000      0.000      0.000      0.000
    65.000     20.000      0.000      0.000      0.000      0.000
    70.000     20.000      0.000      0.000      0.000      0.000
    75.000     20.000      0.000      0.000      0.000      0.000
    80.000     20.000      0.000      0.000      0.000      0.000
    85.000     20.000      0.000      0.000      0.000      0.000
    90.000     20.000      0.000      0.000      0.000      0.000
    95.000     20.000      0.000      0.000      0.000      0.000
   100.000     20.000      0.000      0.000      0.000      0.000
   105.000     20.000      0.000      0.000      0.000      0.000
   110.000     20.000      0.000      0.000      0.000      0.000
   115.000     20.000      0.000      0.000      0.000      0.000
   120.000     20.000      0.000      0.000      0.000      0.000
   125.000     20.000      0.000      0.000      0.000      0.000
   130.000     20.000      0.000      0.000      0.000      0.000
   135.000     20.000      0.000      0.000      0.000      0.000
   140.000     20.000      0.000      0.000      0.000      0.000
   145.000     20.000      0.000      0.000      0.000      0.000
   -25.000     25.000      0.000      0.000      0.000      0.000
   -20.000     25.000      0.000      0.000      0.000      0.000
   -15.000     25.000      0.000      0.000      0.000      0.000
   -10.000     25.000      0.000      0.000      0.000      0.000
    -5.000     25.000      0.000      0.000      0.000      0.000
     0.000     25.000      0.000      0.000      0.000      0.000
     5.000     25.000      0.000      0.000      0.000      0.000
    10.000     25.000      0.000      0.000      0.000      0.000
    15.000     25.000      0.000      0.000      0.000      0.000
    20.000     25.000      0.000      0.000      0.000      0.000
    25.000     25.000      0.000      0.000      0.000      0.000
    30.000     25.000      0.000      0.000      0.000      0.000
    35.000     25.000      0.000      0.000      0.000      0.000
    40.000     25.000      0.000      0.000      0.000      0.000
    45.000     25.000      0.000      0.000      0.000      0.000
    50.000     25.000      0.000      0.000      0.000      0.000
    55.000     25.000      0.000      0.000      0.000      0.000
    60.000     25.000      0.000      0.000      0.000      0.000
    65.000     25.000      0.000      0.000      0.000      0.000
    70.000     25.000      0.000      0.000      0.000      0.000
    75.000     25.000      0.000      0.000      0.000      0.000
    80.000     25.000      0.000      0.000      0.000      0.000
    85.000     25.000      0.000      0.000      0.000      0.000
    90.000     25.000      0.000      0.000      0.000      0.000
    95.000     25.000      0.000      0.000      0.000      0.000
   100.000     25.000      0.000      0.000      0.000      0.000
   105.000     25.000      0.000      0.000      0.000      0.000
   110.000     25.000      0.000      0.000      0.000      0.000
   115.000     25.000      0.000      0.000      0.000      0.000
   120.000     25.000      0.000      0.000      0.000      0.000
   125.000     25.000      0.000      0.000      0.000      0.000
   130.000     25.000      0.000      0.000      0.000      0.000
   135.000     25.000      0.000      0.000      0.000      0.000
   140.000     25.000      0.000      0.000      0.000      0.000
   145.000     25.000      0.000      0.000      0.000      0.000
