   -25.000    -65.000      0.000      0.000      0.000      0.000
   -20.000    -65.000      0.000      0.000      0.000      0.000
   -15.000    -65.000      0.000      0.000      0.000      0.000
   -10.000    -65.000      0.000      0.000      0.000      0.000
    -5.000    -65.000      0.000      0.000      0.000      0.000
     0.000    -65.000      0.000      0.000      0.000      0.000
     5.000    -65.000      0.000      0.000      0.000      0.000
    10.000    -65.000      0.000      0.000      0.000      0.000
    15.000    -65.000      0.000      0.000      0.000      0.000
    20.000    -65.000      0.000      0.000      0.000      0.000
    25.000    -65.000      0.000      0.000      0.000      0.000
    30.000    -65.000      0.000      0.000      0.000      0.000
    35.000    -65.000      0.000      0.000      0.000      0.000
    40.000    -65.000      0.000      0.000      0.000      0.000
    45.000    -65.000      0.000      0.000      0.000      0.000
    50.000    -65.000      0.000      0.000      0.000      0.000
    55.000    -65.000      0.000      0.000      0.000      0.000
    60.000    -65.000      0.000      0.000      0.000      0.000
    65.000    -65.000      0.000      0.000      0.000      0.000
    70.000    -65.000      0.000      0.000      0.000      0.000
    75.000    -65.000      0.000      0.000      0.000      0.000
    80.000    -65.000      0.000      0.000      0.000      0.000
    85.000    -65.000      0.000      0.000      0.000      0.000
    90.000    -65.000      0.000      0.000      0.000      0.000
    95.000    -65.000      0.000      0.000      0.000      0.000
   100.000    -65.000      0.000      0.000      0.000      0.000
   105.000    -65.000      0.000      0.000      0.000      0.000
   110.000    -65.000      0.000      0.000      0.000      0.000
   115.000    -65.000      0.000      0.000      0.000      0.000
   120.000    -65.000      0.000      0.000      0.000      0.000
   125.000    -65.000      0.000      0.000      0.000      0.000
   130.000    -65.000      0.000      0.000      0.000      0.000
   135.000    -65.000      0.000      0.000      0.000      0.000
   140.000    -65.000      0.000      0.000      0.000      0.000
   145.000    -65.000      0.000      0.000      0.000      0.000
   -25.000    -60.000      0.000      0.000      0.000      0.000
   -20.000    -60.000      0.000      0.000      0.000      0.000
   -15.000    -60.000      0.000      0.000      0.000      0.000
   -10.000    -60.000      0.000      0.000      0.000      0.000
    -5.000    -60.000      0.000      0.000      0.000      0.000
     0.000    -60.000      0.000      0.000      0.000      0.000
     5.000    -60.000      0.000      0.000      0.000      0.000
    10.000    -60.000      0.000      0.000      0.000      0.000
    15.000    -60.000      0.000      0.000      0.000      0.000
    20.000    -60.000      0.000      0.000      0.000      0.000
    25.000    -60.000      0.000      0.000      0.000      0.000
    30.000    -60.000      0.000      0.000      0.000      0.000
    35.000    -60.000      0.000      0.000      0.000      0.000
    40.000    -60.000      0.000      0.000      0.000      0.000
    45.000    -60.000      0.000      0.000      0.000      0.000
    50.000    -60.000      0.000      0.000      0.000      0.000
    55.000    -60.000      0.000      0.000      0.000      0.000
    60.000    -60.000      0.000      0.000      0.000      0.000
    65.000    -60.000      0.000      0.000      0.000      0.000
    70.000    -60.000      0.000      0.000      0.000      0.000
    75.000    -60.000      0.000      0.000      0.000      0.000
    80.000    -60.000      0.000      0.000      0.000      0.000
    85.000    -60.000      0.000      0.000      0.000      0.000
    90.000    -60.000      0.000      0.000      0.000      0.000
    95.000    -60.000      0.000      0.000      0.000      0.000
   100.000    -60.000      0.000      0.000      0.000      0.000
   105.000    -60.000      0.000      0.000      0.000      0.000
   110.000    -60.000      0.000      0.000      0.000      0.000
   115.000    -60.000      0.000      0.000      0.000      0.000
   120.000    -60.000      0.000      0.000      0.000      0.000
   125.000    -60.000      0.000      0.000      0.000      0.000
   130.000    -60.000      0.000      0.000      0.000      0.000
   135.000    -60.000      0.000      0.000      0.000      0.000
   140.000    -60.000      0.000      0.000      0.000      0.000
   145.000    -60.000      0.000      0.000      0.000      0.000
   -25.000    -55.000      0.000      0.000      0.000      0.000
   -20.000    -55.000      0.000      0.000      0.000      0.000
   -15.000    -55.000      0.000      0.000      0.000      0.000
   -10.000    -55.000      0.000      0.000      0.000      0.000
    -5.000    -55.000      0.000      0.000      0.000      0.000
     0.000    -55.000      0.000      0.000      0.000      0.000
     5.000    -55.000      0.000      0.000      0.000      0.000
    10.000    -55.000      0.000      0.000      0.000      0.000
    15.000    -55.000      0.000      0.000      0.000      0.000
    20.000    -55.000      0.000      0.000      0.000      0.000
    25.000    -55.000      0.000      0.000      0.000      0.000
    30.000    -55.000      0.000      0.000      0.000      0.000
    35.000    -55.000      0.000      0.000      0.000      0.000
    40.000    -55.000      0.000      0.000      0.000      0.000
    45.000    -55.000      0.000      0.000      0.000      0.000
    50.000    -55.000      0.000      0.000      0.000      0.000
    55.000    -55.000      0.000      0.000      0.000      0.000
    60.000    -55.000      0.000      0.000      0.000      0.000
    65.000    -55.000      0.000      0.000      0.000      0.000
    70.000    -55.000      0.000      0.000      0.000      0.000
    75.000    -55.000      0.000      0.000      0.000      0.000
    80.000    -55.000      0.000      0.000      0.000      0.000
    85.000    -55.000      0.000      0.000      0.000      0.000
    90.000    -55.000      0.000      0.000      0.000      0.000
    95.000    -55.000      0.000      0.000      0.000      0.000
   100.000    -55.000      0.000      0.000      0.000      0.000
   105.000    -55.000      0.000      0.000      0.000      0.000
   110.000    -55.000      0.000      0.000      0.000      0.000
   115.000    -55.000      0.000      0.000      0.000      0.000
   120.000    -55.000      0.000      0.000      0.000      0.000
   125.000    -55.000      0.000      0.000      0.000      0.000
   130.000    -55.000      0.000      0.000      0.000      0.000
   135.000    -55.000      0.000      0.000      0.000      0.000
   140.000    -55.000      0.000      0.000      0.000      0.000
   145.000    -55.000      0.000      0.000      0.000      0.000
   -25.000    -50.000      0.000      0.000      0.000      0.000
   -20.000    -50.000      0.000      0.000      0.000      0.000
   -15.000    -50.000      0.000      0.000      0.000      0.000
   -10.000    -50.000      0.045     39.570      1.359     35.490
    -5.000    -50.000      0.078     35.757      2.414     37.108
     0.000    -50.000      0.115     28.191      3.052     39.012
     5.000    -50.000      0.158     22.747      3.163     38.653
    10.000    -50.000      0.189     19.302      3.034     37.936
    15.000    -50.000      0.215     15.352      2.953     39.537
    20.000    -50.000      0.234     12.221      3.006     44.725
    25.000    -50.000      0.250      9.944      2.697     49.164
    30.000    -50.000      0.258      6.781      2.130     46.952
    35.000    -50.000      0.259      7.176      1.800     44.437
    40.000    -50.000      0.242      5.688      1.249     55.454
    45.000    -50.000      0.215      2.100      0.920     60.499
    50.000    -50.000      0.189     -1.752      0.676     75.485
    55.000    -50.000      0.170     -7.330      0.612     71.985
    60.000    -50.000      0.161     -8.306      0.543     72.674
    65.000    -50.000      0.145    -13.613      0.665     66.346
    70.000    -50.000      0.121    -26.562      0.456     38.142
    75.000    -50.000      0.107    -48.901      0.705     48.039
    80.000    -50.000      0.114    -67.127      0.700     40.313
    85.000    -50.000      0.122    -78.399      0.430     50.905
    90.000    -50.000      0.136    -87.763      0.301   -117.158
    95.000    -50.000      0.147    -97.158      0.493   -108.539
   100.000    -50.000      0.160   -102.266      0.443   -122.440
   105.000    -50.000      0.165    -92.646      0.216    -95.028
   110.000    -50.000      0.093    -81.945      0.093    -81.945
   115.000    -50.000      0.000      0.000      0.000      0.000
   120.000    -50.000      0.000      0.000      0.000      0.000
   125.000    -50.000      0.000      0.000      0.000      0.000
   130.000    -50.000      0.000      0.000      0.000      0.000
   135.000    -50.000      0.000      0.000      0.000      0.000
   140.000    -50.000      0.000      0.000      0.000      0.000
   145.000    -50.000      0.000      0.000      0.000      0.000
   -25.000    -45.000      0.000      0.000      0.000      0.000
   -20.000    -45.000      0.000      0.000      0.000      0.000
   -15.000    -45.000      0.000      0.000      0.000      0.000
   -10.000    -45.000      0.054     46.102      1.661     29.019
    -5.000    -45.000      0.092     26.046      3.049     28.282
     0.000    -45.000      0.154     17.987      4.088     27.686
     5.000    -45.000      0.219     16.265      4.572     26.110
    10.000    -45.000      0.280     13.523      4.668     25.612
    15.000    -45.000      0.345     12.628      4.626     27.796
    20.000    -45.000      0.398     11.988      4.812     36.032
    25.000    -45.000      0.423      9.147      4.381     40.760
    30.000    -45.000      0.425      5.926      3.520     41.534
    35.000    -45.000      0.415      3.985      2.544     43.945
    40.000    -45.000      0.399      1.248      1.409     43.532
    45.000    -45.000      0.385     -1.295      0.940     69.473
    50.000    -45.000      0.364     -2.637      0.540     98.896
    55.000    -45.000      0.334     -5.616      0.701     91.062
    60.000    -45.000      0.291    -10.520      0.590     77.819
    65.000    -45.000      0.240    -17.270      0.713     58.844
    70.000    -45.000      0.187    -27.075      0.700     39.253
    75.000    -45.000      0.146    -45.546      0.907     48.716
    80.000    -45.000      0.133    -72.131      0.628     43.846
    85.000    -45.000      0.143    -97.426      0.561     61.710
    90.000    -45.000      0.172   -114.293      0.053   -146.213
    95.000    -45.000      0.205   -125.678      0.446   -104.961
   100.000    -45.000      0.204   -131.779      0.627   -122.776
   105.000    -45.000      0.137   -138.072      0.222   -139.264
   110.000    -45.000      0.040    161.686      0.040    161.686
   115.000    -45.000      0.001    125.122      0.001    125.122
   120.000    -45.000      0.000      0.000      0.000      0.000
   125.000    -45.000      0.000      0.000      0.000      0.000
   130.000    -45.000      0.000      0.000      0.000      0.000
   135.000    -45.000      0.000      0.000      0.000      0.000
   140.000    -45.000      0.000      0.000      0.000      0.000
   145.000    -45.000      0.000      0.000      0.000      0.000
   -25.000    -40.000      0.000      0.000      0.000      0.000
   -20.000    -40.000      0.000      0.000      0.000      0.000
   -15.000    -40.000      0.000      0.000      0.000      0.000
   -10.000    -40.000      0.054     47.716      1.662     10.604
    -5.000    -40.000      0.101     21.357      3.083     15.164
     0.000    -40.000      0.171     12.665      3.940     13.699
     5.000    -40.000      0.245     12.135      4.374      9.087
    10.000    -40.000      0.318     11.537      4.542      6.547
    15.000    -40.000      0.380      9.064      4.394      9.120
    20.000    -40.000      0.429      5.349      4.244     14.276
    25.000    -40.000      0.462     -0.948      4.088     19.174
    30.000    -40.000      0.485     -8.090      3.198     21.413
    35.000    -40.000      0.500    -13.677      2.169     24.959
    40.000    -40.000      0.505    -17.450      1.112     30.845
    45.000    -40.000      0.493    -19.599      0.067     75.215
    50.000    -40.000      0.460    -22.188      0.810   -151.445
    55.000    -40.000      0.402    -23.414      0.873   -159.801
    60.000    -40.000      0.334    -25.165      0.637   -162.466
    65.000    -40.000      0.262    -29.240      0.442   -114.716
    70.000    -40.000      0.186    -36.991      0.345    -31.693
    75.000    -40.000      0.122    -57.185      0.429     38.523
    80.000    -40.000      0.106   -100.975      0.191     59.643
    85.000    -40.000      0.145   -127.146      0.193    162.376
    90.000    -40.000      0.178   -138.672      0.328   -161.675
    95.000    -40.000      0.199   -146.736      0.133   -128.455
   100.000    -40.000      0.182   -155.626      0.339   -122.720
   105.000    -40.000      0.133    173.831      0.120   -157.147
   110.000    -40.000      0.148    135.734      0.174    142.464
   115.000    -40.000      0.004   -137.077      0.004   -137.077
   120.000    -40.000      0.000      0.000      0.000      0.000
   125.000    -40.000      0.000      0.000      0.000      0.000
   130.000    -40.000      0.000      0.000      0.000      0.000
   135.000    -40.000      0.000      0.000      0.000      0.000
   140.000    -40.000      0.000      0.000      0.000      0.000
   145.000    -40.000      0.000      0.000      0.000      0.000
   -25.000    -35.000      0.000      0.000      0.000      0.000
   -20.000    -35.000      0.000      0.000      0.000      0.000
   -15.000    -35.000      0.000      0.000      0.000      0.000
   -10.000    -35.000      0.051    -19.049      1.453    -14.387
    -5.000    -35.000      0.127     -9.676      2.722    -12.187
     0.000    -35.000      0.214     -3.508      3.774    -17.622
     5.000    -35.000      0.287     -2.811      4.607    -22.590
    10.000    -35.000      0.347     -4.791      4.956    -24.629
    15.000    -35.000      0.390    -10.656      4.664    -22.188
    20.000    -35.000      0.421    -15.967      4.319    -24.252
    25.000    -35.000      0.446    -22.631      3.881    -22.596
    30.000    -35.000      0.474    -28.202      3.239    -30.468
    35.000    -35.000      0.502    -32.719      2.104    -48.858
    40.000    -35.000      0.522    -36.852      1.526    -86.936
    45.000    -35.000      0.525    -41.280      2.223   -113.547
    50.000    -35.000      0.510    -45.684      2.824   -129.296
    55.000    -35.000      0.475    -51.443      3.034   -137.259
    60.000    -35.000      0.419    -58.152      2.852   -136.442
    65.000    -35.000      0.362    -69.082      2.411   -126.016
    70.000    -35.000      0.299    -82.467      1.673   -117.581
    75.000    -35.000      0.250    -95.747      1.006   -121.882
    80.000    -35.000      0.217   -110.056      0.613   -147.136
    85.000    -35.000      0.197   -123.002      0.674   -175.886
    90.000    -35.000      0.171   -135.462      0.867   -149.811
    95.000    -35.000      0.134   -149.158      0.400   -129.698
   100.000    -35.000      0.080    179.534      0.161   -143.727
   105.000    -35.000      0.111    106.868      0.074     64.657
   110.000    -35.000      0.177     92.863      0.237     91.170
   115.000    -35.000      0.022    -90.699      0.022    -90.699
   120.000    -35.000      0.000      0.000      0.000      0.000
   125.000    -35.000      0.000      0.000      0.000      0.000
   130.000    -35.000      0.000      0.000      0.000      0.000
   135.000    -35.000      0.000      0.000      0.000      0.000
   140.000    -35.000      0.000      0.000      0.000      0.000
   145.000    -35.000      0.000      0.000      0.000      0.000
   -25.000    -30.000      0.000      0.000      0.000      0.000
   -20.000    -30.000      0.000      0.000      0.000      0.000
   -15.000    -30.000      0.000      0.000      0.000      0.000
   -10.000    -30.000      0.082    -30.611      1.412    -40.634
    -5.000    -30.000      0.166    -13.058      2.892    -40.717
     0.000    -30.000      0.245     -5.827      4.459    -45.193
     5.000    -30.000      0.299     -6.796      5.754    -49.651
    10.000    -30.000      0.341    -11.721      6.492    -52.088
    15.000    -30.000      0.381    -19.796      6.466    -52.939
    20.000    -30.000      0.417    -28.879      6.228    -54.050
    25.000    -30.000      0.447    -37.326      5.782    -59.369
    30.000    -30.000      0.470    -45.492      5.204    -68.485
    35.000    -30.000      0.495    -53.313      5.302    -82.451
    40.000    -30.000      0.527    -59.958      4.871    -99.190
    45.000    -30.000      0.571    -67.015      5.136   -113.050
    50.000    -30.000      0.602    -73.740      5.777   -124.257
    55.000    -30.000      0.611    -79.545      6.189   -130.664
    60.000    -30.000      0.590    -84.312      5.976   -133.579
    65.000    -30.000      0.552    -89.435      5.312   -129.209
    70.000    -30.000      0.494    -95.130      4.056   -125.695
    75.000    -30.000      0.428   -101.993      2.806   -129.049
    80.000    -30.000      0.355   -109.448      1.806   -149.864
    85.000    -30.000      0.273   -115.963      1.389   -176.198
    90.000    -30.000      0.175   -123.595      1.245   -172.183
    95.000    -30.000      0.064   -148.097      0.726   -156.145
   100.000    -30.000      0.070     99.443      0.189    156.030
   105.000    -30.000      0.159     87.161      0.202     85.640
   110.000    -30.000      0.191     91.687      0.458     91.327
   115.000    -30.000      0.038   -141.383      0.038   -141.383
   120.000    -30.000      0.000      0.000      0.000      0.000
   125.000    -30.000      0.000      0.000      0.000      0.000
   130.000    -30.000      0.000      0.000      0.000      0.000
   135.000    -30.000      0.000      0.000      0.000      0.000
   140.000    -30.000      0.000      0.000      0.000      0.000
   145.000    -30.000      0.000      0.000      0.000      0.000
   -25.000    -25.000      0.000      0.000      0.000      0.000
   -20.000    -25.000      0.000      0.000      0.000      0.000
   -15.000    -25.000      0.000      0.000      0.000      0.000
   -10.000    -25.000      0.099    -21.712      1.680    -72.645
    -5.000    -25.000      0.185    -18.597      3.535    -69.745
     0.000    -25.000      0.256    -11.076      5.474    -67.042
     5.000    -25.000      0.300     -8.427      7.134    -65.689
    10.000    -25.000      0.330    -13.829      8.110    -65.711
    15.000    -25.000      0.367    -25.414      8.552    -68.113
    20.000    -25.000      0.406    -35.785      8.652    -69.841
    25.000    -25.000      0.444    -47.038      8.760    -76.010
    30.000    -25.000      0.486    -58.852      8.577    -82.557
    35.000    -25.000      0.552    -72.112      8.853    -90.061
    40.000    -25.000      0.624    -82.450      8.808    -99.973
    45.000    -25.000      0.700    -89.335      8.738   -108.375
    50.000    -25.000      0.755    -93.995      8.863   -119.069
    55.000    -25.000      0.781    -96.890      9.047   -126.901
    60.000    -25.000      0.774    -99.140      9.010   -131.199
    65.000    -25.000      0.731   -101.319      8.558   -129.756
    70.000    -25.000      0.667   -104.300      6.834   -127.112
    75.000    -25.000      0.573   -107.426      4.894   -128.286
    80.000    -25.000      0.449   -111.231      3.240   -141.279
    85.000    -25.000      0.318   -116.344      2.211   -164.708
    90.000    -25.000      0.190   -126.985      1.796   -175.609
    95.000    -25.000      0.075   -160.392      1.107   -173.198
   100.000    -25.000      0.072    117.897      0.585    164.808
   105.000    -25.000      0.115     90.427      0.282    102.599
   110.000    -25.000      0.133     81.521      0.298     88.258
   115.000    -25.000      0.054     64.839      0.054     64.839
   120.000    -25.000      0.002   -100.679      0.002   -100.679
   125.000    -25.000      0.000      0.000      0.000      0.000
   130.000    -25.000      0.000      0.000      0.000      0.000
   135.000    -25.000      0.000      0.000      0.000      0.000
   140.000    -25.000      0.000      0.000      0.000      0.000
   145.000    -25.000      0.000      0.000      0.000      0.000
   -25.000    -20.000      0.000      0.000      0.000      0.000
   -20.000    -20.000      0.000      0.000      0.000      0.000
   -15.000    -20.000      0.000      0.000      0.000      0.000
   -10.000    -20.000      0.109     -3.561      2.366    -82.675
    -5.000    -20.000      0.207    -14.626      4.448    -82.382
     0.000    -20.000      0.281    -15.421      6.413    -80.164
     5.000    -20.000      0.320    -17.708      8.142    -77.640
    10.000    -20.000      0.337    -22.012      9.384    -76.181
    15.000    -20.000      0.362    -35.024     10.110    -76.262
    20.000    -20.000      0.403    -50.439     10.726    -76.568
    25.000    -20.000      0.455    -65.327     11.311    -81.145
    30.000    -20.000      0.528    -78.967     11.767    -86.855
    35.000    -20.000      0.619    -89.813     12.104    -92.363
    40.000    -20.000      0.711    -96.694     12.105    -98.836
    45.000    -20.000      0.791   -101.599     12.008   -105.546
    50.000    -20.000      0.856   -105.124     11.576   -115.762
    55.000    -20.000      0.881   -107.855     11.360   -122.911
    60.000    -20.000      0.883   -110.013     11.019   -129.610
    65.000    -20.000      0.842   -112.069     10.510   -131.634
    70.000    -20.000      0.776   -114.370      9.384   -129.941
    75.000    -20.000      0.673   -116.968      7.105   -132.053
    80.000    -20.000      0.531   -120.964      4.895   -138.179
    85.000    -20.000      0.370   -126.106      3.196   -152.925
    90.000    -20.000      0.217   -134.948      2.102   -167.313
    95.000    -20.000      0.088   -158.698      1.233    170.315
   100.000    -20.000      0.038    120.293      0.587    159.282
   105.000    -20.000      0.061     55.773      0.164    154.255
   110.000    -20.000      0.065     18.131      0.080      7.650
   115.000    -20.000      0.070     29.098      0.095     37.158
   120.000    -20.000      0.001    -12.715      0.001    -12.715
   125.000    -20.000      0.000      0.000      0.000      0.000
   130.000    -20.000      0.000      0.000      0.000      0.000
   135.000    -20.000      0.000      0.000      0.000      0.000
   140.000    -20.000      0.000      0.000      0.000      0.000
   145.000    -20.000      0.000      0.000      0.000      0.000
   -25.000    -15.000      0.000      0.000      0.000      0.000
   -20.000    -15.000      0.000      0.000      0.000      0.000
   -15.000    -15.000      0.000      0.000      0.000      0.000
   -10.000    -15.000      0.123    -36.973      2.578    -89.519
    -5.000    -15.000      0.200    -43.757      4.934    -87.562
     0.000    -15.000      0.240    -37.935      6.926    -85.038
     5.000    -15.000      0.259    -34.719      8.592    -82.861
    10.000    -15.000      0.269    -38.657      9.900    -81.336
    15.000    -15.000      0.325    -55.624     10.957    -80.685
    20.000    -15.000      0.405    -70.312     11.901    -80.736
    25.000    -15.000      0.488    -82.998     12.645    -83.611
    30.000    -15.000      0.574    -93.485     13.601    -88.141
    35.000    -15.000      0.674   -101.016     14.333    -93.401
    40.000    -15.000      0.760   -106.345     14.410   -100.000
    45.000    -15.000      0.831   -110.429     14.067   -105.386
    50.000    -15.000      0.888   -113.551     13.866   -112.633
    55.000    -15.000      0.920   -116.181     12.908   -120.848
    60.000    -15.000      0.922   -118.776     12.385   -127.217
    65.000    -15.000      0.881   -121.145     11.618   -131.301
    70.000    -15.000      0.799   -123.665     10.675   -132.140
    75.000    -15.000      0.686   -126.478      8.679   -134.039
    80.000    -15.000      0.546   -129.528      6.525   -136.592
    85.000    -15.000      0.385   -134.165      4.225   -144.638
    90.000    -15.000      0.218   -145.255      2.211   -157.599
    95.000    -15.000      0.098   -175.147      1.008    169.064
   100.000    -15.000      0.054    127.500      0.691    122.556
   105.000    -15.000      0.035     70.960      0.312    113.989
   110.000    -15.000      0.047    -27.333      0.024   -131.782
   115.000    -15.000      0.074    -21.791      0.093    -15.408
   120.000    -15.000      0.002    -33.194      0.002    -33.194
   125.000    -15.000      0.000      0.000      0.000      0.000
   130.000    -15.000      0.000      0.000      0.000      0.000
   135.000    -15.000      0.000      0.000      0.000      0.000
   140.000    -15.000      0.000      0.000      0.000      0.000
   145.000    -15.000      0.000      0.000      0.000      0.000
   -25.000    -10.000      0.000      0.000      0.000      0.000
   -20.000    -10.000      0.000      0.000      0.000      0.000
   -15.000    -10.000      0.000      0.000      0.000      0.000
   -10.000    -10.000      0.033    -67.376      2.159    -96.883
    -5.000    -10.000      0.030    -71.813      4.235    -91.221
     0.000    -10.000      0.039    -39.950      6.063    -86.988
     5.000    -10.000      0.051    -59.631      7.902    -84.159
    10.000    -10.000      0.155    -54.163      9.599    -82.870
    15.000    -10.000      0.300    -73.765     10.894    -82.941
    20.000    -10.000      0.427    -83.467     12.133    -82.844
    25.000    -10.000      0.532    -92.074     13.225    -84.822
    30.000    -10.000      0.619    -99.838     14.023    -88.404
    35.000    -10.000      0.697   -106.511     14.970    -93.616
    40.000    -10.000      0.767   -112.334     15.417   -100.144
    45.000    -10.000      0.840   -117.022     15.353   -105.275
    50.000    -10.000      0.893   -120.515     14.601   -111.759
    55.000    -10.000      0.912   -123.253     13.636   -118.932
    60.000    -10.000      0.889   -125.791     12.735   -124.606
    65.000    -10.000      0.832   -128.369     12.052   -129.728
    70.000    -10.000      0.736   -131.070     11.077   -133.025
    75.000    -10.000      0.621   -133.952      9.528   -135.207
    80.000    -10.000      0.489   -138.019      7.451   -137.179
    85.000    -10.000      0.343   -145.486      4.997   -141.455
    90.000    -10.000      0.212   -160.497      2.478   -147.698
    95.000    -10.000      0.127    173.005      0.776   -177.350
   100.000    -10.000      0.080    140.581      0.880     94.307
   105.000    -10.000      0.037    124.971      0.777     81.343
   110.000    -10.000      0.021   -123.679      0.048   -165.229
   115.000    -10.000      0.032    -91.475      0.025    -87.402
   120.000    -10.000      0.001    -55.125      0.001    -55.125
   125.000    -10.000      0.000      0.000      0.000      0.000
   130.000    -10.000      0.000      0.000      0.000      0.000
   135.000    -10.000      0.000      0.000      0.000      0.000
   140.000    -10.000      0.000      0.000      0.000      0.000
   145.000    -10.000      0.000      0.000      0.000      0.000
   -25.000     -5.000      0.000      0.000      0.000      0.000
   -20.000     -5.000      0.000      0.000      0.000      0.000
   -15.000     -5.000      0.000      0.000      0.000      0.000
   -10.000     -5.000      0.039    -93.327      1.574    -91.115
    -5.000     -5.000      0.000   -123.269      3.006    -89.708
     0.000     -5.000      0.001   -116.528      4.618    -85.504
     5.000     -5.000      0.001   -101.398      6.420    -82.567
    10.000     -5.000      0.046    -79.705      8.159    -81.942
    15.000     -5.000      0.263    -82.499      9.784    -81.904
    20.000     -5.000      0.390    -89.075     11.386    -84.024
    25.000     -5.000      0.471    -97.289     12.759    -86.207
    30.000     -5.000      0.540   -105.254     13.534    -89.287
    35.000     -5.000      0.609   -112.474     14.260    -94.054
    40.000     -5.000      0.675   -118.321     14.685   -100.261
    45.000     -5.000      0.732   -122.276     14.678   -105.643
    50.000     -5.000      0.778   -125.403     13.735   -111.249
    55.000     -5.000      0.795   -127.963     13.028   -117.321
    60.000     -5.000      0.791   -129.917     12.166   -123.333
    65.000     -5.000      0.752   -132.238     11.130   -128.775
    70.000     -5.000      0.684   -134.921     10.283   -133.958
    75.000     -5.000      0.592   -137.944      9.215   -136.170
    80.000     -5.000      0.476   -142.590      7.590   -137.283
    85.000     -5.000      0.341   -149.976      5.118   -137.980
    90.000     -5.000      0.206   -165.957      2.854   -139.903
    95.000     -5.000      0.120    156.117      0.801   -157.137
   100.000     -5.000      0.103    109.042      0.865     78.334
   105.000     -5.000      0.099     84.948      0.935     64.232
   110.000     -5.000      0.052     88.710      0.304     61.745
   115.000     -5.000      0.047   -159.932      0.070   -154.846
   120.000     -5.000      0.002   -137.238      0.002   -137.238
   125.000     -5.000      0.000      0.000      0.000      0.000
   130.000     -5.000      0.000      0.000      0.000      0.000
   135.000     -5.000      0.000      0.000      0.000      0.000
   140.000     -5.000      0.000      0.000      0.000      0.000
   145.000     -5.000      0.000      0.000      0.000      0.000
   -25.000      0.000      0.000      0.000      0.000      0.000
   -20.000      0.000      0.000      0.000      0.000      0.000
   -15.000      0.000      0.000      0.000      0.000      0.000
   -10.000      0.000      0.009    -43.201      0.756    -84.229
    -5.000      0.000      0.000   -100.426      1.691    -76.013
     0.000      0.000      0.000   -115.705      2.801    -71.639
     5.000      0.000      0.001   -108.435      4.209    -71.584
    10.000      0.000      0.045    -99.841      6.167    -76.567
    15.000      0.000      0.200    -83.934      7.979    -78.968
    20.000      0.000      0.292    -89.879      9.455    -82.967
    25.000      0.000      0.360    -97.997     10.918    -87.553
    30.000      0.000      0.428   -106.485     11.816    -90.814
    35.000      0.000      0.483   -114.062     12.405    -95.110
    40.000      0.000      0.541   -119.681     12.870    -99.899
    45.000      0.000      0.591   -123.595     12.850   -105.156
    50.000      0.000      0.636   -126.671     12.065   -110.313
    55.000      0.000      0.670   -128.386     11.277   -115.351
    60.000      0.000      0.684   -129.606     10.575   -120.704
    65.000      0.000      0.670   -130.879      9.410   -127.652
    70.000      0.000      0.635   -133.243      8.505   -133.528
    75.000      0.000      0.566   -136.279      7.866   -137.632
    80.000      0.000      0.454   -140.865      6.413   -139.534
    85.000      0.000      0.319   -149.131      4.630   -139.060
    90.000      0.000      0.185   -165.404      2.733   -138.995
    95.000      0.000      0.098    145.498      0.992   -146.467
   100.000      0.000      0.127     85.159      0.342     67.710
   105.000      0.000      0.167     66.429      0.827     55.530
   110.000      0.000      0.149     60.103      0.519     56.621
   115.000      0.000      0.065     66.919      0.088     59.166
   120.000      0.000      0.001    139.663      0.001    139.663
   125.000      0.000      0.000      0.000      0.000      0.000
   130.000      0.000      0.000      0.000      0.000      0.000
   135.000      0.000      0.000      0.000      0.000      0.000
   140.000      0.000      0.000      0.000      0.000      0.000
   145.000      0.000      0.000      0.000      0.000      0.000
   -25.000      5.000      0.000      0.000      0.000      0.000
   -20.000      5.000      0.000      0.000      0.000      0.000
   -15.000      5.000      0.000      0.000      0.000      0.000
   -10.000      5.000      0.025     96.009      0.107    -41.598
    -5.000      5.000      0.000   -113.629      1.047    -22.879
     0.000      5.000      0.000   -112.878      1.826    -27.212
     5.000      5.000      0.000   -139.527      2.576    -42.312
    10.000      5.000      0.067    -87.534      3.915    -64.050
    15.000      5.000      0.174    -88.328      5.798    -77.178
    20.000      5.000      0.261    -92.784      7.120    -81.687
    25.000      5.000      0.322    -96.977      8.178    -87.447
    30.000      5.000      0.367   -102.668      8.941    -91.935
    35.000      5.000      0.403   -108.447      9.468    -95.560
    40.000      5.000      0.423   -114.729      9.502   -100.005
    45.000      5.000      0.445   -120.128      9.381   -105.242
    50.000      5.000      0.475   -124.554      9.103   -109.958
    55.000      5.000      0.505   -127.647      8.272   -115.215
    60.000      5.000      0.525   -129.415      7.503   -120.304
    65.000      5.000      0.522   -130.292      6.700   -127.772
    70.000      5.000      0.494   -131.473      5.933   -134.010
    75.000      5.000      0.442   -132.376      5.265   -138.508
    80.000      5.000      0.359   -135.011      4.427   -141.458
    85.000      5.000      0.252   -139.384      3.477   -140.328
    90.000      5.000      0.132   -151.683      2.252   -136.557
    95.000      5.000      0.048    134.986      0.997   -142.318
   100.000      5.000      0.123     67.344      0.146    161.241
   105.000      5.000      0.182     57.844      0.314     51.553
   110.000      5.000      0.176     53.698      0.468     54.015
   115.000      5.000      0.084     48.284      0.111     50.553
   120.000      5.000      0.002     74.042      0.002     74.042
   125.000      5.000      0.000      0.000      0.000      0.000
   130.000      5.000      0.000      0.000      0.000      0.000
   135.000      5.000      0.000      0.000      0.000      0.000
   140.000      5.000      0.000      0.000      0.000      0.000
   145.000      5.000      0.000      0.000      0.000      0.000
   -25.000     10.000      0.000      0.000      0.000      0.000
   -20.000     10.000      0.000      0.000      0.000      0.000
   -15.000     10.000      0.000      0.000      0.000      0.000
   -10.000     10.000      0.029   -154.599      0.189    -64.832
    -5.000     10.000      0.057    -81.013      0.863    -13.441
     0.000     10.000      0.048   -103.352      1.282    -14.540
     5.000     10.000      0.042   -126.945      1.495    -29.338
    10.000     10.000      0.036     40.893      1.815    -50.006
    15.000     10.000      0.086    -82.884      2.994    -75.469
    20.000     10.000      0.161    -94.146      3.849    -81.636
    25.000     10.000      0.208    -99.837      4.393    -86.416
    30.000     10.000      0.237   -103.827      5.095    -91.970
    35.000     10.000      0.244   -108.718      5.296    -93.852
    40.000     10.000      0.254   -113.217      5.448    -98.334
    45.000     10.000      0.263   -117.637      5.168   -103.127
    50.000     10.000      0.282   -120.927      4.759   -109.928
    55.000     10.000      0.288   -124.158      4.330   -116.343
    60.000     10.000      0.289   -127.080      3.846   -120.793
    65.000     10.000      0.280   -128.919      3.458   -129.344
    70.000     10.000      0.262   -129.510      2.979   -137.701
    75.000     10.000      0.231   -128.712      2.629   -140.943
    80.000     10.000      0.177   -126.710      2.257   -140.772
    85.000     10.000      0.119   -123.649      1.624   -146.181
    90.000     10.000      0.063   -120.896      1.191   -142.256
    95.000     10.000      0.004    -80.131      0.553   -140.919
   100.000     10.000      0.061     59.477      0.076    147.141
   105.000     10.000      0.113     63.028      0.214     69.567
   110.000     10.000      0.135     63.210      0.184     57.383
   115.000     10.000      0.092     64.988      0.119     65.396
   120.000     10.000      0.002    -98.366      0.002    -98.366
   125.000     10.000      0.000      0.000      0.000      0.000
   130.000     10.000      0.000      0.000      0.000      0.000
   135.000     10.000      0.000      0.000      0.000      0.000
   140.000     10.000      0.000      0.000      0.000      0.000
   145.000     10.000      0.000      0.000      0.000      0.000
   -25.000     15.000      0.000      0.000      0.000      0.000
   -20.000     15.000      0.000      0.000      0.000      0.000
   -15.000     15.000      0.000      0.000      0.000      0.000
   -10.000     15.000      0.000      0.000      0.000      0.000
    -5.000     15.000      0.000      0.000      0.000      0.000
     0.000     15.000      0.000      0.000      0.000      0.000
     5.000     15.000      0.000      0.000      0.000      0.000
    10.000     15.000      0.000      0.000      0.000      0.000
    15.000     15.000      0.000      0.000      0.000      0.000
    20.000     15.000      0.000      0.000      0.000      0.000
    25.000     15.000      0.000      0.000      0.000      0.000
    30.000     15.000      0.000      0.000      0.000      0.000
    35.000     15.000      0.000      0.000      0.000      0.000
    40.000     15.000      0.000      0.000      0.000      0.000
    45.000     15.000      0.000      0.000      0.000      0.000
    50.000     15.000      0.000      0.000      0.000      0.000
    55.000     15.000      0.000      0.000      0.000      0.000
    60.000     15.000      0.000      0.000      0.000      0.000
    65.000     15.000      0.000      0.000      0.000      0.000
    70.000     15.000      0.000      0.000      0.000      0.000
    75.000     15.000      0.000      0.000      0.000      0.000
    80.000     15.000      0.000      0.000      0.000      0.000
    85.000     15.000      0.000      0.000      0.000      0.000
    90.000     15.000      0.000      0.000      0.000      0.000
    95.000     15.000      0.000      0.000      0.000      0.000
   100.000     15.000      0.000      0.000      0.000      0.000
   105.000     15.000      0.000      0.000      0.000      0.000
   110.000     15.000      0.000      0.000      0.000      0.000
   115.000     15.000      0.000      0.000      0.000      0.000
   120.000     15.000      0.000      0.000      0.000      0.000
   125.000     15.000      0.000      0.000      0.000      0.000
   130.000     15.000      0.000      0.000      0.000      0.000
   135.000     15.000      0.000      0.000      0.000      0.000
   140.000     15.000      0.000      0.000      0.000      0.000
   145.000     15.000      0.000      0.000      0.000      0.000
   -25.000     20.000      0.000      0.000      0.000      0.000
   -20.000     20.000      0.000      0.000      0.000      0.000
   -15.000     20.000      0.000      0.000      0.000      0.000
   -10.000     20.000      0.000      0.000      0.000      0.000
    -5.000     20.000      0.000      0.000      0.000      0.000
     0.000     20.000      0.000      0.000      0.000      0.000
     5.000     20.000      0.000      0.000      0.000      0.000
    10.000     20.000      0.000      0.000      0.000      0.000
    15.000     20.000      0.000      0.000      0.000      0.000
    20.000     20.000      0.000      0.000      0.000      0.000
    25.000     20.000      0.000      0.000      0.000      0.000
    30.000     20.000      0.000      0.000      0.000      0.000
    35.000     20.000      0.000      0.000      0.000      0.000
    40.000     20.000      0.000      0.000      0.000      0.000
    45.000     20.000      0.000      0.000      0.000      0.000
    50.000     20.000      0.000      0.000      0.000      0.000
    55.000     20.000      0.000      0.000      0.000      0.000
    60.000     20.000      0.000      0.000      0.000      0.000
    65.000     20.000      0.000      0.000      0.000      0.000
    70.000     20.000      0.000      0.000      0.000      0.000
    75.000     20.000      0.000      0.000      0.000      0.000
    80.000     20.000      0.000      0.000      0.000      0.000
    85.000     20.000      0.000      0.000      0.000      0.000
    90.000     20.000      0.000      0.000      0.000      0.000
    95.000     20.000      0.000      0.000      0.000      0.000
   100.000     20.000      0.000      0.000      0.000      0.000
   105.000     20.000      0.000      0.000      0.000      0.000
   110.000     20.000      0.000      0.000      0.000      0.000
   115.000     20.000      0.000      0.000      0.000      0.000
   120.000     20.000      0.000      0.000      0.000      0.000
   125.000     20.000      0.000      0.000      0.000      0.000
   130.000     20.000      0.000      0.000      0.000      0.000
   135.000     20.000      0.000      0.000      0.000      0.000
   140.000     20.000      0.000      0.000      0.000      0.000
   145.000     20.000      0.000      0.000      0.000      0.000
   -25.000     25.000      0.000      0.000      0.000      0.000
   -20.000     25.000      0.000      0.000      0.000      0.000
   -15.000     25.000      0.000      0.000      0.000      0.000
   -10.000     25.000      0.000      0.000      0.000      0.000
    -5.000     25.000      0.000      0.000      0.000      0.000
     0.000     25.000      0.000      0.000      0.000      0.000
     5.000     25.000      0.000      0.000      0.000      0.000
    10.000     25.000      0.000      0.000      0.000      0.000
    15.000     25.000      0.000      0.000      0.000      0.000
    20.000     25.000      0.000      0.000      0.000      0.000
    25.000     25.000      0.000      0.000      0.000      0.000
    30.000     25.000      0.000      0.000      0.000      0.000
    35.000     25.000      0.000      0.000      0.000      0.000
    40.000     25.000      0.000      0.000      0.000      0.000
    45.000     25.000      0.000      0.000      0.000      0.000
    50.000     25.000      0.000      0.000      0.000      0.000
    55.000     25.000      0.000      0.000      0.000      0.000
    60.000     25.000      0.000      0.000      0.000      0.000
    65.000     25.000      0.000      0.000      0.000      0.000
    70.000     25.000      0.000      0.000      0.000      0.000
    75.000     25.000      0.000      0.000      0.000      0.000
    80.000     25.000      0.000      0.000      0.000      0.000
    85.000     25.000      0.000      0.000      0.000      0.000
    90.000     25.000      0.000      0.000      0.000      0.000
    95.000     25.000      0.000      0.000      0.000      0.000
   100.000     25.000      0.000      0.000      0.000      0.000
   105.000     25.000      0.000      0.000      0.000      0.000
   110.000     25.000      0.000      0.000      0.000      0.000
   115.000     25.000      0.000      0.000      0.000      0.000
   120.000     25.000      0.000      0.000      0.000      0.000
   125.000     25.000      0.000      0.000      0.000      0.000
   130.000     25.000      0.000      0.000      0.000      0.000
   135.000     25.000      0.000      0.000      0.000      0.000
   140.000     25.000      0.000      0.000      0.000      0.000
   145.000     25.000      0.000      0.000      0.000      0.000
