   -25.000    -70.000      0.000      0.000      0.000      0.000
   -20.000    -70.000      0.000      0.000      0.000      0.000
   -15.000    -70.000      0.000      0.000      0.000      0.000
   -10.000    -70.000      0.000      0.000      0.000      0.000
    -5.000    -70.000      0.000      0.000      0.000      0.000
     0.000    -70.000      0.000      0.000      0.000      0.000
     5.000    -70.000      0.000      0.000      0.000      0.000
    10.000    -70.000      0.000      0.000      0.000      0.000
    15.000    -70.000      0.000      0.000      0.000      0.000
    20.000    -70.000      0.000      0.000      0.000      0.000
    25.000    -70.000      0.000      0.000      0.000      0.000
    30.000    -70.000      0.000      0.000      0.000      0.000
    35.000    -70.000      0.000      0.000      0.000      0.000
    40.000    -70.000      0.000      0.000      0.000      0.000
    45.000    -70.000      0.000      0.000      0.000      0.000
    50.000    -70.000      0.000      0.000      0.000      0.000
    55.000    -70.000      0.000      0.000      0.000      0.000
    60.000    -70.000      0.000      0.000      0.000      0.000
    65.000    -70.000      0.000      0.000      0.000      0.000
    70.000    -70.000      0.000      0.000      0.000      0.000
    75.000    -70.000      0.000      0.000      0.000      0.000
    80.000    -70.000      0.000      0.000      0.000      0.000
    85.000    -70.000      0.000      0.000      0.000      0.000
    90.000    -70.000      0.000      0.000      0.000      0.000
    95.000    -70.000      0.000      0.000      0.000      0.000
   100.000    -70.000      0.000      0.000      0.000      0.000
   105.000    -70.000      0.000      0.000      0.000      0.000
   110.000    -70.000      0.000      0.000      0.000      0.000
   115.000    -70.000      0.000      0.000      0.000      0.000
   120.000    -70.000      0.000      0.000      0.000      0.000
   125.000    -70.000      0.000      0.000      0.000      0.000
   130.000    -70.000      0.000      0.000      0.000      0.000
   135.000    -70.000      0.000      0.000      0.000      0.000
   140.000    -70.000      0.000      0.000      0.000      0.000
   145.000    -70.000      0.000      0.000      0.000      0.000
   -25.000    -65.000      0.000      0.000      0.000      0.000
   -20.000    -65.000      0.000      0.000      0.000      0.000
   -15.000    -65.000      0.000      0.000      0.000      0.000
   -10.000    -65.000      0.000      0.000      0.000      0.000
    -5.000    -65.000      0.000      0.000      0.000      0.000
     0.000    -65.000      0.000      0.000      0.000      0.000
     5.000    -65.000      0.000      0.000      0.000      0.000
    10.000    -65.000      0.000      0.000      0.000      0.000
    15.000    -65.000      0.000      0.000      0.000      0.000
    20.000    -65.000      0.000      0.000      0.000      0.000
    25.000    -65.000      0.000      0.000      0.000      0.000
    30.000    -65.000      0.000      0.000      0.000      0.000
    35.000    -65.000      0.000      0.000      0.000      0.000
    40.000    -65.000      0.000      0.000      0.000      0.000
    45.000    -65.000      0.000      0.000      0.000      0.000
    50.000    -65.000      0.000      0.000      0.000      0.000
    55.000    -65.000      0.000      0.000      0.000      0.000
    60.000    -65.000      0.000      0.000      0.000      0.000
    65.000    -65.000      0.000      0.000      0.000      0.000
    70.000    -65.000      0.000      0.000      0.000      0.000
    75.000    -65.000      0.000      0.000      0.000      0.000
    80.000    -65.000      0.000      0.000      0.000      0.000
    85.000    -65.000      0.000      0.000      0.000      0.000
    90.000    -65.000      0.000      0.000      0.000      0.000
    95.000    -65.000      0.000      0.000      0.000      0.000
   100.000    -65.000      0.000      0.000      0.000      0.000
   105.000    -65.000      0.000      0.000      0.000      0.000
   110.000    -65.000      0.000      0.000      0.000      0.000
   115.000    -65.000      0.000      0.000      0.000      0.000
   120.000    -65.000      0.000      0.000      0.000      0.000
   125.000    -65.000      0.000      0.000      0.000      0.000
   130.000    -65.000      0.000      0.000      0.000      0.000
   135.000    -65.000      0.000      0.000      0.000      0.000
   140.000    -65.000      0.000      0.000      0.000      0.000
   145.000    -65.000      0.000      0.000      0.000      0.000
   -25.000    -60.000      0.000      0.000      0.000      0.000
   -20.000    -60.000      0.000      0.000      0.000      0.000
   -15.000    -60.000      0.000      0.000      0.000      0.000
   -10.000    -60.000      0.000      0.000      0.000      0.000
    -5.000    -60.000      0.000      0.000      0.000      0.000
     0.000    -60.000      0.000      0.000      0.000      0.000
     5.000    -60.000      0.000      0.000      0.000      0.000
    10.000    -60.000      0.000      0.000      0.000      0.000
    15.000    -60.000      0.000      0.000      0.000      0.000
    20.000    -60.000      0.000      0.000      0.000      0.000
    25.000    -60.000      0.000      0.000      0.000      0.000
    30.000    -60.000      0.000      0.000      0.000      0.000
    35.000    -60.000      0.000      0.000      0.000      0.000
    40.000    -60.000      0.000      0.000      0.000      0.000
    45.000    -60.000      0.000      0.000      0.000      0.000
    50.000    -60.000      0.000      0.000      0.000      0.000
    55.000    -60.000      0.000      0.000      0.000      0.000
    60.000    -60.000      0.000      0.000      0.000      0.000
    65.000    -60.000      0.000      0.000      0.000      0.000
    70.000    -60.000      0.000      0.000      0.000      0.000
    75.000    -60.000      0.000      0.000      0.000      0.000
    80.000    -60.000      0.000      0.000      0.000      0.000
    85.000    -60.000      0.000      0.000      0.000      0.000
    90.000    -60.000      0.000      0.000      0.000      0.000
    95.000    -60.000      0.000      0.000      0.000      0.000
   100.000    -60.000      0.000      0.000      0.000      0.000
   105.000    -60.000      0.000      0.000      0.000      0.000
   110.000    -60.000      0.000      0.000      0.000      0.000
   115.000    -60.000      0.000      0.000      0.000      0.000
   120.000    -60.000      0.000      0.000      0.000      0.000
   125.000    -60.000      0.000      0.000      0.000      0.000
   130.000    -60.000      0.000      0.000      0.000      0.000
   135.000    -60.000      0.000      0.000      0.000      0.000
   140.000    -60.000      0.000      0.000      0.000      0.000
   145.000    -60.000      0.000      0.000      0.000      0.000
   -25.000    -55.000      0.000      0.000      0.000      0.000
   -20.000    -55.000      0.000      0.000      0.000      0.000
   -15.000    -55.000      0.000      0.000      0.000      0.000
   -10.000    -55.000      0.159     56.897      0.428     73.236
    -5.000    -55.000      0.239     61.124      1.100     75.382
     0.000    -55.000      0.274     64.709      1.783     78.768
     5.000    -55.000      0.287     68.081      2.224     81.665
    10.000    -55.000      0.300     71.898      2.506     80.373
    15.000    -55.000      0.298     76.038      2.730     82.754
    20.000    -55.000      0.282     81.113      2.552     86.409
    25.000    -55.000      0.252     86.426      1.613     87.010
    30.000    -55.000      0.202     93.588      1.168     80.647
    35.000    -55.000      0.155    109.538      0.954     85.134
    40.000    -55.000      0.151    127.601      0.789    107.621
    45.000    -55.000      0.169    145.182      0.797    106.297
    50.000    -55.000      0.200    160.678      0.740    107.805
    55.000    -55.000      0.230    168.837      0.592    139.683
    60.000    -55.000      0.229    177.719      0.650    149.110
    65.000    -55.000      0.217   -163.563      0.329   -176.025
    70.000    -55.000      0.221   -133.983      0.304   -128.505
    75.000    -55.000      0.061    174.365      0.061    174.365
    80.000    -55.000      0.000      0.000      0.000      0.000
    85.000    -55.000      0.000      0.000      0.000      0.000
    90.000    -55.000      0.000      0.000      0.000      0.000
    95.000    -55.000      0.000      0.000      0.000      0.000
   100.000    -55.000      0.000      0.000      0.000      0.000
   105.000    -55.000      0.000      0.000      0.000      0.000
   110.000    -55.000      0.000      0.000      0.000      0.000
   115.000    -55.000      0.000      0.000      0.000      0.000
   120.000    -55.000      0.000      0.000      0.000      0.000
   125.000    -55.000      0.000      0.000      0.000      0.000
   130.000    -55.000      0.000      0.000      0.000      0.000
   135.000    -55.000      0.000      0.000      0.000      0.000
   140.000    -55.000      0.000      0.000      0.000      0.000
   145.000    -55.000      0.000      0.000      0.000      0.000
   -25.000    -50.000      0.000      0.000      0.000      0.000
   -20.000    -50.000      0.000      0.000      0.000      0.000
   -15.000    -50.000      0.000      0.000      0.000      0.000
   -10.000    -50.000      0.230     72.991      0.637    117.473
    -5.000    -50.000      0.369     71.065      1.501    103.508
     0.000    -50.000      0.458     69.429      2.413     97.572
     5.000    -50.000      0.475     68.666      3.138     94.026
    10.000    -50.000      0.463     68.492      3.691     90.085
    15.000    -50.000      0.430     70.840      4.035     89.162
    20.000    -50.000      0.396     76.611      3.714     91.001
    25.000    -50.000      0.350     85.651      2.972     92.594
    30.000    -50.000      0.311     99.721      1.846     96.271
    35.000    -50.000      0.282    120.375      1.536    102.187
    40.000    -50.000      0.285    140.498      1.076    126.520
    45.000    -50.000      0.325    155.294      1.303    134.000
    50.000    -50.000      0.368    161.758      1.220    151.964
    55.000    -50.000      0.383    166.535      1.064    155.288
    60.000    -50.000      0.351    169.495      1.110    142.224
    65.000    -50.000      0.256    177.025      0.576    149.508
    70.000    -50.000      0.149   -153.869      0.277   -142.449
    75.000    -50.000      0.007   -170.405      0.017    -84.845
    80.000    -50.000      0.003    -97.576      0.003    -97.576
    85.000    -50.000      0.000      0.000      0.000      0.000
    90.000    -50.000      0.000      0.000      0.000      0.000
    95.000    -50.000      0.000      0.000      0.000      0.000
   100.000    -50.000      0.000      0.000      0.000      0.000
   105.000    -50.000      0.000      0.000      0.000      0.000
   110.000    -50.000      0.000      0.000      0.000      0.000
   115.000    -50.000      0.000      0.000      0.000      0.000
   120.000    -50.000      0.000      0.000      0.000      0.000
   125.000    -50.000      0.000      0.000      0.000      0.000
   130.000    -50.000      0.000      0.000      0.000      0.000
   135.000    -50.000      0.000      0.000      0.000      0.000
   140.000    -50.000      0.000      0.000      0.000      0.000
   145.000    -50.000      0.000      0.000      0.000      0.000
   -25.000    -45.000      0.000      0.000      0.000      0.000
   -20.000    -45.000      0.000      0.000      0.000      0.000
   -15.000    -45.000      0.000      0.000      0.000      0.000
   -10.000    -45.000      0.181     75.377      1.197    125.806
    -5.000    -45.000      0.362     70.767      1.850    129.855
     0.000    -45.000      0.484     67.855      2.192    126.964
     5.000    -45.000      0.542     66.446      2.558    122.910
    10.000    -45.000      0.529     65.405      2.917    119.767
    15.000    -45.000      0.472     68.523      3.069    117.747
    20.000    -45.000      0.394     77.011      2.902    107.361
    25.000    -45.000      0.321     91.769      2.500    108.979
    30.000    -45.000      0.278    114.696      1.732    119.510
    35.000    -45.000      0.278    141.841      1.364    131.153
    40.000    -45.000      0.327    159.515      1.111    144.885
    45.000    -45.000      0.376    168.622      1.304    159.814
    50.000    -45.000      0.400    173.165      1.579    166.034
    55.000    -45.000      0.406    173.831      1.623    156.513
    60.000    -45.000      0.365    169.891      1.401    156.628
    65.000    -45.000      0.265    164.284      0.849    155.157
    70.000    -45.000      0.124    151.653      0.240    163.191
    75.000    -45.000      0.066     67.878      0.038     86.312
    80.000    -45.000      0.051    -24.417      0.051    -24.417
    85.000    -45.000      0.000      0.000      0.000      0.000
    90.000    -45.000      0.000      0.000      0.000      0.000
    95.000    -45.000      0.000      0.000      0.000      0.000
   100.000    -45.000      0.000      0.000      0.000      0.000
   105.000    -45.000      0.000      0.000      0.000      0.000
   110.000    -45.000      0.000      0.000      0.000      0.000
   115.000    -45.000      0.000      0.000      0.000      0.000
   120.000    -45.000      0.000      0.000      0.000      0.000
   125.000    -45.000      0.000      0.000      0.000      0.000
   130.000    -45.000      0.000      0.000      0.000      0.000
   135.000    -45.000      0.000      0.000      0.000      0.000
   140.000    -45.000      0.000      0.000      0.000      0.000
   145.000    -45.000      0.000      0.000      0.000      0.000
   -25.000    -40.000      0.000      0.000      0.000      0.000
   -20.000    -40.000      0.000      0.000      0.000      0.000
   -15.000    -40.000      0.000      0.000      0.000      0.000
   -10.000    -40.000      0.087     33.306      1.399    168.054
    -5.000    -40.000      0.236     55.603      2.223    167.459
     0.000    -40.000      0.366     63.655      2.644    165.932
     5.000    -40.000      0.447     67.244      2.938    166.127
    10.000    -40.000      0.438     69.853      3.060    168.983
    15.000    -40.000      0.399     74.682      2.897    174.850
    20.000    -40.000      0.332     82.706      2.326    176.146
    25.000    -40.000      0.242     99.529      1.709    178.703
    30.000    -40.000      0.196    133.757      1.462   -168.637
    35.000    -40.000      0.232    165.789      1.652   -170.342
    40.000    -40.000      0.313   -178.621      1.722   -172.350
    45.000    -40.000      0.391   -171.307      1.722   -163.515
    50.000    -40.000      0.439   -168.729      1.859   -168.774
    55.000    -40.000      0.445   -166.035      1.877    171.772
    60.000    -40.000      0.389   -166.853      1.690    170.824
    65.000    -40.000      0.278   -169.660      1.195    175.515
    70.000    -40.000      0.138   -173.687      0.486    165.371
    75.000    -40.000      0.010     88.599      0.112    102.562
    80.000    -40.000      0.094    -41.467      0.128    -39.335
    85.000    -40.000      0.002     32.957      0.002     32.957
    90.000    -40.000      0.000      0.000      0.000      0.000
    95.000    -40.000      0.000      0.000      0.000      0.000
   100.000    -40.000      0.000      0.000      0.000      0.000
   105.000    -40.000      0.000      0.000      0.000      0.000
   110.000    -40.000      0.000      0.000      0.000      0.000
   115.000    -40.000      0.000      0.000      0.000      0.000
   120.000    -40.000      0.000      0.000      0.000      0.000
   125.000    -40.000      0.000      0.000      0.000      0.000
   130.000    -40.000      0.000      0.000      0.000      0.000
   135.000    -40.000      0.000      0.000      0.000      0.000
   140.000    -40.000      0.000      0.000      0.000      0.000
   145.000    -40.000      0.000      0.000      0.000      0.000
   -25.000    -35.000      0.000      0.000      0.000      0.000
   -20.000    -35.000      0.000      0.000      0.000      0.000
   -15.000    -35.000      0.000      0.000      0.000      0.000
   -10.000    -35.000      0.108     51.688      1.705   -165.094
    -5.000    -35.000      0.175     44.668      2.870   -158.231
     0.000    -35.000      0.206     42.500      3.736   -151.374
     5.000    -35.000      0.192     43.918      4.540   -145.613
    10.000    -35.000      0.153     49.624      4.853   -143.025
    15.000    -35.000      0.086     58.326      4.550   -142.499
    20.000    -35.000      0.023    153.940      4.224   -138.745
    25.000    -35.000      0.121   -142.576      3.344   -133.420
    30.000    -35.000      0.223   -140.298      3.180   -125.491
    35.000    -35.000      0.316   -141.105      3.487   -123.882
    40.000    -35.000      0.414   -142.951      2.941   -132.069
    45.000    -35.000      0.481   -147.869      2.782   -134.038
    50.000    -35.000      0.527   -150.819      2.673   -141.602
    55.000    -35.000      0.529   -152.146      2.343   -156.993
    60.000    -35.000      0.474   -151.324      2.124   -168.159
    65.000    -35.000      0.395   -143.012      1.575   -164.557
    70.000    -35.000      0.326   -126.402      0.976   -143.762
    75.000    -35.000      0.284   -103.757      0.644   -108.918
    80.000    -35.000      0.267    -87.283      0.470    -81.793
    85.000    -35.000      0.110   -104.366      0.110   -104.366
    90.000    -35.000      0.000      0.000      0.000      0.000
    95.000    -35.000      0.000      0.000      0.000      0.000
   100.000    -35.000      0.000      0.000      0.000      0.000
   105.000    -35.000      0.000      0.000      0.000      0.000
   110.000    -35.000      0.000      0.000      0.000      0.000
   115.000    -35.000      0.000      0.000      0.000      0.000
   120.000    -35.000      0.000      0.000      0.000      0.000
   125.000    -35.000      0.000      0.000      0.000      0.000
   130.000    -35.000      0.000      0.000      0.000      0.000
   135.000    -35.000      0.000      0.000      0.000      0.000
   140.000    -35.000      0.000      0.000      0.000      0.000
   145.000    -35.000      0.000      0.000      0.000      0.000
   -25.000    -30.000      0.000      0.000      0.000      0.000
   -20.000    -30.000      0.000      0.000      0.000      0.000
   -15.000    -30.000      0.000      0.000      0.000      0.000
   -10.000    -30.000      0.106     71.030      2.212   -140.080
    -5.000    -30.000      0.072     47.439      3.819   -136.760
     0.000    -30.000      0.077    -23.296      5.038   -133.513
     5.000    -30.000      0.148    -56.228      6.162   -130.621
    10.000    -30.000      0.222    -72.446      6.839   -127.238
    15.000    -30.000      0.294    -85.779      6.727   -122.450
    20.000    -30.000      0.351    -97.763      6.194   -117.309
    25.000    -30.000      0.428   -109.104      5.812   -112.898
    30.000    -30.000      0.509   -117.262      5.631   -109.184
    35.000    -30.000      0.577   -123.564      5.528   -107.742
    40.000    -30.000      0.626   -128.035      5.115   -110.310
    45.000    -30.000      0.644   -132.605      4.572   -111.845
    50.000    -30.000      0.641   -135.951      3.734   -118.499
    55.000    -30.000      0.615   -137.361      3.153   -131.068
    60.000    -30.000      0.575   -134.805      2.816   -141.212
    65.000    -30.000      0.556   -126.893      2.487   -144.694
    70.000    -30.000      0.565   -115.008      1.849   -131.636
    75.000    -30.000      0.552   -102.456      1.711   -106.148
    80.000    -30.000      0.470    -91.747      0.971    -91.439
    85.000    -30.000      0.039    -43.741      0.039    -43.741
    90.000    -30.000      0.001   -117.592      0.001   -117.592
    95.000    -30.000      0.000      0.000      0.000      0.000
   100.000    -30.000      0.000      0.000      0.000      0.000
   105.000    -30.000      0.000      0.000      0.000      0.000
   110.000    -30.000      0.000      0.000      0.000      0.000
   115.000    -30.000      0.000      0.000      0.000      0.000
   120.000    -30.000      0.000      0.000      0.000      0.000
   125.000    -30.000      0.000      0.000      0.000      0.000
   130.000    -30.000      0.000      0.000      0.000      0.000
   135.000    -30.000      0.000      0.000      0.000      0.000
   140.000    -30.000      0.000      0.000      0.000      0.000
   145.000    -30.000      0.000      0.000      0.000      0.000
   -25.000    -25.000      0.000      0.000      0.000      0.000
   -20.000    -25.000      0.000      0.000      0.000      0.000
   -15.000    -25.000      0.000      0.000      0.000      0.000
   -10.000    -25.000      0.053    -56.633      2.677   -123.853
    -5.000    -25.000      0.101    -69.043      4.737   -122.115
     0.000    -25.000      0.181    -80.535      6.244   -120.428
     5.000    -25.000      0.288    -87.799      7.333   -118.643
    10.000    -25.000      0.411    -92.941      7.789   -115.605
    15.000    -25.000      0.525    -95.960      7.537   -109.294
    20.000    -25.000      0.625    -99.255      7.246   -102.744
    25.000    -25.000      0.706   -103.570      7.443    -98.075
    30.000    -25.000      0.751   -107.490      7.742    -96.297
    35.000    -25.000      0.779   -111.508      7.571    -95.672
    40.000    -25.000      0.791   -115.931      7.124    -95.521
    45.000    -25.000      0.799   -119.771      6.633    -95.036
    50.000    -25.000      0.796   -122.763      5.345   -100.702
    55.000    -25.000      0.790   -124.497      3.957   -110.941
    60.000    -25.000      0.777   -123.762      3.198   -125.714
    65.000    -25.000      0.778   -119.438      2.957   -130.336
    70.000    -25.000      0.785   -113.824      2.405   -129.498
    75.000    -25.000      0.758   -108.010      1.808   -117.544
    80.000    -25.000      0.614   -102.767      1.449   -104.398
    85.000    -25.000      0.267    -96.491      0.344    -94.680
    90.000    -25.000      0.004   -124.757      0.004   -124.757
    95.000    -25.000      0.000      0.000      0.000      0.000
   100.000    -25.000      0.000      0.000      0.000      0.000
   105.000    -25.000      0.000      0.000      0.000      0.000
   110.000    -25.000      0.000      0.000      0.000      0.000
   115.000    -25.000      0.000      0.000      0.000      0.000
   120.000    -25.000      0.000      0.000      0.000      0.000
   125.000    -25.000      0.000      0.000      0.000      0.000
   130.000    -25.000      0.000      0.000      0.000      0.000
   135.000    -25.000      0.000      0.000      0.000      0.000
   140.000    -25.000      0.000      0.000      0.000      0.000
   145.000    -25.000      0.000      0.000      0.000      0.000
   -25.000    -20.000      0.000      0.000      0.000      0.000
   -20.000    -20.000      0.000      0.000      0.000      0.000
   -15.000    -20.000      0.000      0.000      0.000      0.000
   -10.000    -20.000      0.139    -86.076      2.658   -115.037
    -5.000    -20.000      0.257    -94.278      4.874   -115.572
     0.000    -20.000      0.371    -98.538      6.454   -114.074
     5.000    -20.000      0.471   -100.480      7.396   -110.909
    10.000    -20.000      0.585   -100.877      7.785   -105.852
    15.000    -20.000      0.674   -100.733      7.725    -99.091
    20.000    -20.000      0.753   -101.216      7.753    -91.619
    25.000    -20.000      0.826   -102.045      7.969    -87.271
    30.000    -20.000      0.876   -102.871      8.744    -86.109
    35.000    -20.000      0.911   -104.528      9.035    -86.719
    40.000    -20.000      0.923   -106.850      8.584    -88.949
    45.000    -20.000      0.920   -109.194      7.802    -88.529
    50.000    -20.000      0.908   -112.161      6.836    -91.541
    55.000    -20.000      0.899   -115.846      5.012    -97.142
    60.000    -20.000      0.895   -118.943      3.234   -112.034
    65.000    -20.000      0.889   -121.252      2.647   -121.830
    70.000    -20.000      0.858   -122.086      2.271   -127.936
    75.000    -20.000      0.790   -121.246      1.893   -127.842
    80.000    -20.000      0.650   -120.695      1.254   -124.618
    85.000    -20.000      0.390   -122.605      0.471   -124.054
    90.000    -20.000      0.171   -125.740      0.171   -125.740
    95.000    -20.000      0.000      0.000      0.000      0.000
   100.000    -20.000      0.000      0.000      0.000      0.000
   105.000    -20.000      0.000      0.000      0.000      0.000
   110.000    -20.000      0.000      0.000      0.000      0.000
   115.000    -20.000      0.000      0.000      0.000      0.000
   120.000    -20.000      0.000      0.000      0.000      0.000
   125.000    -20.000      0.000      0.000      0.000      0.000
   130.000    -20.000      0.000      0.000      0.000      0.000
   135.000    -20.000      0.000      0.000      0.000      0.000
   140.000    -20.000      0.000      0.000      0.000      0.000
   145.000    -20.000      0.000      0.000      0.000      0.000
   -25.000    -15.000      0.000      0.000      0.000      0.000
   -20.000    -15.000      0.000      0.000      0.000      0.000
   -15.000    -15.000      0.000      0.000      0.000      0.000
   -10.000    -15.000      0.147   -128.464      2.398   -101.122
    -5.000    -15.000      0.304   -117.206      4.200   -102.082
     0.000    -15.000      0.452   -112.041      5.772   -100.024
     5.000    -15.000      0.572   -108.498      6.654    -97.111
    10.000    -15.000      0.674   -106.048      6.748    -92.854
    15.000    -15.000      0.747   -103.395      6.977    -85.909
    20.000    -15.000      0.805   -100.592      7.376    -78.560
    25.000    -15.000      0.863    -98.822      8.075    -76.300
    30.000    -15.000      0.907    -98.498      8.811    -76.806
    35.000    -15.000      0.920    -99.221      9.121    -78.502
    40.000    -15.000      0.925   -101.671      8.981    -83.362
    45.000    -15.000      0.925   -105.247      8.382    -84.986
    50.000    -15.000      0.913   -109.187      7.096    -85.332
    55.000    -15.000      0.902   -113.435      5.265    -87.632
    60.000    -15.000      0.884   -117.249      3.300    -93.989
    65.000    -15.000      0.850   -121.393      2.351   -104.356
    70.000    -15.000      0.803   -125.247      2.019   -114.968
    75.000    -15.000      0.731   -128.471      1.564   -124.631
    80.000    -15.000      0.608   -130.767      1.043   -129.283
    85.000    -15.000      0.382   -134.731      0.475   -133.379
    90.000    -15.000      0.098   -152.292      0.098   -152.292
    95.000    -15.000      0.000      0.000      0.000      0.000
   100.000    -15.000      0.000      0.000      0.000      0.000
   105.000    -15.000      0.000      0.000      0.000      0.000
   110.000    -15.000      0.000      0.000      0.000      0.000
   115.000    -15.000      0.000      0.000      0.000      0.000
   120.000    -15.000      0.000      0.000      0.000      0.000
   125.000    -15.000      0.000      0.000      0.000      0.000
   130.000    -15.000      0.000      0.000      0.000      0.000
   135.000    -15.000      0.000      0.000      0.000      0.000
   140.000    -15.000      0.000      0.000      0.000      0.000
   145.000    -15.000      0.000      0.000      0.000      0.000
   -25.000    -10.000      0.000      0.000      0.000      0.000
   -20.000    -10.000      0.000      0.000      0.000      0.000
   -15.000    -10.000      0.000      0.000      0.000      0.000
   -10.000    -10.000      0.194   -143.665      1.413    -77.786
    -5.000    -10.000      0.304   -133.484      2.623    -80.634
     0.000    -10.000      0.399   -122.921      3.953    -79.160
     5.000    -10.000      0.493   -114.712      5.005    -75.932
    10.000    -10.000      0.584   -108.526      5.399    -71.151
    15.000    -10.000      0.674   -103.129      5.869    -64.168
    20.000    -10.000      0.750    -99.656      6.526    -61.550
    25.000    -10.000      0.828    -97.912      7.450    -65.280
    30.000    -10.000      0.896    -97.122      8.370    -68.472
    35.000    -10.000      0.934    -97.368      8.717    -71.986
    40.000    -10.000      0.939    -99.086      8.352    -76.898
    45.000    -10.000      0.904   -101.639      8.149    -81.614
    50.000    -10.000      0.847   -105.831      7.092    -82.500
    55.000    -10.000      0.789   -110.771      5.093    -80.593
    60.000    -10.000      0.749   -115.291      3.740    -82.124
    65.000    -10.000      0.703   -119.813      2.540    -88.048
    70.000    -10.000      0.649   -123.382      1.855    -96.935
    75.000    -10.000      0.589   -125.274      1.286   -118.871
    80.000    -10.000      0.490   -126.841      0.887   -126.043
    85.000    -10.000      0.331   -128.131      0.608   -127.308
    90.000    -10.000      0.098   -115.371      0.098   -115.371
    95.000    -10.000      0.000      0.000      0.000      0.000
   100.000    -10.000      0.000      0.000      0.000      0.000
   105.000    -10.000      0.000      0.000      0.000      0.000
   110.000    -10.000      0.000      0.000      0.000      0.000
   115.000    -10.000      0.000      0.000      0.000      0.000
   120.000    -10.000      0.000      0.000      0.000      0.000
   125.000    -10.000      0.000      0.000      0.000      0.000
   130.000    -10.000      0.000      0.000      0.000      0.000
   135.000    -10.000      0.000      0.000      0.000      0.000
   140.000    -10.000      0.000      0.000      0.000      0.000
   145.000    -10.000      0.000      0.000      0.000      0.000
   -25.000     -5.000      0.000      0.000      0.000      0.000
   -20.000     -5.000      0.000      0.000      0.000      0.000
   -15.000     -5.000      0.000      0.000      0.000      0.000
   -10.000     -5.000      0.131   -138.202      0.933    -32.709
    -5.000     -5.000      0.196   -133.870      1.775    -35.295
     0.000     -5.000      0.265   -124.665      2.913    -41.536
     5.000     -5.000      0.348   -116.115      3.911    -43.874
    10.000     -5.000      0.424   -110.716      4.160    -40.902
    15.000     -5.000      0.505   -106.107      4.994    -45.135
    20.000     -5.000      0.575   -103.030      5.790    -47.717
    25.000     -5.000      0.652   -101.599      6.560    -58.016
    30.000     -5.000      0.725   -100.800      7.289    -63.521
    35.000     -5.000      0.770   -100.053      7.686    -67.857
    40.000     -5.000      0.784    -99.301      7.326    -70.040
    45.000     -5.000      0.768    -99.163      6.935    -76.122
    50.000     -5.000      0.727    -99.800      6.248    -80.022
    55.000     -5.000      0.657   -101.493      4.816    -77.788
    60.000     -5.000      0.574   -104.722      3.282    -74.639
    65.000     -5.000      0.493   -108.907      2.361    -78.174
    70.000     -5.000      0.426   -115.111      1.366    -81.165
    75.000     -5.000      0.380   -122.779      0.600    -98.311
    80.000     -5.000      0.316   -131.227      0.539   -133.306
    85.000     -5.000      0.220   -140.579      0.378   -149.058
    90.000     -5.000      0.023    144.542      0.023    144.542
    95.000     -5.000      0.000      0.000      0.000      0.000
   100.000     -5.000      0.000      0.000      0.000      0.000
   105.000     -5.000      0.000      0.000      0.000      0.000
   110.000     -5.000      0.000      0.000      0.000      0.000
   115.000     -5.000      0.000      0.000      0.000      0.000
   120.000     -5.000      0.000      0.000      0.000      0.000
   125.000     -5.000      0.000      0.000      0.000      0.000
   130.000     -5.000      0.000      0.000      0.000      0.000
   135.000     -5.000      0.000      0.000      0.000      0.000
   140.000     -5.000      0.000      0.000      0.000      0.000
   145.000     -5.000      0.000      0.000      0.000      0.000
   -25.000      0.000      0.000      0.000      0.000      0.000
   -20.000      0.000      0.000      0.000      0.000      0.000
   -15.000      0.000      0.000      0.000      0.000      0.000
   -10.000      0.000      0.033    -90.396      0.816     -8.063
    -5.000      0.000      0.096   -117.220      1.750    -16.680
     0.000      0.000      0.171   -120.938      2.551    -22.793
     5.000      0.000      0.248   -119.523      3.112    -24.331
    10.000      0.000      0.317   -116.662      3.426    -18.346
    15.000      0.000      0.383   -112.943      3.850    -25.874
    20.000      0.000      0.430   -110.195      4.514    -37.745
    25.000      0.000      0.466   -108.360      4.854    -48.279
    30.000      0.000      0.493   -106.751      5.331    -60.413
    35.000      0.000      0.514   -104.304      5.602    -65.223
    40.000      0.000      0.527   -100.954      5.464    -66.495
    45.000      0.000      0.530    -97.283      5.242    -70.585
    50.000      0.000      0.512    -94.701      4.544    -75.392
    55.000      0.000      0.475    -93.193      3.794    -76.331
    60.000      0.000      0.416    -93.689      2.880    -72.605
    65.000      0.000      0.345    -95.573      1.953    -73.299
    70.000      0.000      0.264   -102.306      0.993    -74.853
    75.000      0.000      0.203   -115.730      0.549    -88.544
    80.000      0.000      0.164   -134.557      0.353   -112.419
    85.000      0.000      0.131   -155.114      0.174   -167.888
    90.000      0.000      0.046   -179.667      0.046   -179.667
    95.000      0.000      0.000      0.000      0.000      0.000
   100.000      0.000      0.000      0.000      0.000      0.000
   105.000      0.000      0.000      0.000      0.000      0.000
   110.000      0.000      0.000      0.000      0.000      0.000
   115.000      0.000      0.000      0.000      0.000      0.000
   120.000      0.000      0.000      0.000      0.000      0.000
   125.000      0.000      0.000      0.000      0.000      0.000
   130.000      0.000      0.000      0.000      0.000      0.000
   135.000      0.000      0.000      0.000      0.000      0.000
   140.000      0.000      0.000      0.000      0.000      0.000
   145.000      0.000      0.000      0.000      0.000      0.000
   -25.000      5.000      0.000      0.000      0.000      0.000
   -20.000      5.000      0.000      0.000      0.000      0.000
   -15.000      5.000      0.000      0.000      0.000      0.000
   -10.000      5.000      0.051    -78.560      0.556     27.753
    -5.000      5.000      0.074    -90.690      1.228    -27.211
     0.000      5.000      0.095   -103.854      1.851    -27.034
     5.000      5.000      0.128   -113.760      2.054    -20.123
    10.000      5.000      0.161   -118.453      1.943     -2.682
    15.000      5.000      0.209   -117.915      2.407     -6.006
    20.000      5.000      0.251   -113.920      2.676    -31.469
    25.000      5.000      0.283   -109.739      2.810    -44.112
    30.000      5.000      0.306   -105.200      2.756    -54.638
    35.000      5.000      0.304   -102.287      2.895    -63.879
    40.000      5.000      0.296   -100.491      2.601    -63.696
    45.000      5.000      0.275   -100.191      2.538    -65.666
    50.000      5.000      0.253    -98.259      2.224    -67.607
    55.000      5.000      0.234    -93.074      1.938    -70.590
    60.000      5.000      0.205    -88.256      1.708    -74.569
    65.000      5.000      0.182    -85.522      1.040    -62.619
    70.000      5.000      0.149    -87.330      0.560    -64.288
    75.000      5.000      0.113    -90.706      0.386    -80.586
    80.000      5.000      0.081    -93.242      0.230   -109.535
    85.000      5.000      0.069    -94.652      0.253    -96.703
    90.000      5.000      0.052   -102.432      0.052   -102.432
    95.000      5.000      0.000      0.000      0.000      0.000
   100.000      5.000      0.000      0.000      0.000      0.000
   105.000      5.000      0.000      0.000      0.000      0.000
   110.000      5.000      0.000      0.000      0.000      0.000
   115.000      5.000      0.000      0.000      0.000      0.000
   120.000      5.000      0.000      0.000      0.000      0.000
   125.000      5.000      0.000      0.000      0.000      0.000
   130.000      5.000      0.000      0.000      0.000      0.000
   135.000      5.000      0.000      0.000      0.000      0.000
   140.000      5.000      0.000      0.000      0.000      0.000
   145.000      5.000      0.000      0.000      0.000      0.000
   -25.000     10.000      0.000      0.000      0.000      0.000
   -20.000     10.000      0.000      0.000      0.000      0.000
   -15.000     10.000      0.000      0.000      0.000      0.000
   -10.000     10.000      0.000      0.000      0.000      0.000
    -5.000     10.000      0.000      0.000      0.000      0.000
     0.000     10.000      0.000      0.000      0.000      0.000
     5.000     10.000      0.000      0.000      0.000      0.000
    10.000     10.000      0.000      0.000      0.000      0.000
    15.000     10.000      0.000      0.000      0.000      0.000
    20.000     10.000      0.000      0.000      0.000      0.000
    25.000     10.000      0.000      0.000      0.000      0.000
    30.000     10.000      0.000      0.000      0.000      0.000
    35.000     10.000      0.000      0.000      0.000      0.000
    40.000     10.000      0.000      0.000      0.000      0.000
    45.000     10.000      0.000      0.000      0.000      0.000
    50.000     10.000      0.000      0.000      0.000      0.000
    55.000     10.000      0.000      0.000      0.000      0.000
    60.000     10.000      0.000      0.000      0.000      0.000
    65.000     10.000      0.000      0.000      0.000      0.000
    70.000     10.000      0.000      0.000      0.000      0.000
    75.000     10.000      0.000      0.000      0.000      0.000
    80.000     10.000      0.000      0.000      0.000      0.000
    85.000     10.000      0.000      0.000      0.000      0.000
    90.000     10.000      0.000      0.000      0.000      0.000
    95.000     10.000      0.000      0.000      0.000      0.000
   100.000     10.000      0.000      0.000      0.000      0.000
   105.000     10.000      0.000      0.000      0.000      0.000
   110.000     10.000      0.000      0.000      0.000      0.000
   115.000     10.000      0.000      0.000      0.000      0.000
   120.000     10.000      0.000      0.000      0.000      0.000
   125.000     10.000      0.000      0.000      0.000      0.000
   130.000     10.000      0.000      0.000      0.000      0.000
   135.000     10.000      0.000      0.000      0.000      0.000
   140.000     10.000      0.000      0.000      0.000      0.000
   145.000     10.000      0.000      0.000      0.000      0.000
   -25.000     15.000      0.000      0.000      0.000      0.000
   -20.000     15.000      0.000      0.000      0.000      0.000
   -15.000     15.000      0.000      0.000      0.000      0.000
   -10.000     15.000      0.000      0.000      0.000      0.000
    -5.000     15.000      0.000      0.000      0.000      0.000
     0.000     15.000      0.000      0.000      0.000      0.000
     5.000     15.000      0.000      0.000      0.000      0.000
    10.000     15.000      0.000      0.000      0.000      0.000
    15.000     15.000      0.000      0.000      0.000      0.000
    20.000     15.000      0.000      0.000      0.000      0.000
    25.000     15.000      0.000      0.000      0.000      0.000
    30.000     15.000      0.000      0.000      0.000      0.000
    35.000     15.000      0.000      0.000      0.000      0.000
    40.000     15.000      0.000      0.000      0.000      0.000
    45.000     15.000      0.000      0.000      0.000      0.000
    50.000     15.000      0.000      0.000      0.000      0.000
    55.000     15.000      0.000      0.000      0.000      0.000
    60.000     15.000      0.000      0.000      0.000      0.000
    65.000     15.000      0.000      0.000      0.000      0.000
    70.000     15.000      0.000      0.000      0.000      0.000
    75.000     15.000      0.000      0.000      0.000      0.000
    80.000     15.000      0.000      0.000      0.000      0.000
    85.000     15.000      0.000      0.000      0.000      0.000
    90.000     15.000      0.000      0.000      0.000      0.000
    95.000     15.000      0.000      0.000      0.000      0.000
   100.000     15.000      0.000      0.000      0.000      0.000
   105.000     15.000      0.000      0.000      0.000      0.000
   110.000     15.000      0.000      0.000      0.000      0.000
   115.000     15.000      0.000      0.000      0.000      0.000
   120.000     15.000      0.000      0.000      0.000      0.000
   125.000     15.000      0.000      0.000      0.000      0.000
   130.000     15.000      0.000      0.000      0.000      0.000
   135.000     15.000      0.000      0.000      0.000      0.000
   140.000     15.000      0.000      0.000      0.000      0.000
   145.000     15.000      0.000      0.000      0.000      0.000
   -25.000     20.000      0.000      0.000      0.000      0.000
   -20.000     20.000      0.000      0.000      0.000      0.000
   -15.000     20.000      0.000      0.000      0.000      0.000
   -10.000     20.000      0.000      0.000      0.000      0.000
    -5.000     20.000      0.000      0.000      0.000      0.000
     0.000     20.000      0.000      0.000      0.000      0.000
     5.000     20.000      0.000      0.000      0.000      0.000
    10.000     20.000      0.000      0.000      0.000      0.000
    15.000     20.000      0.000      0.000      0.000      0.000
    20.000     20.000      0.000      0.000      0.000      0.000
    25.000     20.000      0.000      0.000      0.000      0.000
    30.000     20.000      0.000      0.000      0.000      0.000
    35.000     20.000      0.000      0.000      0.000      0.000
    40.000     20.000      0.000      0.000      0.000      0.000
    45.000     20.000      0.000      0.000      0.000      0.000
    50.000     20.000      0.000      0.000      0.000      0.000
    55.000     20.000      0.000      0.000      0.000      0.000
    60.000     20.000      0.000      0.000      0.000      0.000
    65.000     20.000      0.000      0.000      0.000      0.000
    70.000     20.000      0.000      0.000      0.000      0.000
    75.000     20.000      0.000      0.000      0.000      0.000
    80.000     20.000      0.000      0.000      0.000      0.000
    85.000     20.000      0.000      0.000      0.000      0.000
    90.000     20.000      0.000      0.000      0.000      0.000
    95.000     20.000      0.000      0.000      0.000      0.000
   100.000     20.000      0.000      0.000      0.000      0.000
   105.000     20.000      0.000      0.000      0.000      0.000
   110.000     20.000      0.000      0.000      0.000      0.000
   115.000     20.000      0.000      0.000      0.000      0.000
   120.000     20.000      0.000      0.000      0.000      0.000
   125.000     20.000      0.000      0.000      0.000      0.000
   130.000     20.000      0.000      0.000      0.000      0.000
   135.000     20.000      0.000      0.000      0.000      0.000
   140.000     20.000      0.000      0.000      0.000      0.000
   145.000     20.000      0.000      0.000      0.000      0.000
