   -25.000    -70.000      0.000      0.000      0.000      0.000
   -20.000    -70.000      0.000      0.000      0.000      0.000
   -15.000    -70.000      0.000      0.000      0.000      0.000
   -10.000    -70.000      0.000      0.000      0.000      0.000
    -5.000    -70.000      0.000      0.000      0.000      0.000
     0.000    -70.000      0.000      0.000      0.000      0.000
     5.000    -70.000      0.000      0.000      0.000      0.000
    10.000    -70.000      0.000      0.000      0.000      0.000
    15.000    -70.000      0.000      0.000      0.000      0.000
    20.000    -70.000      0.000      0.000      0.000      0.000
    25.000    -70.000      0.000      0.000      0.000      0.000
    30.000    -70.000      0.000      0.000      0.000      0.000
    35.000    -70.000      0.000      0.000      0.000      0.000
    40.000    -70.000      0.000      0.000      0.000      0.000
    45.000    -70.000      0.000      0.000      0.000      0.000
    50.000    -70.000      0.000      0.000      0.000      0.000
    55.000    -70.000      0.000      0.000      0.000      0.000
    60.000    -70.000      0.000      0.000      0.000      0.000
    65.000    -70.000      0.000      0.000      0.000      0.000
    70.000    -70.000      0.000      0.000      0.000      0.000
    75.000    -70.000      0.000      0.000      0.000      0.000
    80.000    -70.000      0.000      0.000      0.000      0.000
    85.000    -70.000      0.000      0.000      0.000      0.000
    90.000    -70.000      0.000      0.000      0.000      0.000
    95.000    -70.000      0.000      0.000      0.000      0.000
   100.000    -70.000      0.000      0.000      0.000      0.000
   105.000    -70.000      0.000      0.000      0.000      0.000
   110.000    -70.000      0.000      0.000      0.000      0.000
   115.000    -70.000      0.000      0.000      0.000      0.000
   120.000    -70.000      0.000      0.000      0.000      0.000
   125.000    -70.000      0.000      0.000      0.000      0.000
   130.000    -70.000      0.000      0.000      0.000      0.000
   135.000    -70.000      0.000      0.000      0.000      0.000
   140.000    -70.000      0.000      0.000      0.000      0.000
   145.000    -70.000      0.000      0.000      0.000      0.000
   -25.000    -65.000      0.000      0.000      0.000      0.000
   -20.000    -65.000      0.000      0.000      0.000      0.000
   -15.000    -65.000      0.000      0.000      0.000      0.000
   -10.000    -65.000      0.000      0.000      0.000      0.000
    -5.000    -65.000      0.000      0.000      0.000      0.000
     0.000    -65.000      0.000      0.000      0.000      0.000
     5.000    -65.000      0.000      0.000      0.000      0.000
    10.000    -65.000      0.000      0.000      0.000      0.000
    15.000    -65.000      0.000      0.000      0.000      0.000
    20.000    -65.000      0.000      0.000      0.000      0.000
    25.000    -65.000      0.000      0.000      0.000      0.000
    30.000    -65.000      0.000      0.000      0.000      0.000
    35.000    -65.000      0.000      0.000      0.000      0.000
    40.000    -65.000      0.000      0.000      0.000      0.000
    45.000    -65.000      0.000      0.000      0.000      0.000
    50.000    -65.000      0.000      0.000      0.000      0.000
    55.000    -65.000      0.000      0.000      0.000      0.000
    60.000    -65.000      0.000      0.000      0.000      0.000
    65.000    -65.000      0.000      0.000      0.000      0.000
    70.000    -65.000      0.000      0.000      0.000      0.000
    75.000    -65.000      0.000      0.000      0.000      0.000
    80.000    -65.000      0.000      0.000      0.000      0.000
    85.000    -65.000      0.000      0.000      0.000      0.000
    90.000    -65.000      0.000      0.000      0.000      0.000
    95.000    -65.000      0.000      0.000      0.000      0.000
   100.000    -65.000      0.000      0.000      0.000      0.000
   105.000    -65.000      0.000      0.000      0.000      0.000
   110.000    -65.000      0.000      0.000      0.000      0.000
   115.000    -65.000      0.000      0.000      0.000      0.000
   120.000    -65.000      0.000      0.000      0.000      0.000
   125.000    -65.000      0.000      0.000      0.000      0.000
   130.000    -65.000      0.000      0.000      0.000      0.000
   135.000    -65.000      0.000      0.000      0.000      0.000
   140.000    -65.000      0.000      0.000      0.000      0.000
   145.000    -65.000      0.000      0.000      0.000      0.000
   -25.000    -60.000      0.000      0.000      0.000      0.000
   -20.000    -60.000      0.000      0.000      0.000      0.000
   -15.000    -60.000      0.000      0.000      0.000      0.000
   -10.000    -60.000      0.000      0.000      0.000      0.000
    -5.000    -60.000      0.000      0.000      0.000      0.000
     0.000    -60.000      0.000      0.000      0.000      0.000
     5.000    -60.000      0.000      0.000      0.000      0.000
    10.000    -60.000      0.000      0.000      0.000      0.000
    15.000    -60.000      0.000      0.000      0.000      0.000
    20.000    -60.000      0.000      0.000      0.000      0.000
    25.000    -60.000      0.000      0.000      0.000      0.000
    30.000    -60.000      0.000      0.000      0.000      0.000
    35.000    -60.000      0.000      0.000      0.000      0.000
    40.000    -60.000      0.000      0.000      0.000      0.000
    45.000    -60.000      0.000      0.000      0.000      0.000
    50.000    -60.000      0.000      0.000      0.000      0.000
    55.000    -60.000      0.000      0.000      0.000      0.000
    60.000    -60.000      0.000      0.000      0.000      0.000
    65.000    -60.000      0.000      0.000      0.000      0.000
    70.000    -60.000      0.000      0.000      0.000      0.000
    75.000    -60.000      0.000      0.000      0.000      0.000
    80.000    -60.000      0.000      0.000      0.000      0.000
    85.000    -60.000      0.000      0.000      0.000      0.000
    90.000    -60.000      0.000      0.000      0.000      0.000
    95.000    -60.000      0.000      0.000      0.000      0.000
   100.000    -60.000      0.000      0.000      0.000      0.000
   105.000    -60.000      0.000      0.000      0.000      0.000
   110.000    -60.000      0.000      0.000      0.000      0.000
   115.000    -60.000      0.000      0.000      0.000      0.000
   120.000    -60.000      0.000      0.000      0.000      0.000
   125.000    -60.000      0.000      0.000      0.000      0.000
   130.000    -60.000      0.000      0.000      0.000      0.000
   135.000    -60.000      0.000      0.000      0.000      0.000
   140.000    -60.000      0.000      0.000      0.000      0.000
   145.000    -60.000      0.000      0.000      0.000      0.000
   -25.000    -55.000      0.000      0.000      0.000      0.000
   -20.000    -55.000      0.000      0.000      0.000      0.000
   -15.000    -55.000      0.000      0.000      0.000      0.000
   -10.000    -55.000      0.088    124.543      1.141     56.964
    -5.000    -55.000      0.112    125.222      2.320     60.117
     0.000    -55.000      0.106    116.831      3.296     63.681
     5.000    -55.000      0.117     94.156      3.875     66.653
    10.000    -55.000      0.140     72.518      4.217     67.443
    15.000    -55.000      0.164     53.891      4.381     70.686
    20.000    -55.000      0.195     39.722      4.093     74.053
    25.000    -55.000      0.216     28.721      3.078     73.283
    30.000    -55.000      0.232     20.469      2.576     71.470
    35.000    -55.000      0.232     13.346      2.255     76.076
    40.000    -55.000      0.220      3.045      1.909     87.804
    45.000    -55.000      0.216     -7.620      1.822     90.947
    50.000    -55.000      0.212    -19.859      1.673     93.742
    55.000    -55.000      0.187    -38.229      1.281    107.324
    60.000    -55.000      0.171    -60.882      1.121    116.491
    65.000    -55.000      0.168    -79.651      0.526    117.699
    70.000    -55.000      0.151    -86.702      0.086    115.765
    75.000    -55.000      0.125    -93.971      0.298     53.283
    80.000    -55.000      0.101   -103.579      0.298      5.944
    85.000    -55.000      0.094   -112.767      0.147     74.448
    90.000    -55.000      0.087   -114.241      0.408   -162.198
    95.000    -55.000      0.080   -110.460      0.570   -135.606
   100.000    -55.000      0.052    -98.677      0.641   -114.745
   105.000    -55.000      0.043    -77.877      0.058    -62.136
   110.000    -55.000      0.051    -81.525      0.096    -86.394
   115.000    -55.000      0.020   -170.903      0.020   -170.903
   120.000    -55.000      0.000      0.000      0.000      0.000
   125.000    -55.000      0.000      0.000      0.000      0.000
   130.000    -55.000      0.000      0.000      0.000      0.000
   135.000    -55.000      0.000      0.000      0.000      0.000
   140.000    -55.000      0.000      0.000      0.000      0.000
   145.000    -55.000      0.000      0.000      0.000      0.000
   -25.000    -50.000      0.000      0.000      0.000      0.000
   -20.000    -50.000      0.000      0.000      0.000      0.000
   -15.000    -50.000      0.000      0.000      0.000      0.000
   -10.000    -50.000      0.097    146.496      1.520     64.084
    -5.000    -50.000      0.118    130.650      3.131     65.529
     0.000    -50.000      0.125    100.277      4.503     67.512
     5.000    -50.000      0.152     68.062      5.465     69.030
    10.000    -50.000      0.209     47.412      6.120     69.859
    15.000    -50.000      0.258     35.772      6.383     71.989
    20.000    -50.000      0.300     29.508      5.877     74.581
    25.000    -50.000      0.332     22.246      4.937     76.340
    30.000    -50.000      0.367     15.383      3.614     77.713
    35.000    -50.000      0.392      9.281      3.090     83.735
    40.000    -50.000      0.394      2.093      2.314     96.444
    45.000    -50.000      0.366     -6.565      2.340    109.127
    50.000    -50.000      0.338    -17.898      2.008    123.466
    55.000    -50.000      0.324    -30.450      1.722    128.472
    60.000    -50.000      0.307    -41.002      1.651    126.191
    65.000    -50.000      0.275    -49.215      0.848    128.381
    70.000    -50.000      0.224    -56.754      0.160   -159.574
    75.000    -50.000      0.169    -68.671      0.174    -41.492
    80.000    -50.000      0.125    -86.621      0.312    -84.584
    85.000    -50.000      0.111   -112.588      0.207    175.732
    90.000    -50.000      0.113   -136.991      0.370    160.139
    95.000    -50.000      0.117   -155.966      0.601   -132.646
   100.000    -50.000      0.116    178.603      0.944   -125.949
   105.000    -50.000      0.131    167.677      0.406   -160.677
   110.000    -50.000      0.133    168.551      0.284   -173.831
   115.000    -50.000      0.083    172.721      0.091    173.614
   120.000    -50.000      0.000      0.000      0.000      0.000
   125.000    -50.000      0.000      0.000      0.000      0.000
   130.000    -50.000      0.000      0.000      0.000      0.000
   135.000    -50.000      0.000      0.000      0.000      0.000
   140.000    -50.000      0.000      0.000      0.000      0.000
   145.000    -50.000      0.000      0.000      0.000      0.000
   -25.000    -45.000      0.000      0.000      0.000      0.000
   -20.000    -45.000      0.000      0.000      0.000      0.000
   -15.000    -45.000      0.000      0.000      0.000      0.000
   -10.000    -45.000      0.050    179.440      1.838     72.820
    -5.000    -45.000      0.026   -176.645      2.890     70.599
     0.000    -45.000      0.032     -6.867      3.609     68.391
     5.000    -45.000      0.096     -1.083      4.109     70.080
    10.000    -45.000      0.164      4.553      4.414     74.006
    15.000    -45.000      0.254      4.954      4.426     77.666
    20.000    -45.000      0.338      5.627      4.347     75.196
    25.000    -45.000      0.389      2.688      3.646     79.081
    30.000    -45.000      0.411      1.921      2.516     86.606
    35.000    -45.000      0.433      2.146      1.883    101.339
    40.000    -45.000      0.446     -1.792      1.498    122.279
    45.000    -45.000      0.441     -9.138      1.702    149.530
    50.000    -45.000      0.434    -17.792      2.101    163.941
    55.000    -45.000      0.418    -24.450      2.184    163.130
    60.000    -45.000      0.406    -32.078      1.895    171.032
    65.000    -45.000      0.374    -39.315      1.265   -172.842
    70.000    -45.000      0.317    -45.975      0.872   -131.666
    75.000    -45.000      0.250    -56.810      0.844   -108.115
    80.000    -45.000      0.187    -74.822      0.925   -108.398
    85.000    -45.000      0.155   -108.187      0.779   -141.007
    90.000    -45.000      0.164   -146.435      0.629   -175.124
    95.000    -45.000      0.201   -176.450      0.532   -167.056
   100.000    -45.000      0.254    165.618      0.896   -141.578
   105.000    -45.000      0.290    161.709      0.638   -160.551
   110.000    -45.000      0.291    157.415      0.540    175.958
   115.000    -45.000      0.230    149.216      0.337    148.163
   120.000    -45.000      0.027   -140.849      0.027   -140.849
   125.000    -45.000      0.000      0.000      0.000      0.000
   130.000    -45.000      0.000      0.000      0.000      0.000
   135.000    -45.000      0.000      0.000      0.000      0.000
   140.000    -45.000      0.000      0.000      0.000      0.000
   145.000    -45.000      0.000      0.000      0.000      0.000
   -25.000    -40.000      0.000      0.000      0.000      0.000
   -20.000    -40.000      0.000      0.000      0.000      0.000
   -15.000    -40.000      0.000      0.000      0.000      0.000
   -10.000    -40.000      0.058   -119.447      0.824     94.369
    -5.000    -40.000      0.096    -95.993      1.324     83.819
     0.000    -40.000      0.128    -72.293      1.619     78.396
     5.000    -40.000      0.161    -47.470      1.600     82.734
    10.000    -40.000      0.207    -32.069      1.293     94.659
    15.000    -40.000      0.252    -22.613      0.798    117.742
    20.000    -40.000      0.319    -19.345      0.432    139.631
    25.000    -40.000      0.394    -18.890      0.363   -150.631
    30.000    -40.000      0.455    -19.796      1.070   -128.463
    35.000    -40.000      0.486    -23.039      1.856   -142.420
    40.000    -40.000      0.501    -25.254      2.495   -147.212
    45.000    -40.000      0.503    -28.378      3.104   -143.435
    50.000    -40.000      0.495    -31.223      3.576   -146.829
    55.000    -40.000      0.471    -35.807      3.555   -154.715
    60.000    -40.000      0.434    -39.504      3.501   -151.074
    65.000    -40.000      0.398    -46.016      3.211   -141.274
    70.000    -40.000      0.349    -54.406      2.585   -128.983
    75.000    -40.000      0.294    -66.296      2.158   -118.332
    80.000    -40.000      0.250    -85.034      1.919   -115.312
    85.000    -40.000      0.222   -109.183      1.334   -134.572
    90.000    -40.000      0.223   -134.239      1.045   -151.303
    95.000    -40.000      0.230   -156.255      0.852   -151.953
   100.000    -40.000      0.239   -178.792      0.704   -156.815
   105.000    -40.000      0.259    164.025      0.526   -177.035
   110.000    -40.000      0.262    151.725      0.405    164.827
   115.000    -40.000      0.208    143.413      0.284    139.559
   120.000    -40.000      0.035    168.672      0.035    168.672
   125.000    -40.000      0.000      0.000      0.000      0.000
   130.000    -40.000      0.000      0.000      0.000      0.000
   135.000    -40.000      0.000      0.000      0.000      0.000
   140.000    -40.000      0.000      0.000      0.000      0.000
   145.000    -40.000      0.000      0.000      0.000      0.000
   -25.000    -35.000      0.000      0.000      0.000      0.000
   -20.000    -35.000      0.000      0.000      0.000      0.000
   -15.000    -35.000      0.000      0.000      0.000      0.000
   -10.000    -35.000      0.089    -86.390      0.517   -137.348
    -5.000    -35.000      0.140    -73.821      1.012   -113.923
     0.000    -35.000      0.190    -65.781      1.803   -105.270
     5.000    -35.000      0.237    -56.922      2.880   -106.220
    10.000    -35.000      0.291    -52.648      3.700   -107.690
    15.000    -35.000      0.335    -50.185      4.050   -108.467
    20.000    -35.000      0.372    -47.060      4.572   -108.196
    25.000    -35.000      0.406    -44.871      4.619   -105.331
    30.000    -35.000      0.454    -44.293      5.279   -106.251
    35.000    -35.000      0.496    -45.074      6.213   -111.500
    40.000    -35.000      0.516    -45.146      6.167   -118.578
    45.000    -35.000      0.525    -46.123      6.550   -121.978
    50.000    -35.000      0.513    -47.023      6.833   -126.467
    55.000    -35.000      0.490    -51.430      6.647   -131.487
    60.000    -35.000      0.462    -58.079      6.450   -133.657
    65.000    -35.000      0.441    -68.241      6.071   -129.570
    70.000    -35.000      0.416    -79.585      5.541   -122.692
    75.000    -35.000      0.380    -88.623      4.799   -117.297
    80.000    -35.000      0.342    -95.850      3.783   -116.661
    85.000    -35.000      0.291   -103.066      2.527   -128.868
    90.000    -35.000      0.237   -113.893      1.526   -145.751
    95.000    -35.000      0.176   -132.476      1.128   -144.321
   100.000    -35.000      0.123   -168.818      0.762   -150.743
   105.000    -35.000      0.119    146.440      0.458    125.546
   110.000    -35.000      0.140    131.876      0.452    118.470
   115.000    -35.000      0.112    144.332      0.321    132.118
   120.000    -35.000      0.066   -138.005      0.074   -138.809
   125.000    -35.000      0.000      0.000      0.000      0.000
   130.000    -35.000      0.000      0.000      0.000      0.000
   135.000    -35.000      0.000      0.000      0.000      0.000
   140.000    -35.000      0.000      0.000      0.000      0.000
   145.000    -35.000      0.000      0.000      0.000      0.000
   -25.000    -30.000      0.000      0.000      0.000      0.000
   -20.000    -30.000      0.000      0.000      0.000      0.000
   -15.000    -30.000      0.000      0.000      0.000      0.000
   -10.000    -30.000      0.088    -52.225      1.762   -108.083
    -5.000    -30.000      0.141    -41.913      3.192   -103.771
     0.000    -30.000      0.177    -49.166      4.604   -102.716
     5.000    -30.000      0.218    -55.821      6.208   -104.059
    10.000    -30.000      0.265    -56.404      7.650   -104.039
    15.000    -30.000      0.324    -57.161      8.534   -101.766
    20.000    -30.000      0.391    -58.774      9.012    -99.765
    25.000    -30.000      0.463    -62.561      9.521    -99.763
    30.000    -30.000      0.504    -64.222     10.090   -101.050
    35.000    -30.000      0.520    -63.693     10.607   -103.710
    40.000    -30.000      0.525    -63.736     10.763   -108.003
    45.000    -30.000      0.542    -66.548     10.783   -111.229
    50.000    -30.000      0.562    -70.682     10.454   -115.634
    55.000    -30.000      0.579    -76.269     10.195   -120.611
    60.000    -30.000      0.592    -83.277      9.969   -123.653
    65.000    -30.000      0.592    -88.206      9.576   -124.153
    70.000    -30.000      0.585    -91.896      8.758   -120.386
    75.000    -30.000      0.553    -95.277      7.937   -115.560
    80.000    -30.000      0.498    -98.702      5.991   -116.027
    85.000    -30.000      0.409    -99.841      3.633   -126.239
    90.000    -30.000      0.302    -98.288      2.288   -138.345
    95.000    -30.000      0.178    -99.949      1.223   -151.423
   100.000    -30.000      0.066   -114.315      0.962   -156.917
   105.000    -30.000      0.042    146.588      0.455    141.782
   110.000    -30.000      0.066    135.645      0.508    102.899
   115.000    -30.000      0.057    163.309      0.214    120.494
   120.000    -30.000      0.057   -122.593      0.061   -124.366
   125.000    -30.000      0.042    -93.562      0.042    -93.562
   130.000    -30.000      0.000      0.000      0.000      0.000
   135.000    -30.000      0.000      0.000      0.000      0.000
   140.000    -30.000      0.000      0.000      0.000      0.000
   145.000    -30.000      0.000      0.000      0.000      0.000
   -25.000    -25.000      0.000      0.000      0.000      0.000
   -20.000    -25.000      0.000      0.000      0.000      0.000
   -15.000    -25.000      0.000      0.000      0.000      0.000
   -10.000    -25.000      0.103     11.785      2.716   -101.617
    -5.000    -25.000      0.138      5.731      5.024   -100.743
     0.000    -25.000      0.137    -12.169      7.038   -100.696
     5.000    -25.000      0.144    -33.922      8.880   -100.935
    10.000    -25.000      0.193    -55.375     10.353    -99.826
    15.000    -25.000      0.301    -68.468     11.351    -96.414
    20.000    -25.000      0.400    -70.704     12.159    -94.045
    25.000    -25.000      0.467    -70.698     13.222    -93.918
    30.000    -25.000      0.518    -71.725     14.204    -95.673
    35.000    -25.000      0.560    -75.564     14.616    -98.085
    40.000    -25.000      0.606    -81.212     14.713   -100.741
    45.000    -25.000      0.635    -86.411     14.713   -103.090
    50.000    -25.000      0.671    -90.558     13.980   -108.025
    55.000    -25.000      0.710    -93.714     13.056   -113.400
    60.000    -25.000      0.748    -96.401     12.488   -118.218
    65.000    -25.000      0.751    -98.664     12.179   -119.738
    70.000    -25.000      0.718    -99.901     11.271   -119.582
    75.000    -25.000      0.655   -100.856      9.917   -117.721
    80.000    -25.000      0.573   -101.617      8.201   -116.933
    85.000    -25.000      0.467   -103.458      5.339   -121.893
    90.000    -25.000      0.337   -105.181      3.156   -133.017
    95.000    -25.000      0.225   -107.420      1.613   -150.419
   100.000    -25.000      0.121   -111.317      0.975   -173.645
   105.000    -25.000      0.048   -116.984      0.567    163.290
   110.000    -25.000      0.033    -85.607      0.202    121.425
   115.000    -25.000      0.057    -52.740      0.137    -63.698
   120.000    -25.000      0.058     10.970      0.121     44.526
   125.000    -25.000      0.007    -51.739      0.007    -51.739
   130.000    -25.000      0.000      0.000      0.000      0.000
   135.000    -25.000      0.000      0.000      0.000      0.000
   140.000    -25.000      0.000      0.000      0.000      0.000
   145.000    -25.000      0.000      0.000      0.000      0.000
   -25.000    -20.000      0.000      0.000      0.000      0.000
   -20.000    -20.000      0.000      0.000      0.000      0.000
   -15.000    -20.000      0.000      0.000      0.000      0.000
   -10.000    -20.000      0.190     39.473      3.026    -98.975
    -5.000    -20.000      0.230     33.021      5.652   -101.351
     0.000    -20.000      0.174     18.509      7.902   -101.340
     5.000    -20.000      0.110     -9.896      9.807    -99.700
    10.000    -20.000      0.124    -61.804     11.419    -96.854
    15.000    -20.000      0.288    -81.554     12.774    -93.398
    20.000    -20.000      0.427    -82.358     13.998    -90.433
    25.000    -20.000      0.514    -84.986     15.078    -89.977
    30.000    -20.000      0.564    -87.733     16.502    -91.337
    35.000    -20.000      0.593    -90.407     17.312    -93.748
    40.000    -20.000      0.634    -93.965     17.356    -97.238
    45.000    -20.000      0.698    -97.323     16.998    -99.560
    50.000    -20.000      0.762   -100.079     16.529   -103.336
    55.000    -20.000      0.812   -102.518     15.200   -108.187
    60.000    -20.000      0.847   -104.426     13.789   -114.312
    65.000    -20.000      0.854   -106.269     13.189   -117.207
    70.000    -20.000      0.808   -108.017     12.446   -118.931
    75.000    -20.000      0.721   -109.266     11.292   -119.624
    80.000    -20.000      0.606   -110.754      9.350   -120.229
    85.000    -20.000      0.489   -112.037      6.759   -122.335
    90.000    -20.000      0.367   -113.404      4.312   -127.046
    95.000    -20.000      0.259   -113.174      1.865   -138.396
   100.000    -20.000      0.158   -107.331      0.835    172.411
   105.000    -20.000      0.122    -92.074      0.775    139.775
   110.000    -20.000      0.130    -77.983      0.269    163.987
   115.000    -20.000      0.148    -69.615      0.281   -110.240
   120.000    -20.000      0.129    -52.824      0.175    -52.392
   125.000    -20.000      0.027    -19.049      0.027    -19.049
   130.000    -20.000      0.000      0.000      0.000      0.000
   135.000    -20.000      0.000      0.000      0.000      0.000
   140.000    -20.000      0.000      0.000      0.000      0.000
   145.000    -20.000      0.000      0.000      0.000      0.000
   -25.000    -15.000      0.000      0.000      0.000      0.000
   -20.000    -15.000      0.000      0.000      0.000      0.000
   -15.000    -15.000      0.000      0.000      0.000      0.000
   -10.000    -15.000      0.071    -10.367      3.207    -94.555
    -5.000    -15.000      0.007     36.840      5.540    -98.344
     0.000    -15.000      0.006     72.778      7.750    -97.078
     5.000    -15.000      0.004     22.001      9.486    -94.653
    10.000    -15.000      0.025   -139.348     10.687    -91.961
    15.000    -15.000      0.228   -102.390     12.384    -88.661
    20.000    -15.000      0.385    -91.649     13.958    -85.540
    25.000    -15.000      0.467    -92.760     15.490    -85.546
    30.000    -15.000      0.518    -96.889     16.858    -87.200
    35.000    -15.000      0.564   -101.418     17.671    -89.815
    40.000    -15.000      0.615   -104.605     18.054    -94.257
    45.000    -15.000      0.682   -106.658     17.858    -97.310
    50.000    -15.000      0.750   -108.393     16.945   -100.301
    55.000    -15.000      0.796   -110.350     15.538   -104.629
    60.000    -15.000      0.820   -111.582     13.979   -110.047
    65.000    -15.000      0.814   -112.494     13.190   -114.221
    70.000    -15.000      0.774   -113.608     12.618   -117.171
    75.000    -15.000      0.713   -114.917     11.474   -119.587
    80.000    -15.000      0.609   -116.163      9.756   -121.202
    85.000    -15.000      0.482   -118.043      7.477   -122.808
    90.000    -15.000      0.345   -119.897      4.918   -125.265
    95.000    -15.000      0.231   -120.758      2.375   -128.755
   100.000    -15.000      0.144   -121.373      0.601   -167.034
   105.000    -15.000      0.111   -117.190      0.835    107.764
   110.000    -15.000      0.120   -107.613      0.515    110.831
   115.000    -15.000      0.149    -98.674      0.352   -137.442
   120.000    -15.000      0.131    -93.212      0.189   -103.140
   125.000    -15.000      0.011    -66.915      0.011    -66.915
   130.000    -15.000      0.000      0.000      0.000      0.000
   135.000    -15.000      0.000      0.000      0.000      0.000
   140.000    -15.000      0.000      0.000      0.000      0.000
   145.000    -15.000      0.000      0.000      0.000      0.000
   -25.000    -10.000      0.000      0.000      0.000      0.000
   -20.000    -10.000      0.000      0.000      0.000      0.000
   -15.000    -10.000      0.000      0.000      0.000      0.000
   -10.000    -10.000      0.000      0.000      2.290    -85.177
    -5.000    -10.000      0.000      0.000      4.019    -88.612
     0.000    -10.000      0.000      0.000      5.903    -87.026
     5.000    -10.000      0.000      0.000      7.613    -84.477
    10.000    -10.000      0.000      0.000      8.875    -81.732
    15.000    -10.000      0.138    -99.145     10.599    -79.077
    20.000    -10.000      0.271    -86.304     12.346    -78.100
    25.000    -10.000      0.377    -91.641     14.198    -80.459
    30.000    -10.000      0.447    -98.613     15.768    -82.882
    35.000    -10.000      0.500   -106.017     16.618    -86.187
    40.000    -10.000      0.553   -112.420     16.740    -90.839
    45.000    -10.000      0.617   -115.842     16.973    -95.192
    50.000    -10.000      0.662   -117.928     16.240    -98.407
    55.000    -10.000      0.696   -118.823     14.510   -101.930
    60.000    -10.000      0.727   -118.582     13.460   -106.258
    65.000    -10.000      0.730   -118.085     12.520   -111.150
    70.000    -10.000      0.699   -117.069     11.773   -115.033
    75.000    -10.000      0.626   -116.608     10.760   -119.651
    80.000    -10.000      0.535   -117.061      9.385   -121.586
    85.000    -10.000      0.438   -119.568      7.681   -122.729
    90.000    -10.000      0.318   -125.378      5.322   -123.022
    95.000    -10.000      0.209   -135.690      3.052   -122.999
   100.000    -10.000      0.128   -153.392      0.903   -124.326
   105.000    -10.000      0.094   -164.230      0.396     79.270
   110.000    -10.000      0.088   -151.391      0.568     70.283
   115.000    -10.000      0.085   -135.770      0.140   -113.902
   120.000    -10.000      0.062   -132.641      0.097   -122.355
   125.000    -10.000      0.018   -155.730      0.018   -155.730
   130.000    -10.000      0.000      0.000      0.000      0.000
   135.000    -10.000      0.000      0.000      0.000      0.000
   140.000    -10.000      0.000      0.000      0.000      0.000
   145.000    -10.000      0.000      0.000      0.000      0.000
   -25.000     -5.000      0.000      0.000      0.000      0.000
   -20.000     -5.000      0.000      0.000      0.000      0.000
   -15.000     -5.000      0.000      0.000      0.000      0.000
   -10.000     -5.000      0.000      0.000      1.384    -62.963
    -5.000     -5.000      0.000      0.000      2.584    -65.615
     0.000     -5.000      0.000      0.000      4.129    -65.498
     5.000     -5.000      0.000      0.000      5.574    -65.532
    10.000     -5.000      0.000      0.000      6.371    -66.181
    15.000     -5.000      0.020    -92.269      8.293    -69.515
    20.000     -5.000      0.159    -75.409     10.177    -70.761
    25.000     -5.000      0.260    -89.745     12.062    -76.420
    30.000     -5.000      0.329   -100.125     13.475    -79.896
    35.000     -5.000      0.381   -109.374     14.338    -83.397
    40.000     -5.000      0.425   -116.920     14.279    -86.769
    45.000     -5.000      0.468   -121.508     14.278    -92.108
    50.000     -5.000      0.513   -122.712     13.899    -96.637
    55.000     -5.000      0.560   -122.855     12.630    -99.816
    60.000     -5.000      0.592   -122.411     11.268   -103.994
    65.000     -5.000      0.603   -121.396     10.586   -108.929
    70.000     -5.000      0.596   -120.142      9.646   -113.792
    75.000     -5.000      0.571   -119.374      8.696   -118.789
    80.000     -5.000      0.515   -119.360      7.930   -122.403
    85.000     -5.000      0.435   -119.568      6.610   -124.141
    90.000     -5.000      0.336   -119.981      4.758   -123.752
    95.000     -5.000      0.226   -122.101      3.076   -123.860
   100.000     -5.000      0.130   -130.993      1.277   -124.297
   105.000     -5.000      0.058   -149.486      0.211    -86.357
   110.000     -5.000      0.034   -171.006      0.539     41.333
   115.000     -5.000      0.040   -174.392      0.142     23.874
   120.000     -5.000      0.071   -177.376      0.098   -167.746
   125.000     -5.000      0.051    153.840      0.056    153.794
   130.000     -5.000      0.000      0.000      0.000      0.000
   135.000     -5.000      0.000      0.000      0.000      0.000
   140.000     -5.000      0.000      0.000      0.000      0.000
   145.000     -5.000      0.000      0.000      0.000      0.000
   -25.000      0.000      0.000      0.000      0.000      0.000
   -20.000      0.000      0.000      0.000      0.000      0.000
   -15.000      0.000      0.000      0.000      0.000      0.000
   -10.000      0.000      0.000      0.000      0.981    -47.440
    -5.000      0.000      0.000      0.000      2.235    -49.850
     0.000      0.000      0.000      0.000      3.241    -51.246
     5.000      0.000      0.000      0.000      3.936    -51.705
    10.000      0.000      0.000      0.000      4.299    -49.118
    15.000      0.000      0.008    -95.537      5.552    -57.362
    20.000      0.000      0.079    -73.955      7.311    -64.479
    25.000      0.000      0.141    -85.331      8.597    -71.210
    30.000      0.000      0.181    -96.828      9.832    -78.108
    35.000      0.000      0.209   -107.638     10.473    -81.730
    40.000      0.000      0.247   -116.905     10.507    -84.373
    45.000      0.000      0.298   -121.991     10.480    -88.679
    50.000      0.000      0.352   -123.917     10.010    -94.123
    55.000      0.000      0.393   -125.362      9.397    -98.094
    60.000      0.000      0.428   -125.374      8.530   -101.306
    65.000      0.000      0.456   -124.611      7.759   -106.690
    70.000      0.000      0.468   -123.495      6.922   -112.899
    75.000      0.000      0.468   -122.175      6.422   -117.689
    80.000      0.000      0.445   -121.159      5.848   -121.165
    85.000      0.000      0.398   -119.220      4.902   -124.298
    90.000      0.000      0.337   -114.901      3.775   -124.226
    95.000      0.000      0.252   -108.479      2.515   -123.161
   100.000      0.000      0.167    -97.389      1.432   -119.987
   105.000      0.000      0.097    -67.858      0.660   -111.772
   110.000      0.000      0.082    -20.222      0.388    -55.432
   115.000      0.000      0.074    -10.642      0.310     26.092
   120.000      0.000      0.055    -67.361      0.056    -64.146
   125.000      0.000      0.069    -95.863      0.076    -96.615
   130.000      0.000      0.000      0.000      0.000      0.000
   135.000      0.000      0.000      0.000      0.000      0.000
   140.000      0.000      0.000      0.000      0.000      0.000
   145.000      0.000      0.000      0.000      0.000      0.000
   -25.000      5.000      0.000      0.000      0.000      0.000
   -20.000      5.000      0.000      0.000      0.000      0.000
   -15.000      5.000      0.000      0.000      0.000      0.000
   -10.000      5.000      0.000      0.000      0.441     -2.177
    -5.000      5.000      0.000      0.000      1.528    -49.987
     0.000      5.000      0.000      0.000      2.184    -47.330
     5.000      5.000      0.000      0.000      2.336    -43.240
    10.000      5.000      0.000      0.000      2.072    -34.795
    15.000      5.000      0.010     70.942      2.743    -37.112
    20.000      5.000      0.072    -94.672      3.964    -59.029
    25.000      5.000      0.096    -83.661      4.724    -68.153
    30.000      5.000      0.105    -85.961      5.100    -75.556
    35.000      5.000      0.112    -94.105      5.503    -81.167
    40.000      5.000      0.118   -104.909      5.270    -83.667
    45.000      5.000      0.129   -117.551      5.253    -86.630
    50.000      5.000      0.158   -126.619      4.992    -90.838
    55.000      5.000      0.199   -131.830      4.786    -95.631
    60.000      5.000      0.238   -131.593      4.652   -100.360
    65.000      5.000      0.267   -128.453      3.944   -104.005
    70.000      5.000      0.287   -123.611      3.580   -110.903
    75.000      5.000      0.299   -121.097      3.437   -115.747
    80.000      5.000      0.293   -118.850      3.162   -120.418
    85.000      5.000      0.256   -114.265      2.836   -120.255
    90.000      5.000      0.207   -104.300      2.150   -122.902
    95.000      5.000      0.170    -91.113      1.326   -125.745
   100.000      5.000      0.140    -74.409      1.006   -119.226
   105.000      5.000      0.123    -53.561      0.632   -111.898
   110.000      5.000      0.112    -29.998      0.285    -97.166
   115.000      5.000      0.108    -13.810      0.151    -25.214
   120.000      5.000      0.094    -17.040      0.141    -12.996
   125.000      5.000      0.060     29.246      0.068     31.818
   130.000      5.000      0.000      0.000      0.000      0.000
   135.000      5.000      0.000      0.000      0.000      0.000
   140.000      5.000      0.000      0.000      0.000      0.000
   145.000      5.000      0.000      0.000      0.000      0.000
   -25.000     10.000      0.000      0.000      0.000      0.000
   -20.000     10.000      0.000      0.000      0.000      0.000
   -15.000     10.000      0.000      0.000      0.000      0.000
   -10.000     10.000      0.000      0.000      0.000      0.000
    -5.000     10.000      0.000      0.000      0.000      0.000
     0.000     10.000      0.000      0.000      0.000      0.000
     5.000     10.000      0.000      0.000      0.000      0.000
    10.000     10.000      0.000      0.000      0.000      0.000
    15.000     10.000      0.000      0.000      0.000      0.000
    20.000     10.000      0.000      0.000      0.000      0.000
    25.000     10.000      0.000      0.000      0.000      0.000
    30.000     10.000      0.000      0.000      0.000      0.000
    35.000     10.000      0.000      0.000      0.000      0.000
    40.000     10.000      0.000      0.000      0.000      0.000
    45.000     10.000      0.000      0.000      0.000      0.000
    50.000     10.000      0.000      0.000      0.000      0.000
    55.000     10.000      0.000      0.000      0.000      0.000
    60.000     10.000      0.000      0.000      0.000      0.000
    65.000     10.000      0.000      0.000      0.000      0.000
    70.000     10.000      0.000      0.000      0.000      0.000
    75.000     10.000      0.000      0.000      0.000      0.000
    80.000     10.000      0.000      0.000      0.000      0.000
    85.000     10.000      0.000      0.000      0.000      0.000
    90.000     10.000      0.000      0.000      0.000      0.000
    95.000     10.000      0.000      0.000      0.000      0.000
   100.000     10.000      0.000      0.000      0.000      0.000
   105.000     10.000      0.000      0.000      0.000      0.000
   110.000     10.000      0.000      0.000      0.000      0.000
   115.000     10.000      0.000      0.000      0.000      0.000
   120.000     10.000      0.000      0.000      0.000      0.000
   125.000     10.000      0.000      0.000      0.000      0.000
   130.000     10.000      0.000      0.000      0.000      0.000
   135.000     10.000      0.000      0.000      0.000      0.000
   140.000     10.000      0.000      0.000      0.000      0.000
   145.000     10.000      0.000      0.000      0.000      0.000
   -25.000     15.000      0.000      0.000      0.000      0.000
   -20.000     15.000      0.000      0.000      0.000      0.000
   -15.000     15.000      0.000      0.000      0.000      0.000
   -10.000     15.000      0.000      0.000      0.000      0.000
    -5.000     15.000      0.000      0.000      0.000      0.000
     0.000     15.000      0.000      0.000      0.000      0.000
     5.000     15.000      0.000      0.000      0.000      0.000
    10.000     15.000      0.000      0.000      0.000      0.000
    15.000     15.000      0.000      0.000      0.000      0.000
    20.000     15.000      0.000      0.000      0.000      0.000
    25.000     15.000      0.000      0.000      0.000      0.000
    30.000     15.000      0.000      0.000      0.000      0.000
    35.000     15.000      0.000      0.000      0.000      0.000
    40.000     15.000      0.000      0.000      0.000      0.000
    45.000     15.000      0.000      0.000      0.000      0.000
    50.000     15.000      0.000      0.000      0.000      0.000
    55.000     15.000      0.000      0.000      0.000      0.000
    60.000     15.000      0.000      0.000      0.000      0.000
    65.000     15.000      0.000      0.000      0.000      0.000
    70.000     15.000      0.000      0.000      0.000      0.000
    75.000     15.000      0.000      0.000      0.000      0.000
    80.000     15.000      0.000      0.000      0.000      0.000
    85.000     15.000      0.000      0.000      0.000      0.000
    90.000     15.000      0.000      0.000      0.000      0.000
    95.000     15.000      0.000      0.000      0.000      0.000
   100.000     15.000      0.000      0.000      0.000      0.000
   105.000     15.000      0.000      0.000      0.000      0.000
   110.000     15.000      0.000      0.000      0.000      0.000
   115.000     15.000      0.000      0.000      0.000      0.000
   120.000     15.000      0.000      0.000      0.000      0.000
   125.000     15.000      0.000      0.000      0.000      0.000
   130.000     15.000      0.000      0.000      0.000      0.000
   135.000     15.000      0.000      0.000      0.000      0.000
   140.000     15.000      0.000      0.000      0.000      0.000
   145.000     15.000      0.000      0.000      0.000      0.000
   -25.000     20.000      0.000      0.000      0.000      0.000
   -20.000     20.000      0.000      0.000      0.000      0.000
   -15.000     20.000      0.000      0.000      0.000      0.000
   -10.000     20.000      0.000      0.000      0.000      0.000
    -5.000     20.000      0.000      0.000      0.000      0.000
     0.000     20.000      0.000      0.000      0.000      0.000
     5.000     20.000      0.000      0.000      0.000      0.000
    10.000     20.000      0.000      0.000      0.000      0.000
    15.000     20.000      0.000      0.000      0.000      0.000
    20.000     20.000      0.000      0.000      0.000      0.000
    25.000     20.000      0.000      0.000      0.000      0.000
    30.000     20.000      0.000      0.000      0.000      0.000
    35.000     20.000      0.000      0.000      0.000      0.000
    40.000     20.000      0.000      0.000      0.000      0.000
    45.000     20.000      0.000      0.000      0.000      0.000
    50.000     20.000      0.000      0.000      0.000      0.000
    55.000     20.000      0.000      0.000      0.000      0.000
    60.000     20.000      0.000      0.000      0.000      0.000
    65.000     20.000      0.000      0.000      0.000      0.000
    70.000     20.000      0.000      0.000      0.000      0.000
    75.000     20.000      0.000      0.000      0.000      0.000
    80.000     20.000      0.000      0.000      0.000      0.000
    85.000     20.000      0.000      0.000      0.000      0.000
    90.000     20.000      0.000      0.000      0.000      0.000
    95.000     20.000      0.000      0.000      0.000      0.000
   100.000     20.000      0.000      0.000      0.000      0.000
   105.000     20.000      0.000      0.000      0.000      0.000
   110.000     20.000      0.000      0.000      0.000      0.000
   115.000     20.000      0.000      0.000      0.000      0.000
   120.000     20.000      0.000      0.000      0.000      0.000
   125.000     20.000      0.000      0.000      0.000      0.000
   130.000     20.000      0.000      0.000      0.000      0.000
   135.000     20.000      0.000      0.000      0.000      0.000
   140.000     20.000      0.000      0.000      0.000      0.000
   145.000     20.000      0.000      0.000      0.000      0.000
