   -25.000    -70.000      0.000      0.000      0.000      0.000
   -20.000    -70.000      0.000      0.000      0.000      0.000
   -15.000    -70.000      0.000      0.000      0.000      0.000
   -10.000    -70.000      0.000      0.000      0.000      0.000
    -5.000    -70.000      0.000      0.000      0.000      0.000
     0.000    -70.000      0.000      0.000      0.000      0.000
     5.000    -70.000      0.000      0.000      0.000      0.000
    10.000    -70.000      0.000      0.000      0.000      0.000
    15.000    -70.000      0.000      0.000      0.000      0.000
    20.000    -70.000      0.000      0.000      0.000      0.000
    25.000    -70.000      0.000      0.000      0.000      0.000
    30.000    -70.000      0.000      0.000      0.000      0.000
    35.000    -70.000      0.000      0.000      0.000      0.000
    40.000    -70.000      0.000      0.000      0.000      0.000
    45.000    -70.000      0.000      0.000      0.000      0.000
    50.000    -70.000      0.000      0.000      0.000      0.000
    55.000    -70.000      0.000      0.000      0.000      0.000
    60.000    -70.000      0.000      0.000      0.000      0.000
    65.000    -70.000      0.000      0.000      0.000      0.000
    70.000    -70.000      0.000      0.000      0.000      0.000
    75.000    -70.000      0.000      0.000      0.000      0.000
    80.000    -70.000      0.000      0.000      0.000      0.000
    85.000    -70.000      0.000      0.000      0.000      0.000
    90.000    -70.000      0.000      0.000      0.000      0.000
    95.000    -70.000      0.000      0.000      0.000      0.000
   100.000    -70.000      0.000      0.000      0.000      0.000
   105.000    -70.000      0.000      0.000      0.000      0.000
   110.000    -70.000      0.000      0.000      0.000      0.000
   115.000    -70.000      0.000      0.000      0.000      0.000
   120.000    -70.000      0.000      0.000      0.000      0.000
   125.000    -70.000      0.000      0.000      0.000      0.000
   130.000    -70.000      0.000      0.000      0.000      0.000
   135.000    -70.000      0.000      0.000      0.000      0.000
   140.000    -70.000      0.000      0.000      0.000      0.000
   145.000    -70.000      0.000      0.000      0.000      0.000
   -25.000    -65.000      0.000      0.000      0.000      0.000
   -20.000    -65.000      0.000      0.000      0.000      0.000
   -15.000    -65.000      0.000      0.000      0.000      0.000
   -10.000    -65.000      0.000      0.000      0.000      0.000
    -5.000    -65.000      0.000      0.000      0.000      0.000
     0.000    -65.000      0.000      0.000      0.000      0.000
     5.000    -65.000      0.000      0.000      0.000      0.000
    10.000    -65.000      0.000      0.000      0.000      0.000
    15.000    -65.000      0.000      0.000      0.000      0.000
    20.000    -65.000      0.000      0.000      0.000      0.000
    25.000    -65.000      0.000      0.000      0.000      0.000
    30.000    -65.000      0.000      0.000      0.000      0.000
    35.000    -65.000      0.000      0.000      0.000      0.000
    40.000    -65.000      0.000      0.000      0.000      0.000
    45.000    -65.000      0.000      0.000      0.000      0.000
    50.000    -65.000      0.000      0.000      0.000      0.000
    55.000    -65.000      0.000      0.000      0.000      0.000
    60.000    -65.000      0.000      0.000      0.000      0.000
    65.000    -65.000      0.000      0.000      0.000      0.000
    70.000    -65.000      0.000      0.000      0.000      0.000
    75.000    -65.000      0.000      0.000      0.000      0.000
    80.000    -65.000      0.000      0.000      0.000      0.000
    85.000    -65.000      0.000      0.000      0.000      0.000
    90.000    -65.000      0.000      0.000      0.000      0.000
    95.000    -65.000      0.000      0.000      0.000      0.000
   100.000    -65.000      0.000      0.000      0.000      0.000
   105.000    -65.000      0.000      0.000      0.000      0.000
   110.000    -65.000      0.000      0.000      0.000      0.000
   115.000    -65.000      0.000      0.000      0.000      0.000
   120.000    -65.000      0.000      0.000      0.000      0.000
   125.000    -65.000      0.000      0.000      0.000      0.000
   130.000    -65.000      0.000      0.000      0.000      0.000
   135.000    -65.000      0.000      0.000      0.000      0.000
   140.000    -65.000      0.000      0.000      0.000      0.000
   145.000    -65.000      0.000      0.000      0.000      0.000
   -25.000    -60.000      0.000      0.000      0.000      0.000
   -20.000    -60.000      0.000      0.000      0.000      0.000
   -15.000    -60.000      0.000      0.000      0.000      0.000
   -10.000    -60.000      0.000      0.000      0.000      0.000
    -5.000    -60.000      0.000      0.000      0.000      0.000
     0.000    -60.000      0.000      0.000      0.000      0.000
     5.000    -60.000      0.000      0.000      0.000      0.000
    10.000    -60.000      0.000      0.000      0.000      0.000
    15.000    -60.000      0.000      0.000      0.000      0.000
    20.000    -60.000      0.000      0.000      0.000      0.000
    25.000    -60.000      0.000      0.000      0.000      0.000
    30.000    -60.000      0.000      0.000      0.000      0.000
    35.000    -60.000      0.000      0.000      0.000      0.000
    40.000    -60.000      0.000      0.000      0.000      0.000
    45.000    -60.000      0.000      0.000      0.000      0.000
    50.000    -60.000      0.000      0.000      0.000      0.000
    55.000    -60.000      0.000      0.000      0.000      0.000
    60.000    -60.000      0.000      0.000      0.000      0.000
    65.000    -60.000      0.000      0.000      0.000      0.000
    70.000    -60.000      0.000      0.000      0.000      0.000
    75.000    -60.000      0.000      0.000      0.000      0.000
    80.000    -60.000      0.000      0.000      0.000      0.000
    85.000    -60.000      0.000      0.000      0.000      0.000
    90.000    -60.000      0.000      0.000      0.000      0.000
    95.000    -60.000      0.000      0.000      0.000      0.000
   100.000    -60.000      0.000      0.000      0.000      0.000
   105.000    -60.000      0.000      0.000      0.000      0.000
   110.000    -60.000      0.000      0.000      0.000      0.000
   115.000    -60.000      0.000      0.000      0.000      0.000
   120.000    -60.000      0.000      0.000      0.000      0.000
   125.000    -60.000      0.000      0.000      0.000      0.000
   130.000    -60.000      0.000      0.000      0.000      0.000
   135.000    -60.000      0.000      0.000      0.000      0.000
   140.000    -60.000      0.000      0.000      0.000      0.000
   145.000    -60.000      0.000      0.000      0.000      0.000
   -25.000    -55.000      0.000      0.000      0.000      0.000
   -20.000    -55.000      0.000      0.000      0.000      0.000
   -15.000    -55.000      0.000      0.000      0.000      0.000
   -10.000    -55.000      0.110     78.952      0.280     82.416
    -5.000    -55.000      0.187     75.472      0.870     79.264
     0.000    -55.000      0.232     75.152      1.518     81.281
     5.000    -55.000      0.244     78.098      1.946     83.651
    10.000    -55.000      0.243     78.514      2.210     81.518
    15.000    -55.000      0.231     74.989      2.434     83.574
    20.000    -55.000      0.215     74.522      2.271     87.067
    25.000    -55.000      0.173     83.881      1.361     87.118
    30.000    -55.000      0.146    103.541      0.972     77.972
    35.000    -55.000      0.144    125.225      0.815     80.624
    40.000    -55.000      0.150    142.071      0.649    103.054
    45.000    -55.000      0.173    153.586      0.674     97.252
    50.000    -55.000      0.196    160.825      0.639     93.342
    55.000    -55.000      0.206    159.591      0.407    123.722
    60.000    -55.000      0.192    156.541      0.463    135.421
    65.000    -55.000      0.107    169.897      0.126    162.137
    70.000    -55.000      0.086   -114.356      0.086   -114.356
    75.000    -55.000      0.000      0.000      0.000      0.000
    80.000    -55.000      0.000      0.000      0.000      0.000
    85.000    -55.000      0.000      0.000      0.000      0.000
    90.000    -55.000      0.000      0.000      0.000      0.000
    95.000    -55.000      0.000      0.000      0.000      0.000
   100.000    -55.000      0.000      0.000      0.000      0.000
   105.000    -55.000      0.000      0.000      0.000      0.000
   110.000    -55.000      0.000      0.000      0.000      0.000
   115.000    -55.000      0.000      0.000      0.000      0.000
   120.000    -55.000      0.000      0.000      0.000      0.000
   125.000    -55.000      0.000      0.000      0.000      0.000
   130.000    -55.000      0.000      0.000      0.000      0.000
   135.000    -55.000      0.000      0.000      0.000      0.000
   140.000    -55.000      0.000      0.000      0.000      0.000
   145.000    -55.000      0.000      0.000      0.000      0.000
   -25.000    -50.000      0.000      0.000      0.000      0.000
   -20.000    -50.000      0.000      0.000      0.000      0.000
   -15.000    -50.000      0.000      0.000      0.000      0.000
   -10.000    -50.000      0.158     87.960      0.499    136.266
    -5.000    -50.000      0.283     77.979      1.205    112.973
     0.000    -50.000      0.367     72.962      2.021    103.707
     5.000    -50.000      0.416     70.933      2.717     98.318
    10.000    -50.000      0.431     71.482      3.264     93.080
    15.000    -50.000      0.412     74.657      3.629     91.296
    20.000    -50.000      0.353     80.286      3.332     92.691
    25.000    -50.000      0.285     91.338      2.624     93.519
    30.000    -50.000      0.249    108.371      1.536     95.572
    35.000    -50.000      0.245    127.413      1.271     98.219
    40.000    -50.000      0.265    140.194      0.802    121.590
    45.000    -50.000      0.281    145.342      1.007    127.258
    50.000    -50.000      0.289    147.780      0.860    147.792
    55.000    -50.000      0.295    144.417      0.692    149.082
    60.000    -50.000      0.272    141.708      0.814    130.814
    65.000    -50.000      0.166    151.277      0.368    130.753
    70.000    -50.000      0.112   -130.602      0.133   -129.639
    75.000    -50.000      0.018    -62.792      0.018    -62.792
    80.000    -50.000      0.000      0.000      0.000      0.000
    85.000    -50.000      0.000      0.000      0.000      0.000
    90.000    -50.000      0.000      0.000      0.000      0.000
    95.000    -50.000      0.000      0.000      0.000      0.000
   100.000    -50.000      0.000      0.000      0.000      0.000
   105.000    -50.000      0.000      0.000      0.000      0.000
   110.000    -50.000      0.000      0.000      0.000      0.000
   115.000    -50.000      0.000      0.000      0.000      0.000
   120.000    -50.000      0.000      0.000      0.000      0.000
   125.000    -50.000      0.000      0.000      0.000      0.000
   130.000    -50.000      0.000      0.000      0.000      0.000
   135.000    -50.000      0.000      0.000      0.000      0.000
   140.000    -50.000      0.000      0.000      0.000      0.000
   145.000    -50.000      0.000      0.000      0.000      0.000
   -25.000    -45.000      0.000      0.000      0.000      0.000
   -20.000    -45.000      0.000      0.000      0.000      0.000
   -15.000    -45.000      0.000      0.000      0.000      0.000
   -10.000    -45.000      0.123     83.158      1.091    133.143
    -5.000    -45.000      0.257     75.492      1.693    140.438
     0.000    -45.000      0.384     73.667      1.988    139.027
     5.000    -45.000      0.463     74.388      2.304    134.224
    10.000    -45.000      0.481     77.057      2.644    129.120
    15.000    -45.000      0.461     81.084      2.784    125.121
    20.000    -45.000      0.426     87.326      2.570    111.803
    25.000    -45.000      0.368     95.434      2.195    111.460
    30.000    -45.000      0.311    107.626      1.455    120.429
    35.000    -45.000      0.273    123.255      1.092    128.451
    40.000    -45.000      0.272    139.480      0.798    138.941
    45.000    -45.000      0.297    147.804      0.934    156.277
    50.000    -45.000      0.331    152.193      1.183    163.627
    55.000    -45.000      0.341    152.752      1.242    150.933
    60.000    -45.000      0.312    150.621      1.050    152.052
    65.000    -45.000      0.223    149.785      0.588    151.052
    70.000    -45.000      0.096    163.522      0.121    175.059
    75.000    -45.000      0.018   -148.815      0.032   -134.056
    80.000    -45.000      0.000      0.000      0.000      0.000
    85.000    -45.000      0.000      0.000      0.000      0.000
    90.000    -45.000      0.000      0.000      0.000      0.000
    95.000    -45.000      0.000      0.000      0.000      0.000
   100.000    -45.000      0.000      0.000      0.000      0.000
   105.000    -45.000      0.000      0.000      0.000      0.000
   110.000    -45.000      0.000      0.000      0.000      0.000
   115.000    -45.000      0.000      0.000      0.000      0.000
   120.000    -45.000      0.000      0.000      0.000      0.000
   125.000    -45.000      0.000      0.000      0.000      0.000
   130.000    -45.000      0.000      0.000      0.000      0.000
   135.000    -45.000      0.000      0.000      0.000      0.000
   140.000    -45.000      0.000      0.000      0.000      0.000
   145.000    -45.000      0.000      0.000      0.000      0.000
   -25.000    -40.000      0.000      0.000      0.000      0.000
   -20.000    -40.000      0.000      0.000      0.000      0.000
   -15.000    -40.000      0.000      0.000      0.000      0.000
   -10.000    -40.000      0.139     80.492      1.461    170.474
    -5.000    -40.000      0.255     74.879      2.321    172.866
     0.000    -40.000      0.310     72.518      2.745    173.422
     5.000    -40.000      0.318     73.414      3.040    174.482
    10.000    -40.000      0.325     77.148      3.159    176.843
    15.000    -40.000      0.296     83.092      2.993   -177.619
    20.000    -40.000      0.264     91.731      2.369   -175.816
    25.000    -40.000      0.227    103.298      1.681   -173.161
    30.000    -40.000      0.203    120.982      1.367   -161.686
    35.000    -40.000      0.200    144.812      1.442   -166.610
    40.000    -40.000      0.231    165.323      1.411   -170.960
    45.000    -40.000      0.285    172.463      1.336   -161.244
    50.000    -40.000      0.341    174.170      1.419   -168.787
    55.000    -40.000      0.385    174.245      1.475    165.235
    60.000    -40.000      0.380    173.650      1.338    164.480
    65.000    -40.000      0.293    172.443      0.929    171.116
    70.000    -40.000      0.160    172.707      0.361    157.504
    75.000    -40.000      0.077    106.061      0.102    103.971
    80.000    -40.000      0.034    -33.409      0.034    -33.409
    85.000    -40.000      0.000      0.000      0.000      0.000
    90.000    -40.000      0.000      0.000      0.000      0.000
    95.000    -40.000      0.000      0.000      0.000      0.000
   100.000    -40.000      0.000      0.000      0.000      0.000
   105.000    -40.000      0.000      0.000      0.000      0.000
   110.000    -40.000      0.000      0.000      0.000      0.000
   115.000    -40.000      0.000      0.000      0.000      0.000
   120.000    -40.000      0.000      0.000      0.000      0.000
   125.000    -40.000      0.000      0.000      0.000      0.000
   130.000    -40.000      0.000      0.000      0.000      0.000
   135.000    -40.000      0.000      0.000      0.000      0.000
   140.000    -40.000      0.000      0.000      0.000      0.000
   145.000    -40.000      0.000      0.000      0.000      0.000
   -25.000    -35.000      0.000      0.000      0.000      0.000
   -20.000    -35.000      0.000      0.000      0.000      0.000
   -15.000    -35.000      0.000      0.000      0.000      0.000
   -10.000    -35.000      0.117     75.597      1.793   -163.021
    -5.000    -35.000      0.162     82.236      3.032   -156.947
     0.000    -35.000      0.149     80.088      3.936   -150.654
     5.000    -35.000      0.122     65.287      4.730   -145.227
    10.000    -35.000      0.088     42.708      5.002   -142.642
    15.000    -35.000      0.043     -3.585      4.630   -142.122
    20.000    -35.000      0.038   -103.980      4.215   -138.462
    25.000    -35.000      0.104   -137.829      3.224   -133.078
    30.000    -35.000      0.190   -146.561      2.965   -124.392
    35.000    -35.000      0.276   -151.087      3.187   -122.201
    40.000    -35.000      0.343   -153.730      2.536   -130.301
    45.000    -35.000      0.402   -154.188      2.317   -131.192
    50.000    -35.000      0.442   -154.038      2.154   -139.354
    55.000    -35.000      0.461   -154.256      1.816   -158.404
    60.000    -35.000      0.440   -154.135      1.676   -172.861
    65.000    -35.000      0.371   -149.578      1.217   -171.394
    70.000    -35.000      0.273   -135.122      0.672   -152.099
    75.000    -35.000      0.199   -108.526      0.362   -112.959
    80.000    -35.000      0.168    -74.633      0.206    -74.651
    85.000    -35.000      0.000      0.000      0.000      0.000
    90.000    -35.000      0.000      0.000      0.000      0.000
    95.000    -35.000      0.000      0.000      0.000      0.000
   100.000    -35.000      0.000      0.000      0.000      0.000
   105.000    -35.000      0.000      0.000      0.000      0.000
   110.000    -35.000      0.000      0.000      0.000      0.000
   115.000    -35.000      0.000      0.000      0.000      0.000
   120.000    -35.000      0.000      0.000      0.000      0.000
   125.000    -35.000      0.000      0.000      0.000      0.000
   130.000    -35.000      0.000      0.000      0.000      0.000
   135.000    -35.000      0.000      0.000      0.000      0.000
   140.000    -35.000      0.000      0.000      0.000      0.000
   145.000    -35.000      0.000      0.000      0.000      0.000
   -25.000    -30.000      0.000      0.000      0.000      0.000
   -20.000    -30.000      0.000      0.000      0.000      0.000
   -15.000    -30.000      0.000      0.000      0.000      0.000
   -10.000    -30.000      0.069    -46.246      2.304   -138.720
    -5.000    -30.000      0.077    -41.752      3.891   -136.683
     0.000    -30.000      0.066    -50.631      5.065   -134.332
     5.000    -30.000      0.083    -69.893      6.124   -131.953
    10.000    -30.000      0.139    -88.029      6.713   -128.789
    15.000    -30.000      0.215    -96.279      6.494   -124.001
    20.000    -30.000      0.298   -100.098      5.865   -118.457
    25.000    -30.000      0.360   -104.976      5.385   -113.200
    30.000    -30.000      0.416   -112.206      5.128   -108.385
    35.000    -30.000      0.486   -119.191      4.975   -105.929
    40.000    -30.000      0.535   -126.532      4.523   -107.896
    45.000    -30.000      0.586   -131.892      3.976   -108.552
    50.000    -30.000      0.623   -134.812      3.128   -114.976
    55.000    -30.000      0.656   -134.408      2.542   -129.548
    60.000    -30.000      0.649   -131.928      2.246   -142.849
    65.000    -30.000      0.611   -124.835      1.966   -149.652
    70.000    -30.000      0.581   -113.158      1.317   -138.683
    75.000    -30.000      0.545   -102.136      1.160   -107.904
    80.000    -30.000      0.423    -91.435      0.500    -91.149
    85.000    -30.000      0.000      0.000      0.000      0.000
    90.000    -30.000      0.000      0.000      0.000      0.000
    95.000    -30.000      0.000      0.000      0.000      0.000
   100.000    -30.000      0.000      0.000      0.000      0.000
   105.000    -30.000      0.000      0.000      0.000      0.000
   110.000    -30.000      0.000      0.000      0.000      0.000
   115.000    -30.000      0.000      0.000      0.000      0.000
   120.000    -30.000      0.000      0.000      0.000      0.000
   125.000    -30.000      0.000      0.000      0.000      0.000
   130.000    -30.000      0.000      0.000      0.000      0.000
   135.000    -30.000      0.000      0.000      0.000      0.000
   140.000    -30.000      0.000      0.000      0.000      0.000
   145.000    -30.000      0.000      0.000      0.000      0.000
   -25.000    -25.000      0.000      0.000      0.000      0.000
   -20.000    -25.000      0.000      0.000      0.000      0.000
   -15.000    -25.000      0.000      0.000      0.000      0.000
   -10.000    -25.000      0.103    -75.017      2.657   -124.900
    -5.000    -25.000      0.185    -83.040      4.677   -123.106
     0.000    -25.000      0.246    -87.545      6.106   -121.518
     5.000    -25.000      0.294    -90.925      7.086   -119.838
    10.000    -25.000      0.356    -96.305      7.411   -116.831
    15.000    -25.000      0.419   -100.568      7.027   -110.282
    20.000    -25.000      0.503   -102.061      6.622   -103.073
    25.000    -25.000      0.572   -102.817      6.741    -97.500
    30.000    -25.000      0.656   -104.346      7.007    -95.105
    35.000    -25.000      0.736   -106.820      6.825    -93.888
    40.000    -25.000      0.781   -110.039      6.389    -93.046
    45.000    -25.000      0.801   -114.366      5.917    -91.798
    50.000    -25.000      0.800   -119.367      4.617    -96.989
    55.000    -25.000      0.792   -123.604      3.194   -107.617
    60.000    -25.000      0.769   -125.182      2.422   -126.340
    65.000    -25.000      0.728   -124.132      2.198   -134.173
    70.000    -25.000      0.684   -119.312      1.663   -136.831
    75.000    -25.000      0.627   -112.442      1.068   -124.291
    80.000    -25.000      0.510   -104.057      0.835   -105.600
    85.000    -25.000      0.078    -88.499      0.078    -88.499
    90.000    -25.000      0.000      0.000      0.000      0.000
    95.000    -25.000      0.000      0.000      0.000      0.000
   100.000    -25.000      0.000      0.000      0.000      0.000
   105.000    -25.000      0.000      0.000      0.000      0.000
   110.000    -25.000      0.000      0.000      0.000      0.000
   115.000    -25.000      0.000      0.000      0.000      0.000
   120.000    -25.000      0.000      0.000      0.000      0.000
   125.000    -25.000      0.000      0.000      0.000      0.000
   130.000    -25.000      0.000      0.000      0.000      0.000
   135.000    -25.000      0.000      0.000      0.000      0.000
   140.000    -25.000      0.000      0.000      0.000      0.000
   145.000    -25.000      0.000      0.000      0.000      0.000
   -25.000    -20.000      0.000      0.000      0.000      0.000
   -20.000    -20.000      0.000      0.000      0.000      0.000
   -15.000    -20.000      0.000      0.000      0.000      0.000
   -10.000    -20.000      0.084   -136.689      2.537   -116.553
    -5.000    -20.000      0.217   -121.436      4.636   -116.726
     0.000    -20.000      0.355   -112.216      6.097   -115.007
     5.000    -20.000      0.482   -105.972      6.934   -111.613
    10.000    -20.000      0.595   -102.286      7.203   -106.255
    15.000    -20.000      0.691   -100.338      7.051    -98.935
    20.000    -20.000      0.767    -99.296      7.012    -90.593
    25.000    -20.000      0.816    -98.589      7.173    -85.590
    30.000    -20.000      0.870    -98.485      7.910    -84.279
    35.000    -20.000      0.908    -99.719      8.173    -84.767
    40.000    -20.000      0.912   -102.881      7.711    -86.840
    45.000    -20.000      0.894   -107.461      6.948    -85.851
    50.000    -20.000      0.860   -113.148      5.995    -88.485
    55.000    -20.000      0.822   -118.679      4.171    -93.179
    60.000    -20.000      0.777   -123.842      2.348   -109.405
    65.000    -20.000      0.735   -127.453      1.759   -122.122
    70.000    -20.000      0.682   -128.700      1.419   -131.470
    75.000    -20.000      0.584   -127.889      1.112   -132.526
    80.000    -20.000      0.412   -127.155      0.607   -128.815
    85.000    -20.000      0.081   -131.030      0.081   -131.030
    90.000    -20.000      0.000      0.000      0.000      0.000
    95.000    -20.000      0.000      0.000      0.000      0.000
   100.000    -20.000      0.000      0.000      0.000      0.000
   105.000    -20.000      0.000      0.000      0.000      0.000
   110.000    -20.000      0.000      0.000      0.000      0.000
   115.000    -20.000      0.000      0.000      0.000      0.000
   120.000    -20.000      0.000      0.000      0.000      0.000
   125.000    -20.000      0.000      0.000      0.000      0.000
   130.000    -20.000      0.000      0.000      0.000      0.000
   135.000    -20.000      0.000      0.000      0.000      0.000
   140.000    -20.000      0.000      0.000      0.000      0.000
   145.000    -20.000      0.000      0.000      0.000      0.000
   -25.000    -15.000      0.000      0.000      0.000      0.000
   -20.000    -15.000      0.000      0.000      0.000      0.000
   -15.000    -15.000      0.000      0.000      0.000      0.000
   -10.000    -15.000      0.162   -152.430      2.269    -99.412
    -5.000    -15.000      0.278   -141.195      3.907   -100.917
     0.000    -15.000      0.387   -127.275      5.331    -99.012
     5.000    -15.000      0.512   -114.981      6.093    -96.048
    10.000    -15.000      0.640   -106.484      6.094    -91.408
    15.000    -15.000      0.763   -101.983      6.268    -83.857
    20.000    -15.000      0.861    -99.061      6.637    -75.953
    25.000    -15.000      0.936    -97.169      7.286    -73.701
    30.000    -15.000      0.981    -96.381      7.975    -74.396
    35.000    -15.000      1.023    -97.054      8.267    -76.246
    40.000    -15.000      1.010    -98.845      8.108    -81.308
    45.000    -15.000      0.962   -101.697      7.521    -82.543
    50.000    -15.000      0.884   -105.994      6.272    -81.956
    55.000    -15.000      0.786   -111.977      4.470    -82.590
    60.000    -15.000      0.701   -118.651      2.512    -85.995
    65.000    -15.000      0.627   -124.669      1.558    -95.166
    70.000    -15.000      0.550   -128.862      1.237   -108.314
    75.000    -15.000      0.447   -130.506      0.836   -121.272
    80.000    -15.000      0.299   -129.316      0.436   -127.213
    85.000    -15.000      0.095   -129.244      0.093   -127.791
    90.000    -15.000      0.000      0.000      0.000      0.000
    95.000    -15.000      0.000      0.000      0.000      0.000
   100.000    -15.000      0.000      0.000      0.000      0.000
   105.000    -15.000      0.000      0.000      0.000      0.000
   110.000    -15.000      0.000      0.000      0.000      0.000
   115.000    -15.000      0.000      0.000      0.000      0.000
   120.000    -15.000      0.000      0.000      0.000      0.000
   125.000    -15.000      0.000      0.000      0.000      0.000
   130.000    -15.000      0.000      0.000      0.000      0.000
   135.000    -15.000      0.000      0.000      0.000      0.000
   140.000    -15.000      0.000      0.000      0.000      0.000
   145.000    -15.000      0.000      0.000      0.000      0.000
   -25.000    -10.000      0.000      0.000      0.000      0.000
   -20.000    -10.000      0.000      0.000      0.000      0.000
   -15.000    -10.000      0.000      0.000      0.000      0.000
   -10.000    -10.000      0.162   -139.023      1.346    -70.234
    -5.000    -10.000      0.271   -135.227      2.452    -74.964
     0.000    -10.000      0.367   -126.690      3.675    -74.849
     5.000    -10.000      0.466   -117.143      4.631    -72.108
    10.000    -10.000      0.575   -109.707      4.948    -67.040
    15.000    -10.000      0.682   -104.576      5.362    -59.636
    20.000    -10.000      0.789   -100.779      5.954    -57.088
    25.000    -10.000      0.874    -98.618      6.767    -61.495
    30.000    -10.000      0.939    -98.194      7.596    -65.230
    35.000    -10.000      0.962    -98.357      7.884    -69.077
    40.000    -10.000      0.936    -98.278      7.491    -74.183
    45.000    -10.000      0.901    -98.257      7.306    -79.186
    50.000    -10.000      0.832    -98.578      6.324    -79.461
    55.000    -10.000      0.723    -99.581      4.429    -75.456
    60.000    -10.000      0.594   -102.234      3.140    -74.630
    65.000    -10.000      0.465   -107.454      1.977    -77.262
    70.000    -10.000      0.371   -115.615      1.307    -84.158
    75.000    -10.000      0.292   -126.830      0.704   -113.518
    80.000    -10.000      0.256   -133.556      0.398   -125.061
    85.000    -10.000      0.226   -126.507      0.277   -126.324
    90.000    -10.000      0.000      0.000      0.000      0.000
    95.000    -10.000      0.000      0.000      0.000      0.000
   100.000    -10.000      0.000      0.000      0.000      0.000
   105.000    -10.000      0.000      0.000      0.000      0.000
   110.000    -10.000      0.000      0.000      0.000      0.000
   115.000    -10.000      0.000      0.000      0.000      0.000
   120.000    -10.000      0.000      0.000      0.000      0.000
   125.000    -10.000      0.000      0.000      0.000      0.000
   130.000    -10.000      0.000      0.000      0.000      0.000
   135.000    -10.000      0.000      0.000      0.000      0.000
   140.000    -10.000      0.000      0.000      0.000      0.000
   145.000    -10.000      0.000      0.000      0.000      0.000
   -25.000     -5.000      0.000      0.000      0.000      0.000
   -20.000     -5.000      0.000      0.000      0.000      0.000
   -15.000     -5.000      0.000      0.000      0.000      0.000
   -10.000     -5.000      0.090   -136.028      0.977    -25.262
    -5.000     -5.000      0.195   -126.350      1.815    -29.166
     0.000     -5.000      0.294   -122.622      2.893    -36.319
     5.000     -5.000      0.387   -119.113      3.819    -38.898
    10.000     -5.000      0.478   -115.529      4.033    -35.237
    15.000     -5.000      0.575   -111.443      4.770    -39.829
    20.000     -5.000      0.660   -107.867      5.483    -42.770
    25.000     -5.000      0.730   -104.828      6.104    -53.793
    30.000     -5.000      0.765   -101.923      6.726    -59.779
    35.000     -5.000      0.785    -99.095      7.046    -64.517
    40.000     -5.000      0.773    -96.839      6.653    -66.737
    45.000     -5.000      0.728    -94.512      6.235    -73.357
    50.000     -5.000      0.672    -92.023      5.570    -77.492
    55.000     -5.000      0.600    -89.195      4.223    -74.203
    60.000     -5.000      0.511    -87.080      2.801    -68.747
    65.000     -5.000      0.411    -88.643      1.954    -70.769
    70.000     -5.000      0.307    -97.021      1.040    -67.951
    75.000     -5.000      0.239   -113.646      0.300    -66.645
    80.000     -5.000      0.198   -135.981      0.224   -136.241
    85.000     -5.000      0.142   -158.355      0.163   -160.517
    90.000     -5.000      0.000      0.000      0.000      0.000
    95.000     -5.000      0.000      0.000      0.000      0.000
   100.000     -5.000      0.000      0.000      0.000      0.000
   105.000     -5.000      0.000      0.000      0.000      0.000
   110.000     -5.000      0.000      0.000      0.000      0.000
   115.000     -5.000      0.000      0.000      0.000      0.000
   120.000     -5.000      0.000      0.000      0.000      0.000
   125.000     -5.000      0.000      0.000      0.000      0.000
   130.000     -5.000      0.000      0.000      0.000      0.000
   135.000     -5.000      0.000      0.000      0.000      0.000
   140.000     -5.000      0.000      0.000      0.000      0.000
   145.000     -5.000      0.000      0.000      0.000      0.000
   -25.000      0.000      0.000      0.000      0.000      0.000
   -20.000      0.000      0.000      0.000      0.000      0.000
   -15.000      0.000      0.000      0.000      0.000      0.000
   -10.000      0.000      0.062   -131.261      0.812     -5.731
    -5.000      0.000      0.109   -130.227      1.770    -13.614
     0.000      0.000      0.164   -130.628      2.581    -19.040
     5.000      0.000      0.244   -126.749      3.144    -19.820
    10.000      0.000      0.328   -122.825      3.486    -13.180
    15.000      0.000      0.399   -119.227      3.849    -20.171
    20.000      0.000      0.469   -114.307      4.403    -32.402
    25.000      0.000      0.528   -108.569      4.639    -43.280
    30.000      0.000      0.569   -102.857      5.003    -56.323
    35.000      0.000      0.579    -97.724      5.213    -61.657
    40.000      0.000      0.568    -93.944      5.038    -63.101
    45.000      0.000      0.540    -91.139      4.774    -67.726
    50.000      0.000      0.495    -88.376      4.063    -73.003
    55.000      0.000      0.430    -85.321      3.343    -73.970
    60.000      0.000      0.368    -83.206      2.496    -69.164
    65.000      0.000      0.309    -82.991      1.639    -68.728
    70.000      0.000      0.251    -86.898      0.769    -65.733
    75.000      0.000      0.178    -93.778      0.380    -74.423
    80.000      0.000      0.096   -114.533      0.211    -95.330
    85.000      0.000      0.048    171.293      0.055    159.984
    90.000      0.000      0.000      0.000      0.000      0.000
    95.000      0.000      0.000      0.000      0.000      0.000
   100.000      0.000      0.000      0.000      0.000      0.000
   105.000      0.000      0.000      0.000      0.000      0.000
   110.000      0.000      0.000      0.000      0.000      0.000
   115.000      0.000      0.000      0.000      0.000      0.000
   120.000      0.000      0.000      0.000      0.000      0.000
   125.000      0.000      0.000      0.000      0.000      0.000
   130.000      0.000      0.000      0.000      0.000      0.000
   135.000      0.000      0.000      0.000      0.000      0.000
   140.000      0.000      0.000      0.000      0.000      0.000
   145.000      0.000      0.000      0.000      0.000      0.000
   -25.000      5.000      0.000      0.000      0.000      0.000
   -20.000      5.000      0.000      0.000      0.000      0.000
   -15.000      5.000      0.000      0.000      0.000      0.000
   -10.000      5.000      0.021    -99.946      0.573     32.614
    -5.000      5.000      0.053   -135.949      1.197    -24.059
     0.000      5.000      0.097   -140.932      1.832    -24.142
     5.000      5.000      0.137   -133.513      2.066    -16.586
    10.000      5.000      0.164   -125.676      2.018      1.447
    15.000      5.000      0.178   -119.504      2.493     -1.553
    20.000      5.000      0.185   -117.623      2.655    -26.099
    25.000      5.000      0.198   -114.682      2.705    -38.641
    30.000      5.000      0.212   -109.688      2.572    -49.363
    35.000      5.000      0.234   -102.347      2.663    -59.806
    40.000      5.000      0.257    -94.778      2.370    -59.403
    45.000      5.000      0.275    -89.051      2.317    -61.807
    50.000      5.000      0.276    -86.830      2.011    -63.936
    55.000      5.000      0.250    -86.788      1.724    -67.619
    60.000      5.000      0.221    -86.314      1.510    -72.731
    65.000      5.000      0.174    -81.160      0.875    -57.968
    70.000      5.000      0.136    -71.351      0.427    -56.420
    75.000      5.000      0.103    -68.122      0.276    -76.469
    80.000      5.000      0.100    -82.863      0.154   -117.995
    85.000      5.000      0.136    -95.100      0.184    -97.469
    90.000      5.000      0.000      0.000      0.000      0.000
    95.000      5.000      0.000      0.000      0.000      0.000
   100.000      5.000      0.000      0.000      0.000      0.000
   105.000      5.000      0.000      0.000      0.000      0.000
   110.000      5.000      0.000      0.000      0.000      0.000
   115.000      5.000      0.000      0.000      0.000      0.000
   120.000      5.000      0.000      0.000      0.000      0.000
   125.000      5.000      0.000      0.000      0.000      0.000
   130.000      5.000      0.000      0.000      0.000      0.000
   135.000      5.000      0.000      0.000      0.000      0.000
   140.000      5.000      0.000      0.000      0.000      0.000
   145.000      5.000      0.000      0.000      0.000      0.000
   -25.000     10.000      0.000      0.000      0.000      0.000
   -20.000     10.000      0.000      0.000      0.000      0.000
   -15.000     10.000      0.000      0.000      0.000      0.000
   -10.000     10.000      0.000      0.000      0.000      0.000
    -5.000     10.000      0.000      0.000      0.000      0.000
     0.000     10.000      0.000      0.000      0.000      0.000
     5.000     10.000      0.000      0.000      0.000      0.000
    10.000     10.000      0.000      0.000      0.000      0.000
    15.000     10.000      0.000      0.000      0.000      0.000
    20.000     10.000      0.000      0.000      0.000      0.000
    25.000     10.000      0.000      0.000      0.000      0.000
    30.000     10.000      0.000      0.000      0.000      0.000
    35.000     10.000      0.000      0.000      0.000      0.000
    40.000     10.000      0.000      0.000      0.000      0.000
    45.000     10.000      0.000      0.000      0.000      0.000
    50.000     10.000      0.000      0.000      0.000      0.000
    55.000     10.000      0.000      0.000      0.000      0.000
    60.000     10.000      0.000      0.000      0.000      0.000
    65.000     10.000      0.000      0.000      0.000      0.000
    70.000     10.000      0.000      0.000      0.000      0.000
    75.000     10.000      0.000      0.000      0.000      0.000
    80.000     10.000      0.000      0.000      0.000      0.000
    85.000     10.000      0.000      0.000      0.000      0.000
    90.000     10.000      0.000      0.000      0.000      0.000
    95.000     10.000      0.000      0.000      0.000      0.000
   100.000     10.000      0.000      0.000      0.000      0.000
   105.000     10.000      0.000      0.000      0.000      0.000
   110.000     10.000      0.000      0.000      0.000      0.000
   115.000     10.000      0.000      0.000      0.000      0.000
   120.000     10.000      0.000      0.000      0.000      0.000
   125.000     10.000      0.000      0.000      0.000      0.000
   130.000     10.000      0.000      0.000      0.000      0.000
   135.000     10.000      0.000      0.000      0.000      0.000
   140.000     10.000      0.000      0.000      0.000      0.000
   145.000     10.000      0.000      0.000      0.000      0.000
   -25.000     15.000      0.000      0.000      0.000      0.000
   -20.000     15.000      0.000      0.000      0.000      0.000
   -15.000     15.000      0.000      0.000      0.000      0.000
   -10.000     15.000      0.000      0.000      0.000      0.000
    -5.000     15.000      0.000      0.000      0.000      0.000
     0.000     15.000      0.000      0.000      0.000      0.000
     5.000     15.000      0.000      0.000      0.000      0.000
    10.000     15.000      0.000      0.000      0.000      0.000
    15.000     15.000      0.000      0.000      0.000      0.000
    20.000     15.000      0.000      0.000      0.000      0.000
    25.000     15.000      0.000      0.000      0.000      0.000
    30.000     15.000      0.000      0.000      0.000      0.000
    35.000     15.000      0.000      0.000      0.000      0.000
    40.000     15.000      0.000      0.000      0.000      0.000
    45.000     15.000      0.000      0.000      0.000      0.000
    50.000     15.000      0.000      0.000      0.000      0.000
    55.000     15.000      0.000      0.000      0.000      0.000
    60.000     15.000      0.000      0.000      0.000      0.000
    65.000     15.000      0.000      0.000      0.000      0.000
    70.000     15.000      0.000      0.000      0.000      0.000
    75.000     15.000      0.000      0.000      0.000      0.000
    80.000     15.000      0.000      0.000      0.000      0.000
    85.000     15.000      0.000      0.000      0.000      0.000
    90.000     15.000      0.000      0.000      0.000      0.000
    95.000     15.000      0.000      0.000      0.000      0.000
   100.000     15.000      0.000      0.000      0.000      0.000
   105.000     15.000      0.000      0.000      0.000      0.000
   110.000     15.000      0.000      0.000      0.000      0.000
   115.000     15.000      0.000      0.000      0.000      0.000
   120.000     15.000      0.000      0.000      0.000      0.000
   125.000     15.000      0.000      0.000      0.000      0.000
   130.000     15.000      0.000      0.000      0.000      0.000
   135.000     15.000      0.000      0.000      0.000      0.000
   140.000     15.000      0.000      0.000      0.000      0.000
   145.000     15.000      0.000      0.000      0.000      0.000
   -25.000     20.000      0.000      0.000      0.000      0.000
   -20.000     20.000      0.000      0.000      0.000      0.000
   -15.000     20.000      0.000      0.000      0.000      0.000
   -10.000     20.000      0.000      0.000      0.000      0.000
    -5.000     20.000      0.000      0.000      0.000      0.000
     0.000     20.000      0.000      0.000      0.000      0.000
     5.000     20.000      0.000      0.000      0.000      0.000
    10.000     20.000      0.000      0.000      0.000      0.000
    15.000     20.000      0.000      0.000      0.000      0.000
    20.000     20.000      0.000      0.000      0.000      0.000
    25.000     20.000      0.000      0.000      0.000      0.000
    30.000     20.000      0.000      0.000      0.000      0.000
    35.000     20.000      0.000      0.000      0.000      0.000
    40.000     20.000      0.000      0.000      0.000      0.000
    45.000     20.000      0.000      0.000      0.000      0.000
    50.000     20.000      0.000      0.000      0.000      0.000
    55.000     20.000      0.000      0.000      0.000      0.000
    60.000     20.000      0.000      0.000      0.000      0.000
    65.000     20.000      0.000      0.000      0.000      0.000
    70.000     20.000      0.000      0.000      0.000      0.000
    75.000     20.000      0.000      0.000      0.000      0.000
    80.000     20.000      0.000      0.000      0.000      0.000
    85.000     20.000      0.000      0.000      0.000      0.000
    90.000     20.000      0.000      0.000      0.000      0.000
    95.000     20.000      0.000      0.000      0.000      0.000
   100.000     20.000      0.000      0.000      0.000      0.000
   105.000     20.000      0.000      0.000      0.000      0.000
   110.000     20.000      0.000      0.000      0.000      0.000
   115.000     20.000      0.000      0.000      0.000      0.000
   120.000     20.000      0.000      0.000      0.000      0.000
   125.000     20.000      0.000      0.000      0.000      0.000
   130.000     20.000      0.000      0.000      0.000      0.000
   135.000     20.000      0.000      0.000      0.000      0.000
   140.000     20.000      0.000      0.000      0.000      0.000
   145.000     20.000      0.000      0.000      0.000      0.000
