   -25.000    -70.000      0.000      0.000      0.000      0.000
   -20.000    -70.000      0.000      0.000      0.000      0.000
   -15.000    -70.000      0.000      0.000      0.000      0.000
   -10.000    -70.000      0.000      0.000      0.000      0.000
    -5.000    -70.000      0.000      0.000      0.000      0.000
     0.000    -70.000      0.000      0.000      0.000      0.000
     5.000    -70.000      0.000      0.000      0.000      0.000
    10.000    -70.000      0.000      0.000      0.000      0.000
    15.000    -70.000      0.000      0.000      0.000      0.000
    20.000    -70.000      0.000      0.000      0.000      0.000
    25.000    -70.000      0.000      0.000      0.000      0.000
    30.000    -70.000      0.000      0.000      0.000      0.000
    35.000    -70.000      0.000      0.000      0.000      0.000
    40.000    -70.000      0.000      0.000      0.000      0.000
    45.000    -70.000      0.000      0.000      0.000      0.000
    50.000    -70.000      0.000      0.000      0.000      0.000
    55.000    -70.000      0.000      0.000      0.000      0.000
    60.000    -70.000      0.000      0.000      0.000      0.000
    65.000    -70.000      0.000      0.000      0.000      0.000
    70.000    -70.000      0.000      0.000      0.000      0.000
    75.000    -70.000      0.000      0.000      0.000      0.000
    80.000    -70.000      0.000      0.000      0.000      0.000
    85.000    -70.000      0.000      0.000      0.000      0.000
    90.000    -70.000      0.000      0.000      0.000      0.000
    95.000    -70.000      0.000      0.000      0.000      0.000
   100.000    -70.000      0.000      0.000      0.000      0.000
   105.000    -70.000      0.000      0.000      0.000      0.000
   110.000    -70.000      0.000      0.000      0.000      0.000
   115.000    -70.000      0.000      0.000      0.000      0.000
   120.000    -70.000      0.000      0.000      0.000      0.000
   125.000    -70.000      0.000      0.000      0.000      0.000
   130.000    -70.000      0.000      0.000      0.000      0.000
   135.000    -70.000      0.000      0.000      0.000      0.000
   140.000    -70.000      0.000      0.000      0.000      0.000
   145.000    -70.000      0.000      0.000      0.000      0.000
   -25.000    -65.000      0.000      0.000      0.000      0.000
   -20.000    -65.000      0.000      0.000      0.000      0.000
   -15.000    -65.000      0.000      0.000      0.000      0.000
   -10.000    -65.000      0.000      0.000      0.000      0.000
    -5.000    -65.000      0.000      0.000      0.000      0.000
     0.000    -65.000      0.000      0.000      0.000      0.000
     5.000    -65.000      0.000      0.000      0.000      0.000
    10.000    -65.000      0.000      0.000      0.000      0.000
    15.000    -65.000      0.000      0.000      0.000      0.000
    20.000    -65.000      0.000      0.000      0.000      0.000
    25.000    -65.000      0.000      0.000      0.000      0.000
    30.000    -65.000      0.000      0.000      0.000      0.000
    35.000    -65.000      0.000      0.000      0.000      0.000
    40.000    -65.000      0.000      0.000      0.000      0.000
    45.000    -65.000      0.000      0.000      0.000      0.000
    50.000    -65.000      0.000      0.000      0.000      0.000
    55.000    -65.000      0.000      0.000      0.000      0.000
    60.000    -65.000      0.000      0.000      0.000      0.000
    65.000    -65.000      0.000      0.000      0.000      0.000
    70.000    -65.000      0.000      0.000      0.000      0.000
    75.000    -65.000      0.000      0.000      0.000      0.000
    80.000    -65.000      0.000      0.000      0.000      0.000
    85.000    -65.000      0.000      0.000      0.000      0.000
    90.000    -65.000      0.000      0.000      0.000      0.000
    95.000    -65.000      0.000      0.000      0.000      0.000
   100.000    -65.000      0.000      0.000      0.000      0.000
   105.000    -65.000      0.000      0.000      0.000      0.000
   110.000    -65.000      0.000      0.000      0.000      0.000
   115.000    -65.000      0.000      0.000      0.000      0.000
   120.000    -65.000      0.000      0.000      0.000      0.000
   125.000    -65.000      0.000      0.000      0.000      0.000
   130.000    -65.000      0.000      0.000      0.000      0.000
   135.000    -65.000      0.000      0.000      0.000      0.000
   140.000    -65.000      0.000      0.000      0.000      0.000
   145.000    -65.000      0.000      0.000      0.000      0.000
   -25.000    -60.000      0.000      0.000      0.000      0.000
   -20.000    -60.000      0.000      0.000      0.000      0.000
   -15.000    -60.000      0.000      0.000      0.000      0.000
   -10.000    -60.000      0.000      0.000      0.000      0.000
    -5.000    -60.000      0.000      0.000      0.000      0.000
     0.000    -60.000      0.000      0.000      0.000      0.000
     5.000    -60.000      0.000      0.000      0.000      0.000
    10.000    -60.000      0.000      0.000      0.000      0.000
    15.000    -60.000      0.000      0.000      0.000      0.000
    20.000    -60.000      0.000      0.000      0.000      0.000
    25.000    -60.000      0.000      0.000      0.000      0.000
    30.000    -60.000      0.000      0.000      0.000      0.000
    35.000    -60.000      0.000      0.000      0.000      0.000
    40.000    -60.000      0.000      0.000      0.000      0.000
    45.000    -60.000      0.000      0.000      0.000      0.000
    50.000    -60.000      0.000      0.000      0.000      0.000
    55.000    -60.000      0.000      0.000      0.000      0.000
    60.000    -60.000      0.000      0.000      0.000      0.000
    65.000    -60.000      0.000      0.000      0.000      0.000
    70.000    -60.000      0.000      0.000      0.000      0.000
    75.000    -60.000      0.000      0.000      0.000      0.000
    80.000    -60.000      0.000      0.000      0.000      0.000
    85.000    -60.000      0.000      0.000      0.000      0.000
    90.000    -60.000      0.000      0.000      0.000      0.000
    95.000    -60.000      0.000      0.000      0.000      0.000
   100.000    -60.000      0.000      0.000      0.000      0.000
   105.000    -60.000      0.000      0.000      0.000      0.000
   110.000    -60.000      0.000      0.000      0.000      0.000
   115.000    -60.000      0.000      0.000      0.000      0.000
   120.000    -60.000      0.000      0.000      0.000      0.000
   125.000    -60.000      0.000      0.000      0.000      0.000
   130.000    -60.000      0.000      0.000      0.000      0.000
   135.000    -60.000      0.000      0.000      0.000      0.000
   140.000    -60.000      0.000      0.000      0.000      0.000
   145.000    -60.000      0.000      0.000      0.000      0.000
   -25.000    -55.000      0.000      0.000      0.000      0.000
   -20.000    -55.000      0.000      0.000      0.000      0.000
   -15.000    -55.000      0.000      0.000      0.000      0.000
   -10.000    -55.000      0.047     29.616      0.183    -33.410
    -5.000    -55.000      0.111     62.361      0.339     35.364
     0.000    -55.000      0.203     75.219      0.680     65.306
     5.000    -55.000      0.275     78.034      0.881     77.047
    10.000    -55.000      0.326     80.742      1.012     76.247
    15.000    -55.000      0.299     85.037      1.167     83.127
    20.000    -55.000      0.186     88.638      1.027     91.485
    25.000    -55.000      0.041     67.629      0.217    103.695
    30.000    -55.000      0.097    -31.736      0.140    -19.721
    35.000    -55.000      0.087    -26.755      0.157     -9.905
    40.000    -55.000      0.063   -118.955      0.065   -118.978
    45.000    -55.000      0.002    -29.599      0.002    -29.599
    50.000    -55.000      0.000      0.000      0.000      0.000
    55.000    -55.000      0.000      0.000      0.000      0.000
    60.000    -55.000      0.000      0.000      0.000      0.000
    65.000    -55.000      0.000      0.000      0.000      0.000
    70.000    -55.000      0.000      0.000      0.000      0.000
    75.000    -55.000      0.000      0.000      0.000      0.000
    80.000    -55.000      0.000      0.000      0.000      0.000
    85.000    -55.000      0.000      0.000      0.000      0.000
    90.000    -55.000      0.000      0.000      0.000      0.000
    95.000    -55.000      0.000      0.000      0.000      0.000
   100.000    -55.000      0.000      0.000      0.000      0.000
   105.000    -55.000      0.000      0.000      0.000      0.000
   110.000    -55.000      0.000      0.000      0.000      0.000
   115.000    -55.000      0.000      0.000      0.000      0.000
   120.000    -55.000      0.000      0.000      0.000      0.000
   125.000    -55.000      0.000      0.000      0.000      0.000
   130.000    -55.000      0.000      0.000      0.000      0.000
   135.000    -55.000      0.000      0.000      0.000      0.000
   140.000    -55.000      0.000      0.000      0.000      0.000
   145.000    -55.000      0.000      0.000      0.000      0.000
   -25.000    -50.000      0.000      0.000      0.000      0.000
   -20.000    -50.000      0.000      0.000      0.000      0.000
   -15.000    -50.000      0.000      0.000      0.000      0.000
   -10.000    -50.000      0.025     35.594      0.275   -144.242
    -5.000    -50.000      0.062     75.004      0.362    161.482
     0.000    -50.000      0.169     92.950      0.714    127.595
     5.000    -50.000      0.282     96.446      1.075    115.219
    10.000    -50.000      0.386     97.348      1.394    102.894
    15.000    -50.000      0.408    100.297      1.688     97.902
    20.000    -50.000      0.353    103.733      1.506    100.189
    25.000    -50.000      0.186    112.933      0.999    101.473
    30.000    -50.000      0.046    109.658      0.163    119.994
    35.000    -50.000      0.036    -45.225      0.146     68.995
    40.000    -50.000      0.140    -86.956      0.226    -84.686
    45.000    -50.000      0.020    127.147      0.020    126.487
    50.000    -50.000      0.021   -136.315      0.021   -136.315
    55.000    -50.000      0.000      0.000      0.000      0.000
    60.000    -50.000      0.000      0.000      0.000      0.000
    65.000    -50.000      0.000      0.000      0.000      0.000
    70.000    -50.000      0.000      0.000      0.000      0.000
    75.000    -50.000      0.000      0.000      0.000      0.000
    80.000    -50.000      0.000      0.000      0.000      0.000
    85.000    -50.000      0.000      0.000      0.000      0.000
    90.000    -50.000      0.000      0.000      0.000      0.000
    95.000    -50.000      0.000      0.000      0.000      0.000
   100.000    -50.000      0.000      0.000      0.000      0.000
   105.000    -50.000      0.000      0.000      0.000      0.000
   110.000    -50.000      0.000      0.000      0.000      0.000
   115.000    -50.000      0.000      0.000      0.000      0.000
   120.000    -50.000      0.000      0.000      0.000      0.000
   125.000    -50.000      0.000      0.000      0.000      0.000
   130.000    -50.000      0.000      0.000      0.000      0.000
   135.000    -50.000      0.000      0.000      0.000      0.000
   140.000    -50.000      0.000      0.000      0.000      0.000
   145.000    -50.000      0.000      0.000      0.000      0.000
   -25.000    -45.000      0.000      0.000      0.000      0.000
   -20.000    -45.000      0.000      0.000      0.000      0.000
   -15.000    -45.000      0.000      0.000      0.000      0.000
   -10.000    -45.000      0.097    146.048      0.745    150.652
    -5.000    -45.000      0.168    158.444      1.194    171.943
     0.000    -45.000      0.220    160.558      1.406   -178.158
     5.000    -45.000      0.240    155.551      1.559   -178.760
    10.000    -45.000      0.253    143.865      1.665    173.937
    15.000    -45.000      0.289    131.194      1.648    165.156
    20.000    -45.000      0.287    125.652      1.146    141.863
    25.000    -45.000      0.221    121.994      0.938    134.812
    30.000    -45.000      0.132    105.103      0.500    155.141
    35.000    -45.000      0.086     65.709      0.239    150.582
    40.000    -45.000      0.060      1.647      0.110     11.278
    45.000    -45.000      0.046    -15.563      0.088    -25.664
    50.000    -45.000      0.049   -108.443      0.051   -108.358
    55.000    -45.000      0.016     80.508      0.016     80.508
    60.000    -45.000      0.000      0.000      0.000      0.000
    65.000    -45.000      0.000      0.000      0.000      0.000
    70.000    -45.000      0.000      0.000      0.000      0.000
    75.000    -45.000      0.000      0.000      0.000      0.000
    80.000    -45.000      0.000      0.000      0.000      0.000
    85.000    -45.000      0.000      0.000      0.000      0.000
    90.000    -45.000      0.000      0.000      0.000      0.000
    95.000    -45.000      0.000      0.000      0.000      0.000
   100.000    -45.000      0.000      0.000      0.000      0.000
   105.000    -45.000      0.000      0.000      0.000      0.000
   110.000    -45.000      0.000      0.000      0.000      0.000
   115.000    -45.000      0.000      0.000      0.000      0.000
   120.000    -45.000      0.000      0.000      0.000      0.000
   125.000    -45.000      0.000      0.000      0.000      0.000
   130.000    -45.000      0.000      0.000      0.000      0.000
   135.000    -45.000      0.000      0.000      0.000      0.000
   140.000    -45.000      0.000      0.000      0.000      0.000
   145.000    -45.000      0.000      0.000      0.000      0.000
   -25.000    -40.000      0.000      0.000      0.000      0.000
   -20.000    -40.000      0.000      0.000      0.000      0.000
   -15.000    -40.000      0.000      0.000      0.000      0.000
   -10.000    -40.000      0.190   -175.124      1.307   -174.929
    -5.000    -40.000      0.300   -178.764      2.078   -169.939
     0.000    -40.000      0.357    179.411      2.491   -167.017
     5.000    -40.000      0.354    177.809      2.829   -165.342
    10.000    -40.000      0.305    174.213      3.025   -163.408
    15.000    -40.000      0.233    165.680      2.929   -159.520
    20.000    -40.000      0.190    162.138      2.246   -158.620
    25.000    -40.000      0.150    170.370      1.450   -158.319
    30.000    -40.000      0.112   -175.180      0.985   -152.255
    35.000    -40.000      0.081   -152.308      0.813   -172.276
    40.000    -40.000      0.081   -121.723      0.572    164.497
    45.000    -40.000      0.084   -117.075      0.167   -150.190
    50.000    -40.000      0.073   -112.100      0.141   -106.381
    55.000    -40.000      0.118     94.374      0.122     94.329
    60.000    -40.000      0.000      0.000      0.000      0.000
    65.000    -40.000      0.000      0.000      0.000      0.000
    70.000    -40.000      0.000      0.000      0.000      0.000
    75.000    -40.000      0.000      0.000      0.000      0.000
    80.000    -40.000      0.000      0.000      0.000      0.000
    85.000    -40.000      0.000      0.000      0.000      0.000
    90.000    -40.000      0.000      0.000      0.000      0.000
    95.000    -40.000      0.000      0.000      0.000      0.000
   100.000    -40.000      0.000      0.000      0.000      0.000
   105.000    -40.000      0.000      0.000      0.000      0.000
   110.000    -40.000      0.000      0.000      0.000      0.000
   115.000    -40.000      0.000      0.000      0.000      0.000
   120.000    -40.000      0.000      0.000      0.000      0.000
   125.000    -40.000      0.000      0.000      0.000      0.000
   130.000    -40.000      0.000      0.000      0.000      0.000
   135.000    -40.000      0.000      0.000      0.000      0.000
   140.000    -40.000      0.000      0.000      0.000      0.000
   145.000    -40.000      0.000      0.000      0.000      0.000
   -25.000    -35.000      0.000      0.000      0.000      0.000
   -20.000    -35.000      0.000      0.000      0.000      0.000
   -15.000    -35.000      0.000      0.000      0.000      0.000
   -10.000    -35.000      0.194   -156.770      1.577   -155.731
    -5.000    -35.000      0.298   -163.551      2.665   -148.608
     0.000    -35.000      0.352   -166.638      3.509   -142.875
     5.000    -35.000      0.376   -169.744      4.291   -139.568
    10.000    -35.000      0.352   -169.696      4.508   -139.636
    15.000    -35.000      0.317   -159.240      4.019   -142.612
    20.000    -35.000      0.290   -144.682      3.395   -143.123
    25.000    -35.000      0.316   -132.206      2.143   -144.612
    30.000    -35.000      0.339   -127.453      1.539   -137.913
    35.000    -35.000      0.334   -126.263      1.475   -133.496
    40.000    -35.000      0.299   -123.100      0.767   -161.002
    45.000    -35.000      0.236   -122.327      0.377   -148.560
    50.000    -35.000      0.170   -119.992      0.272   -123.290
    55.000    -35.000      0.053   -131.042      0.040   -126.457
    60.000    -35.000      0.012    144.074      0.012    144.074
    65.000    -35.000      0.000      0.000      0.000      0.000
    70.000    -35.000      0.000      0.000      0.000      0.000
    75.000    -35.000      0.000      0.000      0.000      0.000
    80.000    -35.000      0.000      0.000      0.000      0.000
    85.000    -35.000      0.000      0.000      0.000      0.000
    90.000    -35.000      0.000      0.000      0.000      0.000
    95.000    -35.000      0.000      0.000      0.000      0.000
   100.000    -35.000      0.000      0.000      0.000      0.000
   105.000    -35.000      0.000      0.000      0.000      0.000
   110.000    -35.000      0.000      0.000      0.000      0.000
   115.000    -35.000      0.000      0.000      0.000      0.000
   120.000    -35.000      0.000      0.000      0.000      0.000
   125.000    -35.000      0.000      0.000      0.000      0.000
   130.000    -35.000      0.000      0.000      0.000      0.000
   135.000    -35.000      0.000      0.000      0.000      0.000
   140.000    -35.000      0.000      0.000      0.000      0.000
   145.000    -35.000      0.000      0.000      0.000      0.000
   -25.000    -30.000      0.000      0.000      0.000      0.000
   -20.000    -30.000      0.000      0.000      0.000      0.000
   -15.000    -30.000      0.000      0.000      0.000      0.000
   -10.000    -30.000      0.175   -139.155      1.897   -134.910
    -5.000    -30.000      0.314   -142.968      3.158   -132.430
     0.000    -30.000      0.414   -143.313      4.063   -130.828
     5.000    -30.000      0.491   -140.828      4.887   -130.435
    10.000    -30.000      0.513   -139.547      5.219   -129.849
    15.000    -30.000      0.522   -136.847      4.683   -128.008
    20.000    -30.000      0.522   -130.949      3.665   -125.928
    25.000    -30.000      0.534   -123.181      2.792   -123.374
    30.000    -30.000      0.540   -116.611      2.176   -117.947
    35.000    -30.000      0.497   -110.658      1.768   -112.351
    40.000    -30.000      0.435   -104.581      1.267   -114.247
    45.000    -30.000      0.382    -98.665      0.895    -99.446
    50.000    -30.000      0.279    -91.429      0.439    -78.999
    55.000    -30.000      0.144    -79.173      0.171    -74.219
    60.000    -30.000      0.085    -66.599      0.088    -66.409
    65.000    -30.000      0.000      0.000      0.000      0.000
    70.000    -30.000      0.000      0.000      0.000      0.000
    75.000    -30.000      0.000      0.000      0.000      0.000
    80.000    -30.000      0.000      0.000      0.000      0.000
    85.000    -30.000      0.000      0.000      0.000      0.000
    90.000    -30.000      0.000      0.000      0.000      0.000
    95.000    -30.000      0.000      0.000      0.000      0.000
   100.000    -30.000      0.000      0.000      0.000      0.000
   105.000    -30.000      0.000      0.000      0.000      0.000
   110.000    -30.000      0.000      0.000      0.000      0.000
   115.000    -30.000      0.000      0.000      0.000      0.000
   120.000    -30.000      0.000      0.000      0.000      0.000
   125.000    -30.000      0.000      0.000      0.000      0.000
   130.000    -30.000      0.000      0.000      0.000      0.000
   135.000    -30.000      0.000      0.000      0.000      0.000
   140.000    -30.000      0.000      0.000      0.000      0.000
   145.000    -30.000      0.000      0.000      0.000      0.000
   -25.000    -25.000      0.000      0.000      0.000      0.000
   -20.000    -25.000      0.000      0.000      0.000      0.000
   -15.000    -25.000      0.000      0.000      0.000      0.000
   -10.000    -25.000      0.134   -149.826      2.071   -119.684
    -5.000    -25.000      0.280   -147.206      3.518   -118.081
     0.000    -25.000      0.414   -142.652      4.433   -117.627
     5.000    -25.000      0.519   -136.541      4.940   -117.910
    10.000    -25.000      0.586   -130.285      4.814   -116.929
    15.000    -25.000      0.633   -123.347      3.960   -110.611
    20.000    -25.000      0.675   -116.479      3.062   -101.499
    25.000    -25.000      0.685   -109.543      2.746    -92.777
    30.000    -25.000      0.691   -102.190      2.667    -89.254
    35.000    -25.000      0.698    -95.979      2.326    -85.929
    40.000    -25.000      0.657    -90.422      1.980    -80.461
    45.000    -25.000      0.577    -82.981      1.943    -71.260
    50.000    -25.000      0.429    -73.828      1.204    -67.754
    55.000    -25.000      0.247    -62.373      0.463    -51.814
    60.000    -25.000      0.033     -3.798      0.034     -3.124
    65.000    -25.000      0.016    -81.254      0.016    -81.254
    70.000    -25.000      0.000      0.000      0.000      0.000
    75.000    -25.000      0.000      0.000      0.000      0.000
    80.000    -25.000      0.000      0.000      0.000      0.000
    85.000    -25.000      0.000      0.000      0.000      0.000
    90.000    -25.000      0.000      0.000      0.000      0.000
    95.000    -25.000      0.000      0.000      0.000      0.000
   100.000    -25.000      0.000      0.000      0.000      0.000
   105.000    -25.000      0.000      0.000      0.000      0.000
   110.000    -25.000      0.000      0.000      0.000      0.000
   115.000    -25.000      0.000      0.000      0.000      0.000
   120.000    -25.000      0.000      0.000      0.000      0.000
   125.000    -25.000      0.000      0.000      0.000      0.000
   130.000    -25.000      0.000      0.000      0.000      0.000
   135.000    -25.000      0.000      0.000      0.000      0.000
   140.000    -25.000      0.000      0.000      0.000      0.000
   145.000    -25.000      0.000      0.000      0.000      0.000
   -25.000    -20.000      0.000      0.000      0.000      0.000
   -20.000    -20.000      0.000      0.000      0.000      0.000
   -15.000    -20.000      0.000      0.000      0.000      0.000
   -10.000    -20.000      0.176   -146.367      1.894   -106.157
    -5.000    -20.000      0.329   -144.284      3.260   -108.028
     0.000    -20.000      0.441   -137.619      4.015   -107.721
     5.000    -20.000      0.520   -128.813      4.198   -105.230
    10.000    -20.000      0.601   -119.494      3.884    -99.284
    15.000    -20.000      0.664   -110.544      3.207    -87.578
    20.000    -20.000      0.716   -102.559      2.783    -69.944
    25.000    -20.000      0.760    -95.402      2.612    -58.575
    30.000    -20.000      0.814    -90.876      2.933    -61.704
    35.000    -20.000      0.830    -86.791      2.946    -66.161
    40.000    -20.000      0.825    -82.456      2.518    -71.509
    45.000    -20.000      0.753    -78.516      2.247    -66.403
    50.000    -20.000      0.605    -74.024      1.988    -70.841
    55.000    -20.000      0.342    -67.707      1.071    -67.075
    60.000    -20.000      0.037    -20.507      0.051     20.254
    65.000    -20.000      0.007     39.951      0.007     39.951
    70.000    -20.000      0.000      0.000      0.000      0.000
    75.000    -20.000      0.000      0.000      0.000      0.000
    80.000    -20.000      0.000      0.000      0.000      0.000
    85.000    -20.000      0.000      0.000      0.000      0.000
    90.000    -20.000      0.000      0.000      0.000      0.000
    95.000    -20.000      0.000      0.000      0.000      0.000
   100.000    -20.000      0.000      0.000      0.000      0.000
   105.000    -20.000      0.000      0.000      0.000      0.000
   110.000    -20.000      0.000      0.000      0.000      0.000
   115.000    -20.000      0.000      0.000      0.000      0.000
   120.000    -20.000      0.000      0.000      0.000      0.000
   125.000    -20.000      0.000      0.000      0.000      0.000
   130.000    -20.000      0.000      0.000      0.000      0.000
   135.000    -20.000      0.000      0.000      0.000      0.000
   140.000    -20.000      0.000      0.000      0.000      0.000
   145.000    -20.000      0.000      0.000      0.000      0.000
   -25.000    -15.000      0.000      0.000      0.000      0.000
   -20.000    -15.000      0.000      0.000      0.000      0.000
   -15.000    -15.000      0.000      0.000      0.000      0.000
   -10.000    -15.000      0.187   -144.600      1.690    -80.718
    -5.000    -15.000      0.315   -140.084      2.648    -81.425
     0.000    -15.000      0.407   -132.188      3.390    -80.163
     5.000    -15.000      0.481   -122.676      3.498    -75.946
    10.000    -15.000      0.542   -111.970      2.962    -64.788
    15.000    -15.000      0.602   -101.466      2.840    -47.879
    20.000    -15.000      0.675    -93.538      3.096    -32.704
    25.000    -15.000      0.734    -86.600      3.257    -31.416
    30.000    -15.000      0.790    -81.367      3.304    -37.577
    35.000    -15.000      0.838    -77.443      3.121    -44.757
    40.000    -15.000      0.840    -74.810      2.640    -60.680
    45.000    -15.000      0.776    -71.438      2.369    -66.790
    50.000    -15.000      0.648    -67.061      1.880    -64.860
    55.000    -15.000      0.415    -56.031      1.071    -59.705
    60.000    -15.000      0.171     -4.771      0.243     -7.243
    65.000    -15.000      0.110     54.359      0.113     54.445
    70.000    -15.000      0.000      0.000      0.000      0.000
    75.000    -15.000      0.000      0.000      0.000      0.000
    80.000    -15.000      0.000      0.000      0.000      0.000
    85.000    -15.000      0.000      0.000      0.000      0.000
    90.000    -15.000      0.000      0.000      0.000      0.000
    95.000    -15.000      0.000      0.000      0.000      0.000
   100.000    -15.000      0.000      0.000      0.000      0.000
   105.000    -15.000      0.000      0.000      0.000      0.000
   110.000    -15.000      0.000      0.000      0.000      0.000
   115.000    -15.000      0.000      0.000      0.000      0.000
   120.000    -15.000      0.000      0.000      0.000      0.000
   125.000    -15.000      0.000      0.000      0.000      0.000
   130.000    -15.000      0.000      0.000      0.000      0.000
   135.000    -15.000      0.000      0.000      0.000      0.000
   140.000    -15.000      0.000      0.000      0.000      0.000
   145.000    -15.000      0.000      0.000      0.000      0.000
   -25.000    -10.000      0.000      0.000      0.000      0.000
   -20.000    -10.000      0.000      0.000      0.000      0.000
   -15.000    -10.000      0.000      0.000      0.000      0.000
   -10.000    -10.000      0.154   -125.110      1.230    -31.007
    -5.000    -10.000      0.268   -122.006      2.003    -32.903
     0.000    -10.000      0.339   -118.882      2.752    -34.987
     5.000    -10.000      0.400   -111.173      3.284    -31.982
    10.000    -10.000      0.465   -100.888      3.434    -20.360
    15.000    -10.000      0.553    -91.266      3.875     -9.259
    20.000    -10.000      0.636    -84.807      4.124     -5.673
    25.000    -10.000      0.705    -79.711      3.914    -12.877
    30.000    -10.000      0.776    -75.663      3.789    -23.002
    35.000    -10.000      0.823    -71.035      3.378    -31.996
    40.000    -10.000      0.841    -68.408      2.523    -42.934
    45.000    -10.000      0.784    -66.766      2.257    -64.681
    50.000    -10.000      0.659    -64.945      1.820    -70.642
    55.000    -10.000      0.463    -62.608      0.812    -52.019
    60.000    -10.000      0.236    -57.116      0.426    -51.466
    65.000    -10.000      0.055    -62.416      0.056    -62.731
    70.000    -10.000      0.000      0.000      0.000      0.000
    75.000    -10.000      0.000      0.000      0.000      0.000
    80.000    -10.000      0.000      0.000      0.000      0.000
    85.000    -10.000      0.000      0.000      0.000      0.000
    90.000    -10.000      0.000      0.000      0.000      0.000
    95.000    -10.000      0.000      0.000      0.000      0.000
   100.000    -10.000      0.000      0.000      0.000      0.000
   105.000    -10.000      0.000      0.000      0.000      0.000
   110.000    -10.000      0.000      0.000      0.000      0.000
   115.000    -10.000      0.000      0.000      0.000      0.000
   120.000    -10.000      0.000      0.000      0.000      0.000
   125.000    -10.000      0.000      0.000      0.000      0.000
   130.000    -10.000      0.000      0.000      0.000      0.000
   135.000    -10.000      0.000      0.000      0.000      0.000
   140.000    -10.000      0.000      0.000      0.000      0.000
   145.000    -10.000      0.000      0.000      0.000      0.000
   -25.000     -5.000      0.000      0.000      0.000      0.000
   -20.000     -5.000      0.000      0.000      0.000      0.000
   -15.000     -5.000      0.000      0.000      0.000      0.000
   -10.000     -5.000      0.140    -88.730      1.391      6.162
    -5.000     -5.000      0.236    -95.718      2.460      6.306
     0.000     -5.000      0.290    -96.380      3.401      0.702
     5.000     -5.000      0.356    -92.866      4.101     -0.727
    10.000     -5.000      0.408    -87.247      4.399      8.023
    15.000     -5.000      0.475    -81.203      4.583      5.512
    20.000     -5.000      0.553    -76.514      4.702      3.240
    25.000     -5.000      0.630    -71.879      4.054     -7.490
    30.000     -5.000      0.672    -68.564      3.693    -17.396
    35.000     -5.000      0.694    -68.043      3.257    -27.340
    40.000     -5.000      0.686    -69.217      2.574    -29.942
    45.000     -5.000      0.636    -69.576      1.842    -50.562
    50.000     -5.000      0.529    -66.202      1.449    -71.912
    55.000     -5.000      0.363    -58.894      0.745    -63.075
    60.000     -5.000      0.185    -43.879      0.245      1.991
    65.000     -5.000      0.052    -56.585      0.054    -56.439
    70.000     -5.000      0.000      0.000      0.000      0.000
    75.000     -5.000      0.000      0.000      0.000      0.000
    80.000     -5.000      0.000      0.000      0.000      0.000
    85.000     -5.000      0.000      0.000      0.000      0.000
    90.000     -5.000      0.000      0.000      0.000      0.000
    95.000     -5.000      0.000      0.000      0.000      0.000
   100.000     -5.000      0.000      0.000      0.000      0.000
   105.000     -5.000      0.000      0.000      0.000      0.000
   110.000     -5.000      0.000      0.000      0.000      0.000
   115.000     -5.000      0.000      0.000      0.000      0.000
   120.000     -5.000      0.000      0.000      0.000      0.000
   125.000     -5.000      0.000      0.000      0.000      0.000
   130.000     -5.000      0.000      0.000      0.000      0.000
   135.000     -5.000      0.000      0.000      0.000      0.000
   140.000     -5.000      0.000      0.000      0.000      0.000
   145.000     -5.000      0.000      0.000      0.000      0.000
   -25.000      0.000      0.000      0.000      0.000      0.000
   -20.000      0.000      0.000      0.000      0.000      0.000
   -15.000      0.000      0.000      0.000      0.000      0.000
   -10.000      0.000      0.095    -89.694      1.209     17.845
    -5.000      0.000      0.203    -88.640      2.359     10.946
     0.000      0.000      0.281    -84.106      3.216      7.928
     5.000      0.000      0.334    -80.022      3.801      9.935
    10.000      0.000      0.362    -76.095      4.343     18.385
    15.000      0.000      0.380    -71.689      4.394     16.557
    20.000      0.000      0.395    -66.706      4.190      8.413
    25.000      0.000      0.422    -63.955      3.603      1.887
    30.000      0.000      0.441    -61.693      2.853    -12.224
    35.000      0.000      0.467    -62.112      2.457    -21.328
    40.000      0.000      0.488    -64.761      2.074    -23.023
    45.000      0.000      0.464    -65.150      1.568    -34.771
    50.000      0.000      0.396    -63.963      0.884    -51.346
    55.000      0.000      0.298    -60.062      0.557    -65.566
    60.000      0.000      0.185    -53.249      0.309    -45.987
    65.000      0.000      0.087    -65.261      0.090    -65.214
    70.000      0.000      0.000      0.000      0.000      0.000
    75.000      0.000      0.000      0.000      0.000      0.000
    80.000      0.000      0.000      0.000      0.000      0.000
    85.000      0.000      0.000      0.000      0.000      0.000
    90.000      0.000      0.000      0.000      0.000      0.000
    95.000      0.000      0.000      0.000      0.000      0.000
   100.000      0.000      0.000      0.000      0.000      0.000
   105.000      0.000      0.000      0.000      0.000      0.000
   110.000      0.000      0.000      0.000      0.000      0.000
   115.000      0.000      0.000      0.000      0.000      0.000
   120.000      0.000      0.000      0.000      0.000      0.000
   125.000      0.000      0.000      0.000      0.000      0.000
   130.000      0.000      0.000      0.000      0.000      0.000
   135.000      0.000      0.000      0.000      0.000      0.000
   140.000      0.000      0.000      0.000      0.000      0.000
   145.000      0.000      0.000      0.000      0.000      0.000
   -25.000      5.000      0.000      0.000      0.000      0.000
   -20.000      5.000      0.000      0.000      0.000      0.000
   -15.000      5.000      0.000      0.000      0.000      0.000
   -10.000      5.000      0.064   -117.422      0.849     40.246
    -5.000      5.000      0.102   -102.434      1.396     -0.627
     0.000      5.000      0.122    -89.274      2.047     -1.091
     5.000      5.000      0.145    -75.647      2.389      8.560
    10.000      5.000      0.179    -59.080      2.669     27.345
    15.000      5.000      0.208    -46.996      3.079     25.380
    20.000      5.000      0.224    -41.480      2.618      8.979
    25.000      5.000      0.227    -40.401      2.213      1.474
    30.000      5.000      0.212    -41.392      1.668     -2.086
    35.000      5.000      0.200    -43.193      1.269    -13.853
    40.000      5.000      0.205    -45.807      1.012     -0.180
    45.000      5.000      0.194    -50.335      0.814     -3.229
    50.000      5.000      0.176    -58.781      0.529      4.440
    55.000      5.000      0.144    -65.085      0.255     -2.523
    60.000      5.000      0.102    -59.804      0.230    -81.684
    65.000      5.000      0.080     22.181      0.083     22.486
    70.000      5.000      0.000      0.000      0.000      0.000
    75.000      5.000      0.000      0.000      0.000      0.000
    80.000      5.000      0.000      0.000      0.000      0.000
    85.000      5.000      0.000      0.000      0.000      0.000
    90.000      5.000      0.000      0.000      0.000      0.000
    95.000      5.000      0.000      0.000      0.000      0.000
   100.000      5.000      0.000      0.000      0.000      0.000
   105.000      5.000      0.000      0.000      0.000      0.000
   110.000      5.000      0.000      0.000      0.000      0.000
   115.000      5.000      0.000      0.000      0.000      0.000
   120.000      5.000      0.000      0.000      0.000      0.000
   125.000      5.000      0.000      0.000      0.000      0.000
   130.000      5.000      0.000      0.000      0.000      0.000
   135.000      5.000      0.000      0.000      0.000      0.000
   140.000      5.000      0.000      0.000      0.000      0.000
   145.000      5.000      0.000      0.000      0.000      0.000
   -25.000     10.000      0.000      0.000      0.000      0.000
   -20.000     10.000      0.000      0.000      0.000      0.000
   -15.000     10.000      0.000      0.000      0.000      0.000
   -10.000     10.000      0.000      0.000      0.000      0.000
    -5.000     10.000      0.000      0.000      0.000      0.000
     0.000     10.000      0.000      0.000      0.000      0.000
     5.000     10.000      0.000      0.000      0.000      0.000
    10.000     10.000      0.000      0.000      0.000      0.000
    15.000     10.000      0.000      0.000      0.000      0.000
    20.000     10.000      0.000      0.000      0.000      0.000
    25.000     10.000      0.000      0.000      0.000      0.000
    30.000     10.000      0.000      0.000      0.000      0.000
    35.000     10.000      0.000      0.000      0.000      0.000
    40.000     10.000      0.000      0.000      0.000      0.000
    45.000     10.000      0.000      0.000      0.000      0.000
    50.000     10.000      0.000      0.000      0.000      0.000
    55.000     10.000      0.000      0.000      0.000      0.000
    60.000     10.000      0.000      0.000      0.000      0.000
    65.000     10.000      0.000      0.000      0.000      0.000
    70.000     10.000      0.000      0.000      0.000      0.000
    75.000     10.000      0.000      0.000      0.000      0.000
    80.000     10.000      0.000      0.000      0.000      0.000
    85.000     10.000      0.000      0.000      0.000      0.000
    90.000     10.000      0.000      0.000      0.000      0.000
    95.000     10.000      0.000      0.000      0.000      0.000
   100.000     10.000      0.000      0.000      0.000      0.000
   105.000     10.000      0.000      0.000      0.000      0.000
   110.000     10.000      0.000      0.000      0.000      0.000
   115.000     10.000      0.000      0.000      0.000      0.000
   120.000     10.000      0.000      0.000      0.000      0.000
   125.000     10.000      0.000      0.000      0.000      0.000
   130.000     10.000      0.000      0.000      0.000      0.000
   135.000     10.000      0.000      0.000      0.000      0.000
   140.000     10.000      0.000      0.000      0.000      0.000
   145.000     10.000      0.000      0.000      0.000      0.000
   -25.000     15.000      0.000      0.000      0.000      0.000
   -20.000     15.000      0.000      0.000      0.000      0.000
   -15.000     15.000      0.000      0.000      0.000      0.000
   -10.000     15.000      0.000      0.000      0.000      0.000
    -5.000     15.000      0.000      0.000      0.000      0.000
     0.000     15.000      0.000      0.000      0.000      0.000
     5.000     15.000      0.000      0.000      0.000      0.000
    10.000     15.000      0.000      0.000      0.000      0.000
    15.000     15.000      0.000      0.000      0.000      0.000
    20.000     15.000      0.000      0.000      0.000      0.000
    25.000     15.000      0.000      0.000      0.000      0.000
    30.000     15.000      0.000      0.000      0.000      0.000
    35.000     15.000      0.000      0.000      0.000      0.000
    40.000     15.000      0.000      0.000      0.000      0.000
    45.000     15.000      0.000      0.000      0.000      0.000
    50.000     15.000      0.000      0.000      0.000      0.000
    55.000     15.000      0.000      0.000      0.000      0.000
    60.000     15.000      0.000      0.000      0.000      0.000
    65.000     15.000      0.000      0.000      0.000      0.000
    70.000     15.000      0.000      0.000      0.000      0.000
    75.000     15.000      0.000      0.000      0.000      0.000
    80.000     15.000      0.000      0.000      0.000      0.000
    85.000     15.000      0.000      0.000      0.000      0.000
    90.000     15.000      0.000      0.000      0.000      0.000
    95.000     15.000      0.000      0.000      0.000      0.000
   100.000     15.000      0.000      0.000      0.000      0.000
   105.000     15.000      0.000      0.000      0.000      0.000
   110.000     15.000      0.000      0.000      0.000      0.000
   115.000     15.000      0.000      0.000      0.000      0.000
   120.000     15.000      0.000      0.000      0.000      0.000
   125.000     15.000      0.000      0.000      0.000      0.000
   130.000     15.000      0.000      0.000      0.000      0.000
   135.000     15.000      0.000      0.000      0.000      0.000
   140.000     15.000      0.000      0.000      0.000      0.000
   145.000     15.000      0.000      0.000      0.000      0.000
   -25.000     20.000      0.000      0.000      0.000      0.000
   -20.000     20.000      0.000      0.000      0.000      0.000
   -15.000     20.000      0.000      0.000      0.000      0.000
   -10.000     20.000      0.000      0.000      0.000      0.000
    -5.000     20.000      0.000      0.000      0.000      0.000
     0.000     20.000      0.000      0.000      0.000      0.000
     5.000     20.000      0.000      0.000      0.000      0.000
    10.000     20.000      0.000      0.000      0.000      0.000
    15.000     20.000      0.000      0.000      0.000      0.000
    20.000     20.000      0.000      0.000      0.000      0.000
    25.000     20.000      0.000      0.000      0.000      0.000
    30.000     20.000      0.000      0.000      0.000      0.000
    35.000     20.000      0.000      0.000      0.000      0.000
    40.000     20.000      0.000      0.000      0.000      0.000
    45.000     20.000      0.000      0.000      0.000      0.000
    50.000     20.000      0.000      0.000      0.000      0.000
    55.000     20.000      0.000      0.000      0.000      0.000
    60.000     20.000      0.000      0.000      0.000      0.000
    65.000     20.000      0.000      0.000      0.000      0.000
    70.000     20.000      0.000      0.000      0.000      0.000
    75.000     20.000      0.000      0.000      0.000      0.000
    80.000     20.000      0.000      0.000      0.000      0.000
    85.000     20.000      0.000      0.000      0.000      0.000
    90.000     20.000      0.000      0.000      0.000      0.000
    95.000     20.000      0.000      0.000      0.000      0.000
   100.000     20.000      0.000      0.000      0.000      0.000
   105.000     20.000      0.000      0.000      0.000      0.000
   110.000     20.000      0.000      0.000      0.000      0.000
   115.000     20.000      0.000      0.000      0.000      0.000
   120.000     20.000      0.000      0.000      0.000      0.000
   125.000     20.000      0.000      0.000      0.000      0.000
   130.000     20.000      0.000      0.000      0.000      0.000
   135.000     20.000      0.000      0.000      0.000      0.000
   140.000     20.000      0.000      0.000      0.000      0.000
   145.000     20.000      0.000      0.000      0.000      0.000
