   -25.000    -70.000      0.000      0.000      0.000      0.000
   -20.000    -70.000      0.000      0.000      0.000      0.000
   -15.000    -70.000      0.000      0.000      0.000      0.000
   -10.000    -70.000      0.000      0.000      0.000      0.000
    -5.000    -70.000      0.000      0.000      0.000      0.000
     0.000    -70.000      0.000      0.000      0.000      0.000
     5.000    -70.000      0.000      0.000      0.000      0.000
    10.000    -70.000      0.000      0.000      0.000      0.000
    15.000    -70.000      0.000      0.000      0.000      0.000
    20.000    -70.000      0.000      0.000      0.000      0.000
    25.000    -70.000      0.000      0.000      0.000      0.000
    30.000    -70.000      0.000      0.000      0.000      0.000
    35.000    -70.000      0.000      0.000      0.000      0.000
    40.000    -70.000      0.000      0.000      0.000      0.000
    45.000    -70.000      0.000      0.000      0.000      0.000
    50.000    -70.000      0.000      0.000      0.000      0.000
    55.000    -70.000      0.000      0.000      0.000      0.000
    60.000    -70.000      0.000      0.000      0.000      0.000
    65.000    -70.000      0.000      0.000      0.000      0.000
    70.000    -70.000      0.000      0.000      0.000      0.000
    75.000    -70.000      0.000      0.000      0.000      0.000
    80.000    -70.000      0.000      0.000      0.000      0.000
    85.000    -70.000      0.000      0.000      0.000      0.000
    90.000    -70.000      0.000      0.000      0.000      0.000
    95.000    -70.000      0.000      0.000      0.000      0.000
   100.000    -70.000      0.000      0.000      0.000      0.000
   105.000    -70.000      0.000      0.000      0.000      0.000
   110.000    -70.000      0.000      0.000      0.000      0.000
   115.000    -70.000      0.000      0.000      0.000      0.000
   120.000    -70.000      0.000      0.000      0.000      0.000
   125.000    -70.000      0.000      0.000      0.000      0.000
   130.000    -70.000      0.000      0.000      0.000      0.000
   135.000    -70.000      0.000      0.000      0.000      0.000
   140.000    -70.000      0.000      0.000      0.000      0.000
   145.000    -70.000      0.000      0.000      0.000      0.000
   -25.000    -65.000      0.000      0.000      0.000      0.000
   -20.000    -65.000      0.000      0.000      0.000      0.000
   -15.000    -65.000      0.000      0.000      0.000      0.000
   -10.000    -65.000      0.000      0.000      0.000      0.000
    -5.000    -65.000      0.000      0.000      0.000      0.000
     0.000    -65.000      0.000      0.000      0.000      0.000
     5.000    -65.000      0.000      0.000      0.000      0.000
    10.000    -65.000      0.000      0.000      0.000      0.000
    15.000    -65.000      0.000      0.000      0.000      0.000
    20.000    -65.000      0.000      0.000      0.000      0.000
    25.000    -65.000      0.000      0.000      0.000      0.000
    30.000    -65.000      0.000      0.000      0.000      0.000
    35.000    -65.000      0.000      0.000      0.000      0.000
    40.000    -65.000      0.000      0.000      0.000      0.000
    45.000    -65.000      0.000      0.000      0.000      0.000
    50.000    -65.000      0.000      0.000      0.000      0.000
    55.000    -65.000      0.000      0.000      0.000      0.000
    60.000    -65.000      0.000      0.000      0.000      0.000
    65.000    -65.000      0.000      0.000      0.000      0.000
    70.000    -65.000      0.000      0.000      0.000      0.000
    75.000    -65.000      0.000      0.000      0.000      0.000
    80.000    -65.000      0.000      0.000      0.000      0.000
    85.000    -65.000      0.000      0.000      0.000      0.000
    90.000    -65.000      0.000      0.000      0.000      0.000
    95.000    -65.000      0.000      0.000      0.000      0.000
   100.000    -65.000      0.000      0.000      0.000      0.000
   105.000    -65.000      0.000      0.000      0.000      0.000
   110.000    -65.000      0.000      0.000      0.000      0.000
   115.000    -65.000      0.000      0.000      0.000      0.000
   120.000    -65.000      0.000      0.000      0.000      0.000
   125.000    -65.000      0.000      0.000      0.000      0.000
   130.000    -65.000      0.000      0.000      0.000      0.000
   135.000    -65.000      0.000      0.000      0.000      0.000
   140.000    -65.000      0.000      0.000      0.000      0.000
   145.000    -65.000      0.000      0.000      0.000      0.000
   -25.000    -60.000      0.000      0.000      0.000      0.000
   -20.000    -60.000      0.000      0.000      0.000      0.000
   -15.000    -60.000      0.000      0.000      0.000      0.000
   -10.000    -60.000      0.000      0.000      0.000      0.000
    -5.000    -60.000      0.000      0.000      0.000      0.000
     0.000    -60.000      0.000      0.000      0.000      0.000
     5.000    -60.000      0.000      0.000      0.000      0.000
    10.000    -60.000      0.000      0.000      0.000      0.000
    15.000    -60.000      0.000      0.000      0.000      0.000
    20.000    -60.000      0.000      0.000      0.000      0.000
    25.000    -60.000      0.000      0.000      0.000      0.000
    30.000    -60.000      0.000      0.000      0.000      0.000
    35.000    -60.000      0.000      0.000      0.000      0.000
    40.000    -60.000      0.000      0.000      0.000      0.000
    45.000    -60.000      0.000      0.000      0.000      0.000
    50.000    -60.000      0.000      0.000      0.000      0.000
    55.000    -60.000      0.000      0.000      0.000      0.000
    60.000    -60.000      0.000      0.000      0.000      0.000
    65.000    -60.000      0.000      0.000      0.000      0.000
    70.000    -60.000      0.000      0.000      0.000      0.000
    75.000    -60.000      0.000      0.000      0.000      0.000
    80.000    -60.000      0.000      0.000      0.000      0.000
    85.000    -60.000      0.000      0.000      0.000      0.000
    90.000    -60.000      0.000      0.000      0.000      0.000
    95.000    -60.000      0.000      0.000      0.000      0.000
   100.000    -60.000      0.000      0.000      0.000      0.000
   105.000    -60.000      0.000      0.000      0.000      0.000
   110.000    -60.000      0.000      0.000      0.000      0.000
   115.000    -60.000      0.000      0.000      0.000      0.000
   120.000    -60.000      0.000      0.000      0.000      0.000
   125.000    -60.000      0.000      0.000      0.000      0.000
   130.000    -60.000      0.000      0.000      0.000      0.000
   135.000    -60.000      0.000      0.000      0.000      0.000
   140.000    -60.000      0.000      0.000      0.000      0.000
   145.000    -60.000      0.000      0.000      0.000      0.000
   -25.000    -55.000      0.000      0.000      0.000      0.000
   -20.000    -55.000      0.000      0.000      0.000      0.000
   -15.000    -55.000      0.000      0.000      0.000      0.000
   -10.000    -55.000      0.080     83.084      0.170     84.642
    -5.000    -55.000      0.138     80.644      0.684     80.299
     0.000    -55.000      0.160     75.371      1.288     82.386
     5.000    -55.000      0.185     68.796      1.703     84.445
    10.000    -55.000      0.181     66.953      1.968     81.888
    15.000    -55.000      0.155     78.974      2.207     84.467
    20.000    -55.000      0.127     97.069      2.062     88.361
    25.000    -55.000      0.136    106.143      1.189     87.587
    30.000    -55.000      0.134    113.453      0.842     73.674
    35.000    -55.000      0.141    124.150      0.720     72.525
    40.000    -55.000      0.158    129.126      0.541     92.996
    45.000    -55.000      0.157    128.297      0.596     83.298
    50.000    -55.000      0.138    125.250      0.593     75.520
    55.000    -55.000      0.140    124.212      0.269     97.024
    60.000    -55.000      0.164    126.537      0.292    121.696
    65.000    -55.000      0.025    126.401      0.025    126.401
    70.000    -55.000      0.000      0.000      0.000      0.000
    75.000    -55.000      0.000      0.000      0.000      0.000
    80.000    -55.000      0.000      0.000      0.000      0.000
    85.000    -55.000      0.000      0.000      0.000      0.000
    90.000    -55.000      0.000      0.000      0.000      0.000
    95.000    -55.000      0.000      0.000      0.000      0.000
   100.000    -55.000      0.000      0.000      0.000      0.000
   105.000    -55.000      0.000      0.000      0.000      0.000
   110.000    -55.000      0.000      0.000      0.000      0.000
   115.000    -55.000      0.000      0.000      0.000      0.000
   120.000    -55.000      0.000      0.000      0.000      0.000
   125.000    -55.000      0.000      0.000      0.000      0.000
   130.000    -55.000      0.000      0.000      0.000      0.000
   135.000    -55.000      0.000      0.000      0.000      0.000
   140.000    -55.000      0.000      0.000      0.000      0.000
   145.000    -55.000      0.000      0.000      0.000      0.000
   -25.000    -50.000      0.000      0.000      0.000      0.000
   -20.000    -50.000      0.000      0.000      0.000      0.000
   -15.000    -50.000      0.000      0.000      0.000      0.000
   -10.000    -50.000      0.080     87.623      0.411    152.942
    -5.000    -50.000      0.185     79.450      0.987    122.451
     0.000    -50.000      0.267     77.767      1.716    109.983
     5.000    -50.000      0.332     78.147      2.355    102.984
    10.000    -50.000      0.333     80.992      2.868     96.249
    15.000    -50.000      0.324     84.773      3.236     93.384
    20.000    -50.000      0.315     90.204      2.989     94.144
    25.000    -50.000      0.303     97.024      2.340     93.784
    30.000    -50.000      0.266    104.622      1.293     93.124
    35.000    -50.000      0.239    111.576      1.064     91.772
    40.000    -50.000      0.215    119.415      0.557    112.852
    45.000    -50.000      0.204    122.755      0.745    120.526
    50.000    -50.000      0.198    128.264      0.571    147.798
    55.000    -50.000      0.221    131.146      0.398    152.544
    60.000    -50.000      0.239    127.622      0.549    125.447
    65.000    -50.000      0.147    115.333      0.220    115.431
    70.000    -50.000      0.022   -124.695      0.022   -124.695
    75.000    -50.000      0.000      0.000      0.000      0.000
    80.000    -50.000      0.000      0.000      0.000      0.000
    85.000    -50.000      0.000      0.000      0.000      0.000
    90.000    -50.000      0.000      0.000      0.000      0.000
    95.000    -50.000      0.000      0.000      0.000      0.000
   100.000    -50.000      0.000      0.000      0.000      0.000
   105.000    -50.000      0.000      0.000      0.000      0.000
   110.000    -50.000      0.000      0.000      0.000      0.000
   115.000    -50.000      0.000      0.000      0.000      0.000
   120.000    -50.000      0.000      0.000      0.000      0.000
   125.000    -50.000      0.000      0.000      0.000      0.000
   130.000    -50.000      0.000      0.000      0.000      0.000
   135.000    -50.000      0.000      0.000      0.000      0.000
   140.000    -50.000      0.000      0.000      0.000      0.000
   145.000    -50.000      0.000      0.000      0.000      0.000
   -25.000    -45.000      0.000      0.000      0.000      0.000
   -20.000    -45.000      0.000      0.000      0.000      0.000
   -15.000    -45.000      0.000      0.000      0.000      0.000
   -10.000    -45.000      0.137     84.199      1.016    138.445
    -5.000    -45.000      0.238     85.377      1.601    148.798
     0.000    -45.000      0.278     85.904      1.861    149.844
     5.000    -45.000      0.306     86.662      2.109    145.155
    10.000    -45.000      0.347     88.369      2.379    138.290
    15.000    -45.000      0.343     89.317      2.473    132.574
    20.000    -45.000      0.317     90.769      2.189    116.425
    25.000    -45.000      0.293     94.519      1.844    114.620
    30.000    -45.000      0.275    100.367      1.154    123.855
    35.000    -45.000      0.257    110.126      0.820    130.180
    40.000    -45.000      0.234    123.117      0.526    138.661
    45.000    -45.000      0.235    132.887      0.642    160.194
    50.000    -45.000      0.246    142.238      0.861    168.001
    55.000    -45.000      0.280    146.722      0.901    150.244
    60.000    -45.000      0.285    147.242      0.737    152.658
    65.000    -45.000      0.188    149.714      0.366    151.823
    70.000    -45.000      0.031   -151.718      0.033   -149.743
    75.000    -45.000      0.016   -117.350      0.016   -117.350
    80.000    -45.000      0.000      0.000      0.000      0.000
    85.000    -45.000      0.000      0.000      0.000      0.000
    90.000    -45.000      0.000      0.000      0.000      0.000
    95.000    -45.000      0.000      0.000      0.000      0.000
   100.000    -45.000      0.000      0.000      0.000      0.000
   105.000    -45.000      0.000      0.000      0.000      0.000
   110.000    -45.000      0.000      0.000      0.000      0.000
   115.000    -45.000      0.000      0.000      0.000      0.000
   120.000    -45.000      0.000      0.000      0.000      0.000
   125.000    -45.000      0.000      0.000      0.000      0.000
   130.000    -45.000      0.000      0.000      0.000      0.000
   135.000    -45.000      0.000      0.000      0.000      0.000
   140.000    -45.000      0.000      0.000      0.000      0.000
   145.000    -45.000      0.000      0.000      0.000      0.000
   -25.000    -40.000      0.000      0.000      0.000      0.000
   -20.000    -40.000      0.000      0.000      0.000      0.000
   -15.000    -40.000      0.000      0.000      0.000      0.000
   -10.000    -40.000      0.146     90.410      1.468    175.898
    -5.000    -40.000      0.179    100.938      2.370    178.991
     0.000    -40.000      0.197     97.071      2.820    179.609
     5.000    -40.000      0.207     88.294      3.117   -179.764
    10.000    -40.000      0.187     83.362      3.230   -177.466
    15.000    -40.000      0.151     81.326      3.055   -172.135
    20.000    -40.000      0.115     91.517      2.395   -169.487
    25.000    -40.000      0.110    113.184      1.671   -165.414
    30.000    -40.000      0.118    135.156      1.338   -153.160
    35.000    -40.000      0.157    151.658      1.319   -160.082
    40.000    -40.000      0.220    158.778      1.203   -166.525
    45.000    -40.000      0.280    164.521      1.087   -154.567
    50.000    -40.000      0.320    167.240      1.098   -163.570
    55.000    -40.000      0.329    169.260      1.097    162.088
    60.000    -40.000      0.308    169.950      0.965    160.885
    65.000    -40.000      0.247    172.266      0.636    170.506
    70.000    -40.000      0.132    163.879      0.211    146.039
    75.000    -40.000      0.025     97.539      0.025     97.539
    80.000    -40.000      0.000      0.000      0.000      0.000
    85.000    -40.000      0.000      0.000      0.000      0.000
    90.000    -40.000      0.000      0.000      0.000      0.000
    95.000    -40.000      0.000      0.000      0.000      0.000
   100.000    -40.000      0.000      0.000      0.000      0.000
   105.000    -40.000      0.000      0.000      0.000      0.000
   110.000    -40.000      0.000      0.000      0.000      0.000
   115.000    -40.000      0.000      0.000      0.000      0.000
   120.000    -40.000      0.000      0.000      0.000      0.000
   125.000    -40.000      0.000      0.000      0.000      0.000
   130.000    -40.000      0.000      0.000      0.000      0.000
   135.000    -40.000      0.000      0.000      0.000      0.000
   140.000    -40.000      0.000      0.000      0.000      0.000
   145.000    -40.000      0.000      0.000      0.000      0.000
   -25.000    -35.000      0.000      0.000      0.000      0.000
   -20.000    -35.000      0.000      0.000      0.000      0.000
   -15.000    -35.000      0.000      0.000      0.000      0.000
   -10.000    -35.000      0.024    126.045      1.857   -159.928
    -5.000    -35.000      0.035     91.632      3.118   -154.394
     0.000    -35.000      0.057     77.004      4.032   -149.018
     5.000    -35.000      0.060     84.752      4.836   -144.493
    10.000    -35.000      0.041    104.245      5.090   -142.550
    15.000    -35.000      0.016    133.231      4.662   -142.470
    20.000    -35.000      0.052   -107.165      4.184   -138.754
    25.000    -35.000      0.097   -114.087      3.121   -132.920
    30.000    -35.000      0.149   -124.884      2.790   -122.919
    35.000    -35.000      0.218   -133.089      2.948   -119.611
    40.000    -35.000      0.281   -144.037      2.225   -126.784
    45.000    -35.000      0.341   -153.511      1.953   -126.582
    50.000    -35.000      0.391   -162.311      1.731   -135.645
    55.000    -35.000      0.423   -164.789      1.357   -159.812
    60.000    -35.000      0.421   -161.800      1.267   -179.261
    65.000    -35.000      0.367   -153.639      0.883    179.622
    70.000    -35.000      0.259   -138.410      0.419   -163.059
    75.000    -35.000      0.150   -117.889      0.165   -118.311
    80.000    -35.000      0.038    -74.730      0.038    -74.730
    85.000    -35.000      0.000      0.000      0.000      0.000
    90.000    -35.000      0.000      0.000      0.000      0.000
    95.000    -35.000      0.000      0.000      0.000      0.000
   100.000    -35.000      0.000      0.000      0.000      0.000
   105.000    -35.000      0.000      0.000      0.000      0.000
   110.000    -35.000      0.000      0.000      0.000      0.000
   115.000    -35.000      0.000      0.000      0.000      0.000
   120.000    -35.000      0.000      0.000      0.000      0.000
   125.000    -35.000      0.000      0.000      0.000      0.000
   130.000    -35.000      0.000      0.000      0.000      0.000
   135.000    -35.000      0.000      0.000      0.000      0.000
   140.000    -35.000      0.000      0.000      0.000      0.000
   145.000    -35.000      0.000      0.000      0.000      0.000
   -25.000    -30.000      0.000      0.000      0.000      0.000
   -20.000    -30.000      0.000      0.000      0.000      0.000
   -15.000    -30.000      0.000      0.000      0.000      0.000
   -10.000    -30.000      0.071   -108.260      2.308   -140.439
    -5.000    -30.000      0.094   -106.348      3.899   -137.807
     0.000    -30.000      0.109   -100.869      5.058   -135.081
     5.000    -30.000      0.125    -97.636      6.086   -132.643
    10.000    -30.000      0.149    -96.646      6.608   -129.578
    15.000    -30.000      0.176   -100.385      6.304   -124.911
    20.000    -30.000      0.232   -105.071      5.582   -119.421
    25.000    -30.000      0.288   -105.935      5.030   -113.786
    30.000    -30.000      0.369   -105.524      4.714   -108.048
    35.000    -30.000      0.443   -107.705      4.504   -104.511
    40.000    -30.000      0.518   -112.597      4.020   -105.460
    45.000    -30.000      0.554   -119.169      3.446   -104.692
    50.000    -30.000      0.565   -127.559      2.551   -110.217
    55.000    -30.000      0.562   -136.628      1.889   -127.863
    60.000    -30.000      0.544   -141.743      1.614   -147.216
    65.000    -30.000      0.493   -141.421      1.435   -159.946
    70.000    -30.000      0.418   -131.326      0.832   -156.190
    75.000    -30.000      0.368   -110.705      0.620   -112.975
    80.000    -30.000      0.077    -89.582      0.077    -89.582
    85.000    -30.000      0.000      0.000      0.000      0.000
    90.000    -30.000      0.000      0.000      0.000      0.000
    95.000    -30.000      0.000      0.000      0.000      0.000
   100.000    -30.000      0.000      0.000      0.000      0.000
   105.000    -30.000      0.000      0.000      0.000      0.000
   110.000    -30.000      0.000      0.000      0.000      0.000
   115.000    -30.000      0.000      0.000      0.000      0.000
   120.000    -30.000      0.000      0.000      0.000      0.000
   125.000    -30.000      0.000      0.000      0.000      0.000
   130.000    -30.000      0.000      0.000      0.000      0.000
   135.000    -30.000      0.000      0.000      0.000      0.000
   140.000    -30.000      0.000      0.000      0.000      0.000
   145.000    -30.000      0.000      0.000      0.000      0.000
   -25.000    -25.000      0.000      0.000      0.000      0.000
   -20.000    -25.000      0.000      0.000      0.000      0.000
   -15.000    -25.000      0.000      0.000      0.000      0.000
   -10.000    -25.000      0.088   -120.098      2.592   -126.638
    -5.000    -25.000      0.164   -127.789      4.537   -124.612
     0.000    -25.000      0.246   -122.754      5.904   -122.849
     5.000    -25.000      0.312   -114.026      6.831   -121.030
    10.000    -25.000      0.384   -104.628      7.079   -117.841
    15.000    -25.000      0.442    -98.829      6.615   -110.894
    20.000    -25.000      0.501    -97.652      6.119   -103.156
    25.000    -25.000      0.569    -97.502      6.172    -97.009
    30.000    -25.000      0.635    -97.680      6.361    -94.156
    35.000    -25.000      0.682    -99.685      6.110    -92.343
    40.000    -25.000      0.713   -103.897      5.647    -90.731
    45.000    -25.000      0.712   -109.060      5.187    -88.403
    50.000    -25.000      0.689   -115.185      3.889    -92.496
    55.000    -25.000      0.665   -122.434      2.443   -102.495
    60.000    -25.000      0.636   -130.799      1.653   -126.878
    65.000    -25.000      0.586   -137.108      1.486   -139.071
    70.000    -25.000      0.498   -138.363      1.031   -148.359
    75.000    -25.000      0.380   -130.090      0.473   -140.085
    80.000    -25.000      0.297   -107.969      0.325   -108.024
    85.000    -25.000      0.000      0.000      0.000      0.000
    90.000    -25.000      0.000      0.000      0.000      0.000
    95.000    -25.000      0.000      0.000      0.000      0.000
   100.000    -25.000      0.000      0.000      0.000      0.000
   105.000    -25.000      0.000      0.000      0.000      0.000
   110.000    -25.000      0.000      0.000      0.000      0.000
   115.000    -25.000      0.000      0.000      0.000      0.000
   120.000    -25.000      0.000      0.000      0.000      0.000
   125.000    -25.000      0.000      0.000      0.000      0.000
   130.000    -25.000      0.000      0.000      0.000      0.000
   135.000    -25.000      0.000      0.000      0.000      0.000
   140.000    -25.000      0.000      0.000      0.000      0.000
   145.000    -25.000      0.000      0.000      0.000      0.000
   -25.000    -20.000      0.000      0.000      0.000      0.000
   -20.000    -20.000      0.000      0.000      0.000      0.000
   -15.000    -20.000      0.000      0.000      0.000      0.000
   -10.000    -20.000      0.131   -158.706      2.458   -115.878
    -5.000    -20.000      0.210   -148.913      4.419   -116.495
     0.000    -20.000      0.287   -133.702      5.743   -115.179
     5.000    -20.000      0.376   -120.831      6.454   -112.034
    10.000    -20.000      0.468   -110.798      6.609   -106.612
    15.000    -20.000      0.569   -102.558      6.360    -98.782
    20.000    -20.000      0.684    -97.840      6.255    -89.530
    25.000    -20.000      0.789    -95.360      6.381    -83.941
    30.000    -20.000      0.859    -95.189      7.069    -82.548
    35.000    -20.000      0.904    -96.815      7.299    -82.928
    40.000    -20.000      0.909    -99.862      6.839    -84.728
    45.000    -20.000      0.864   -104.022      6.126    -82.769
    50.000    -20.000      0.803   -109.544      5.226    -84.548
    55.000    -20.000      0.729   -116.706      3.447    -87.285
    60.000    -20.000      0.661   -123.705      1.608   -102.486
    65.000    -20.000      0.576   -129.204      1.029   -118.318
    70.000    -20.000      0.465   -132.557      0.739   -134.025
    75.000    -20.000      0.331   -134.649      0.532   -137.618
    80.000    -20.000      0.181   -132.089      0.196   -132.309
    85.000    -20.000      0.000      0.000      0.000      0.000
    90.000    -20.000      0.000      0.000      0.000      0.000
    95.000    -20.000      0.000      0.000      0.000      0.000
   100.000    -20.000      0.000      0.000      0.000      0.000
   105.000    -20.000      0.000      0.000      0.000      0.000
   110.000    -20.000      0.000      0.000      0.000      0.000
   115.000    -20.000      0.000      0.000      0.000      0.000
   120.000    -20.000      0.000      0.000      0.000      0.000
   125.000    -20.000      0.000      0.000      0.000      0.000
   130.000    -20.000      0.000      0.000      0.000      0.000
   135.000    -20.000      0.000      0.000      0.000      0.000
   140.000    -20.000      0.000      0.000      0.000      0.000
   145.000    -20.000      0.000      0.000      0.000      0.000
   -25.000    -15.000      0.000      0.000      0.000      0.000
   -20.000    -15.000      0.000      0.000      0.000      0.000
   -15.000    -15.000      0.000      0.000      0.000      0.000
   -10.000    -15.000      0.131   -146.185      2.175    -96.003
    -5.000    -15.000      0.243   -138.793      3.699    -98.136
     0.000    -15.000      0.328   -129.646      4.993    -96.909
     5.000    -15.000      0.423   -119.787      5.611    -94.350
    10.000    -15.000      0.536   -110.761      5.478    -89.666
    15.000    -15.000      0.660   -103.461      5.548    -81.404
    20.000    -15.000      0.801    -99.545      5.855    -72.644
    25.000    -15.000      0.921    -97.636      6.438    -70.381
    30.000    -15.000      1.014    -96.950      7.075    -71.421
    35.000    -15.000      1.041    -97.033      7.320    -73.400
    40.000    -15.000      1.013    -97.873      7.151    -78.868
    45.000    -15.000      0.947    -99.262      6.619    -79.810
    50.000    -15.000      0.843   -100.968      5.477    -78.187
    55.000    -15.000      0.722   -103.114      3.804    -76.769
    60.000    -15.000      0.586   -106.505      1.958    -74.857
    65.000    -15.000      0.458   -111.094      1.059    -78.219
    70.000    -15.000      0.348   -116.474      0.748    -93.355
    75.000    -15.000      0.245   -123.139      0.401   -110.972
    80.000    -15.000      0.126   -122.924      0.138   -122.646
    85.000    -15.000      0.003      7.533      0.003      7.533
    90.000    -15.000      0.000      0.000      0.000      0.000
    95.000    -15.000      0.000      0.000      0.000      0.000
   100.000    -15.000      0.000      0.000      0.000      0.000
   105.000    -15.000      0.000      0.000      0.000      0.000
   110.000    -15.000      0.000      0.000      0.000      0.000
   115.000    -15.000      0.000      0.000      0.000      0.000
   120.000    -15.000      0.000      0.000      0.000      0.000
   125.000    -15.000      0.000      0.000      0.000      0.000
   130.000    -15.000      0.000      0.000      0.000      0.000
   135.000    -15.000      0.000      0.000      0.000      0.000
   140.000    -15.000      0.000      0.000      0.000      0.000
   145.000    -15.000      0.000      0.000      0.000      0.000
   -25.000    -10.000      0.000      0.000      0.000      0.000
   -20.000    -10.000      0.000      0.000      0.000      0.000
   -15.000    -10.000      0.000      0.000      0.000      0.000
   -10.000    -10.000      0.103   -133.692      1.296    -63.547
    -5.000    -10.000      0.225   -123.210      2.329    -69.164
     0.000    -10.000      0.357   -118.051      3.460    -70.061
     5.000    -10.000      0.485   -114.845      4.315    -67.727
    10.000    -10.000      0.605   -111.711      4.541    -62.114
    15.000    -10.000      0.725   -108.781      4.902    -53.994
    20.000    -10.000      0.841   -106.018      5.411    -51.308
    25.000    -10.000      0.930   -103.050      6.093    -56.526
    30.000    -10.000      0.981    -99.792      6.827    -60.937
    35.000    -10.000      1.011    -96.904      7.060    -65.257
    40.000    -10.000      0.988    -94.789      6.647    -70.888
    45.000    -10.000      0.914    -93.128      6.461    -76.575
    50.000    -10.000      0.809    -91.400      5.544    -76.642
    55.000    -10.000      0.694    -89.228      3.781    -70.972
    60.000    -10.000      0.576    -87.730      2.629    -68.623
    65.000    -10.000      0.446    -88.086      1.593    -68.829
    70.000    -10.000      0.322    -95.072      1.009    -73.100
    75.000    -10.000      0.232   -109.256      0.425   -104.417
    80.000    -10.000      0.130   -122.791      0.149   -110.381
    85.000    -10.000      0.051   -125.508      0.051   -125.508
    90.000    -10.000      0.000      0.000      0.000      0.000
    95.000    -10.000      0.000      0.000      0.000      0.000
   100.000    -10.000      0.000      0.000      0.000      0.000
   105.000    -10.000      0.000      0.000      0.000      0.000
   110.000    -10.000      0.000      0.000      0.000      0.000
   115.000    -10.000      0.000      0.000      0.000      0.000
   120.000    -10.000      0.000      0.000      0.000      0.000
   125.000    -10.000      0.000      0.000      0.000      0.000
   130.000    -10.000      0.000      0.000      0.000      0.000
   135.000    -10.000      0.000      0.000      0.000      0.000
   140.000    -10.000      0.000      0.000      0.000      0.000
   145.000    -10.000      0.000      0.000      0.000      0.000
   -25.000     -5.000      0.000      0.000      0.000      0.000
   -20.000     -5.000      0.000      0.000      0.000      0.000
   -15.000     -5.000      0.000      0.000      0.000      0.000
   -10.000     -5.000      0.084   -124.268      1.012    -20.479
    -5.000     -5.000      0.200   -124.796      1.850    -23.158
     0.000     -5.000      0.333   -121.212      2.889    -30.485
     5.000     -5.000      0.469   -117.201      3.773    -33.093
    10.000     -5.000      0.597   -113.925      3.980    -28.444
    15.000     -5.000      0.690   -111.448      4.620    -33.045
    20.000     -5.000      0.764   -107.942      5.239    -36.212
    25.000     -5.000      0.815   -104.190      5.674    -48.049
    30.000     -5.000      0.853   -100.458      6.181    -55.016
    35.000     -5.000      0.856    -96.620      6.415    -60.535
    40.000     -5.000      0.837    -92.327      5.997    -63.033
    45.000     -5.000      0.797    -88.188      5.562    -70.648
    50.000     -5.000      0.727    -84.939      4.923    -75.530
    55.000     -5.000      0.616    -82.015      3.646    -71.764
    60.000     -5.000      0.490    -79.231      2.321    -64.773
    65.000     -5.000      0.361    -76.351      1.567    -66.152
    70.000     -5.000      0.241    -74.754      0.786    -57.035
    75.000     -5.000      0.110    -75.394      0.222    -14.670
    80.000     -5.000      0.047   -129.018      0.026   -138.240
    85.000     -5.000      0.022   -174.529      0.022   -174.529
    90.000     -5.000      0.000      0.000      0.000      0.000
    95.000     -5.000      0.000      0.000      0.000      0.000
   100.000     -5.000      0.000      0.000      0.000      0.000
   105.000     -5.000      0.000      0.000      0.000      0.000
   110.000     -5.000      0.000      0.000      0.000      0.000
   115.000     -5.000      0.000      0.000      0.000      0.000
   120.000     -5.000      0.000      0.000      0.000      0.000
   125.000     -5.000      0.000      0.000      0.000      0.000
   130.000     -5.000      0.000      0.000      0.000      0.000
   135.000     -5.000      0.000      0.000      0.000      0.000
   140.000     -5.000      0.000      0.000      0.000      0.000
   145.000     -5.000      0.000      0.000      0.000      0.000
   -25.000      0.000      0.000      0.000      0.000      0.000
   -20.000      0.000      0.000      0.000      0.000      0.000
   -15.000      0.000      0.000      0.000      0.000      0.000
   -10.000      0.000      0.083   -144.251      0.849     -2.342
    -5.000      0.000      0.168   -139.759      1.822    -10.545
     0.000      0.000      0.256   -132.250      2.645    -15.740
     5.000      0.000      0.327   -125.168      3.224    -15.668
    10.000      0.000      0.393   -118.123      3.609     -8.269
    15.000      0.000      0.457   -112.126      3.932    -14.424
    20.000      0.000      0.505   -106.883      4.362    -26.297
    25.000      0.000      0.533   -102.583      4.445    -37.089
    30.000      0.000      0.564    -98.817      4.630    -51.201
    35.000      0.000      0.582    -95.373      4.757    -57.547
    40.000      0.000      0.574    -91.161      4.560    -59.437
    45.000      0.000      0.548    -86.597      4.284    -64.856
    50.000      0.000      0.507    -82.561      3.589    -70.908
    55.000      0.000      0.446    -79.438      2.922    -72.310
    60.000      0.000      0.365    -75.219      2.141    -66.775
    65.000      0.000      0.263    -67.391      1.341    -65.469
    70.000      0.000      0.175    -56.792      0.542    -56.109
    75.000      0.000      0.104    -47.311      0.220    -58.848
    80.000      0.000      0.063    -62.711      0.124    -80.557
    85.000      0.000      0.012    106.582      0.012    106.582
    90.000      0.000      0.000      0.000      0.000      0.000
    95.000      0.000      0.000      0.000      0.000      0.000
   100.000      0.000      0.000      0.000      0.000      0.000
   105.000      0.000      0.000      0.000      0.000      0.000
   110.000      0.000      0.000      0.000      0.000      0.000
   115.000      0.000      0.000      0.000      0.000      0.000
   120.000      0.000      0.000      0.000      0.000      0.000
   125.000      0.000      0.000      0.000      0.000      0.000
   130.000      0.000      0.000      0.000      0.000      0.000
   135.000      0.000      0.000      0.000      0.000      0.000
   140.000      0.000      0.000      0.000      0.000      0.000
   145.000      0.000      0.000      0.000      0.000      0.000
   -25.000      5.000      0.000      0.000      0.000      0.000
   -20.000      5.000      0.000      0.000      0.000      0.000
   -15.000      5.000      0.000      0.000      0.000      0.000
   -10.000      5.000      0.075   -165.566      0.587     34.098
    -5.000      5.000      0.105   -162.325      1.218    -21.742
     0.000      5.000      0.115   -152.640      1.878    -21.499
     5.000      5.000      0.127   -145.088      2.131    -13.297
    10.000      5.000      0.156   -134.777      2.121      4.992
    15.000      5.000      0.177   -125.264      2.581      1.944
    20.000      5.000      0.201   -111.801      2.666    -22.117
    25.000      5.000      0.240   -100.883      2.664    -34.514
    30.000      5.000      0.265    -95.304      2.474    -45.094
    35.000      5.000      0.278    -93.077      2.496    -56.176
    40.000      5.000      0.282    -90.899      2.166    -55.467
    45.000      5.000      0.286    -87.170      2.076    -58.328
    50.000      5.000      0.277    -81.603      1.760    -60.438
    55.000      5.000      0.263    -74.623      1.490    -64.456
    60.000      5.000      0.230    -67.689      1.296    -70.434
    65.000      5.000      0.188    -66.689      0.718    -52.502
    70.000      5.000      0.134    -76.058      0.297    -49.626
    75.000      5.000      0.085    -97.764      0.174    -81.401
    80.000      5.000      0.065   -141.555      0.092   -156.686
    85.000      5.000      0.049   -104.108      0.049   -104.108
    90.000      5.000      0.000      0.000      0.000      0.000
    95.000      5.000      0.000      0.000      0.000      0.000
   100.000      5.000      0.000      0.000      0.000      0.000
   105.000      5.000      0.000      0.000      0.000      0.000
   110.000      5.000      0.000      0.000      0.000      0.000
   115.000      5.000      0.000      0.000      0.000      0.000
   120.000      5.000      0.000      0.000      0.000      0.000
   125.000      5.000      0.000      0.000      0.000      0.000
   130.000      5.000      0.000      0.000      0.000      0.000
   135.000      5.000      0.000      0.000      0.000      0.000
   140.000      5.000      0.000      0.000      0.000      0.000
   145.000      5.000      0.000      0.000      0.000      0.000
   -25.000     10.000      0.000      0.000      0.000      0.000
   -20.000     10.000      0.000      0.000      0.000      0.000
   -15.000     10.000      0.000      0.000      0.000      0.000
   -10.000     10.000      0.000      0.000      0.000      0.000
    -5.000     10.000      0.000      0.000      0.000      0.000
     0.000     10.000      0.000      0.000      0.000      0.000
     5.000     10.000      0.000      0.000      0.000      0.000
    10.000     10.000      0.000      0.000      0.000      0.000
    15.000     10.000      0.000      0.000      0.000      0.000
    20.000     10.000      0.000      0.000      0.000      0.000
    25.000     10.000      0.000      0.000      0.000      0.000
    30.000     10.000      0.000      0.000      0.000      0.000
    35.000     10.000      0.000      0.000      0.000      0.000
    40.000     10.000      0.000      0.000      0.000      0.000
    45.000     10.000      0.000      0.000      0.000      0.000
    50.000     10.000      0.000      0.000      0.000      0.000
    55.000     10.000      0.000      0.000      0.000      0.000
    60.000     10.000      0.000      0.000      0.000      0.000
    65.000     10.000      0.000      0.000      0.000      0.000
    70.000     10.000      0.000      0.000      0.000      0.000
    75.000     10.000      0.000      0.000      0.000      0.000
    80.000     10.000      0.000      0.000      0.000      0.000
    85.000     10.000      0.000      0.000      0.000      0.000
    90.000     10.000      0.000      0.000      0.000      0.000
    95.000     10.000      0.000      0.000      0.000      0.000
   100.000     10.000      0.000      0.000      0.000      0.000
   105.000     10.000      0.000      0.000      0.000      0.000
   110.000     10.000      0.000      0.000      0.000      0.000
   115.000     10.000      0.000      0.000      0.000      0.000
   120.000     10.000      0.000      0.000      0.000      0.000
   125.000     10.000      0.000      0.000      0.000      0.000
   130.000     10.000      0.000      0.000      0.000      0.000
   135.000     10.000      0.000      0.000      0.000      0.000
   140.000     10.000      0.000      0.000      0.000      0.000
   145.000     10.000      0.000      0.000      0.000      0.000
   -25.000     15.000      0.000      0.000      0.000      0.000
   -20.000     15.000      0.000      0.000      0.000      0.000
   -15.000     15.000      0.000      0.000      0.000      0.000
   -10.000     15.000      0.000      0.000      0.000      0.000
    -5.000     15.000      0.000      0.000      0.000      0.000
     0.000     15.000      0.000      0.000      0.000      0.000
     5.000     15.000      0.000      0.000      0.000      0.000
    10.000     15.000      0.000      0.000      0.000      0.000
    15.000     15.000      0.000      0.000      0.000      0.000
    20.000     15.000      0.000      0.000      0.000      0.000
    25.000     15.000      0.000      0.000      0.000      0.000
    30.000     15.000      0.000      0.000      0.000      0.000
    35.000     15.000      0.000      0.000      0.000      0.000
    40.000     15.000      0.000      0.000      0.000      0.000
    45.000     15.000      0.000      0.000      0.000      0.000
    50.000     15.000      0.000      0.000      0.000      0.000
    55.000     15.000      0.000      0.000      0.000      0.000
    60.000     15.000      0.000      0.000      0.000      0.000
    65.000     15.000      0.000      0.000      0.000      0.000
    70.000     15.000      0.000      0.000      0.000      0.000
    75.000     15.000      0.000      0.000      0.000      0.000
    80.000     15.000      0.000      0.000      0.000      0.000
    85.000     15.000      0.000      0.000      0.000      0.000
    90.000     15.000      0.000      0.000      0.000      0.000
    95.000     15.000      0.000      0.000      0.000      0.000
   100.000     15.000      0.000      0.000      0.000      0.000
   105.000     15.000      0.000      0.000      0.000      0.000
   110.000     15.000      0.000      0.000      0.000      0.000
   115.000     15.000      0.000      0.000      0.000      0.000
   120.000     15.000      0.000      0.000      0.000      0.000
   125.000     15.000      0.000      0.000      0.000      0.000
   130.000     15.000      0.000      0.000      0.000      0.000
   135.000     15.000      0.000      0.000      0.000      0.000
   140.000     15.000      0.000      0.000      0.000      0.000
   145.000     15.000      0.000      0.000      0.000      0.000
   -25.000     20.000      0.000      0.000      0.000      0.000
   -20.000     20.000      0.000      0.000      0.000      0.000
   -15.000     20.000      0.000      0.000      0.000      0.000
   -10.000     20.000      0.000      0.000      0.000      0.000
    -5.000     20.000      0.000      0.000      0.000      0.000
     0.000     20.000      0.000      0.000      0.000      0.000
     5.000     20.000      0.000      0.000      0.000      0.000
    10.000     20.000      0.000      0.000      0.000      0.000
    15.000     20.000      0.000      0.000      0.000      0.000
    20.000     20.000      0.000      0.000      0.000      0.000
    25.000     20.000      0.000      0.000      0.000      0.000
    30.000     20.000      0.000      0.000      0.000      0.000
    35.000     20.000      0.000      0.000      0.000      0.000
    40.000     20.000      0.000      0.000      0.000      0.000
    45.000     20.000      0.000      0.000      0.000      0.000
    50.000     20.000      0.000      0.000      0.000      0.000
    55.000     20.000      0.000      0.000      0.000      0.000
    60.000     20.000      0.000      0.000      0.000      0.000
    65.000     20.000      0.000      0.000      0.000      0.000
    70.000     20.000      0.000      0.000      0.000      0.000
    75.000     20.000      0.000      0.000      0.000      0.000
    80.000     20.000      0.000      0.000      0.000      0.000
    85.000     20.000      0.000      0.000      0.000      0.000
    90.000     20.000      0.000      0.000      0.000      0.000
    95.000     20.000      0.000      0.000      0.000      0.000
   100.000     20.000      0.000      0.000      0.000      0.000
   105.000     20.000      0.000      0.000      0.000      0.000
   110.000     20.000      0.000      0.000      0.000      0.000
   115.000     20.000      0.000      0.000      0.000      0.000
   120.000     20.000      0.000      0.000      0.000      0.000
   125.000     20.000      0.000      0.000      0.000      0.000
   130.000     20.000      0.000      0.000      0.000      0.000
   135.000     20.000      0.000      0.000      0.000      0.000
   140.000     20.000      0.000      0.000      0.000      0.000
   145.000     20.000      0.000      0.000      0.000      0.000
