   -25.000    -30.000      0.000      0.000      0.000      0.000
   -20.000    -30.000      0.000      0.000      0.000      0.000
   -15.000    -30.000      0.000      0.000      0.000      0.000
   -10.000    -30.000      0.000      0.000      0.000      0.000
    -5.000    -30.000      0.000      0.000      0.000      0.000
     0.000    -30.000      0.000      0.000      0.000      0.000
     5.000    -30.000      0.000      0.000      0.000      0.000
    10.000    -30.000      0.000      0.000      0.000      0.000
    15.000    -30.000      0.000      0.000      0.000      0.000
    20.000    -30.000      0.000      0.000      0.000      0.000
    25.000    -30.000      0.000      0.000      0.000      0.000
    30.000    -30.000      0.000      0.000      0.000      0.000
    35.000    -30.000      0.000      0.000      0.000      0.000
    40.000    -30.000      0.000      0.000      0.000      0.000
    45.000    -30.000      0.000      0.000      0.000      0.000
    50.000    -30.000      0.000      0.000      0.000      0.000
    55.000    -30.000      0.000      0.000      0.000      0.000
    60.000    -30.000      0.000      0.000      0.000      0.000
    65.000    -30.000      0.000      0.000      0.000      0.000
    70.000    -30.000      0.000      0.000      0.000      0.000
    75.000    -30.000      0.000      0.000      0.000      0.000
    80.000    -30.000      0.000      0.000      0.000      0.000
    85.000    -30.000      0.000      0.000      0.000      0.000
    90.000    -30.000      0.000      0.000      0.000      0.000
    95.000    -30.000      0.000      0.000      0.000      0.000
   100.000    -30.000      0.000      0.000      0.000      0.000
   105.000    -30.000      0.000      0.000      0.000      0.000
   110.000    -30.000      0.000      0.000      0.000      0.000
   115.000    -30.000      0.000      0.000      0.000      0.000
   120.000    -30.000      0.000      0.000      0.000      0.000
   125.000    -30.000      0.000      0.000      0.000      0.000
   130.000    -30.000      0.000      0.000      0.000      0.000
   135.000    -30.000      0.000      0.000      0.000      0.000
   140.000    -30.000      0.000      0.000      0.000      0.000
   145.000    -30.000      0.000      0.000      0.000      0.000
   -25.000    -25.000      0.000      0.000      0.000      0.000
   -20.000    -25.000      0.000      0.000      0.000      0.000
   -15.000    -25.000      0.000      0.000      0.000      0.000
   -10.000    -25.000      0.000      0.000      0.000      0.000
    -5.000    -25.000      0.000      0.000      0.000      0.000
     0.000    -25.000      0.000      0.000      0.000      0.000
     5.000    -25.000      0.000      0.000      0.000      0.000
    10.000    -25.000      0.000      0.000      0.000      0.000
    15.000    -25.000      0.000      0.000      0.000      0.000
    20.000    -25.000      0.000      0.000      0.000      0.000
    25.000    -25.000      0.000      0.000      0.000      0.000
    30.000    -25.000      0.000      0.000      0.000      0.000
    35.000    -25.000      0.000      0.000      0.000      0.000
    40.000    -25.000      0.000      0.000      0.000      0.000
    45.000    -25.000      0.000      0.000      0.000      0.000
    50.000    -25.000      0.000      0.000      0.000      0.000
    55.000    -25.000      0.000      0.000      0.000      0.000
    60.000    -25.000      0.000      0.000      0.000      0.000
    65.000    -25.000      0.000      0.000      0.000      0.000
    70.000    -25.000      0.000      0.000      0.000      0.000
    75.000    -25.000      0.000      0.000      0.000      0.000
    80.000    -25.000      0.000      0.000      0.000      0.000
    85.000    -25.000      0.000      0.000      0.000      0.000
    90.000    -25.000      0.000      0.000      0.000      0.000
    95.000    -25.000      0.000      0.000      0.000      0.000
   100.000    -25.000      0.000      0.000      0.000      0.000
   105.000    -25.000      0.000      0.000      0.000      0.000
   110.000    -25.000      0.000      0.000      0.000      0.000
   115.000    -25.000      0.000      0.000      0.000      0.000
   120.000    -25.000      0.000      0.000      0.000      0.000
   125.000    -25.000      0.000      0.000      0.000      0.000
   130.000    -25.000      0.000      0.000      0.000      0.000
   135.000    -25.000      0.000      0.000      0.000      0.000
   140.000    -25.000      0.000      0.000      0.000      0.000
   145.000    -25.000      0.000      0.000      0.000      0.000
   -25.000    -20.000      0.000      0.000      0.000      0.000
   -20.000    -20.000      0.000      0.000      0.000      0.000
   -15.000    -20.000      0.000      0.000      0.000      0.000
   -10.000    -20.000      0.000      0.000      0.000      0.000
    -5.000    -20.000      0.000      0.000      0.000      0.000
     0.000    -20.000      0.000      0.000      0.000      0.000
     5.000    -20.000      0.000      0.000      0.000      0.000
    10.000    -20.000      0.000      0.000      0.000      0.000
    15.000    -20.000      0.000      0.000      0.000      0.000
    20.000    -20.000      0.000      0.000      0.000      0.000
    25.000    -20.000      0.000      0.000      0.000      0.000
    30.000    -20.000      0.000      0.000      0.000      0.000
    35.000    -20.000      0.000      0.000      0.000      0.000
    40.000    -20.000      0.000      0.000      0.000      0.000
    45.000    -20.000      0.000      0.000      0.000      0.000
    50.000    -20.000      0.000      0.000      0.000      0.000
    55.000    -20.000      0.000      0.000      0.000      0.000
    60.000    -20.000      0.000      0.000      0.000      0.000
    65.000    -20.000      0.000      0.000      0.000      0.000
    70.000    -20.000      0.000      0.000      0.000      0.000
    75.000    -20.000      0.000      0.000      0.000      0.000
    80.000    -20.000      0.000      0.000      0.000      0.000
    85.000    -20.000      0.000      0.000      0.000      0.000
    90.000    -20.000      0.000      0.000      0.000      0.000
    95.000    -20.000      0.000      0.000      0.000      0.000
   100.000    -20.000      0.000      0.000      0.000      0.000
   105.000    -20.000      0.000      0.000      0.000      0.000
   110.000    -20.000      0.000      0.000      0.000      0.000
   115.000    -20.000      0.000      0.000      0.000      0.000
   120.000    -20.000      0.000      0.000      0.000      0.000
   125.000    -20.000      0.000      0.000      0.000      0.000
   130.000    -20.000      0.000      0.000      0.000      0.000
   135.000    -20.000      0.000      0.000      0.000      0.000
   140.000    -20.000      0.000      0.000      0.000      0.000
   145.000    -20.000      0.000      0.000      0.000      0.000
   -25.000    -15.000      0.000      0.000      0.000      0.000
   -20.000    -15.000      0.000      0.000      0.000      0.000
   -15.000    -15.000      0.000      0.000      0.000      0.000
   -10.000    -15.000      0.000      0.000      1.341     50.581
    -5.000    -15.000      0.000      0.000      2.646     55.153
     0.000    -15.000      0.000      0.000      3.256     52.028
     5.000    -15.000      0.000      0.000      3.246     46.645
    10.000    -15.000      0.000      0.000      2.765     39.265
    15.000    -15.000      0.000      0.000      2.428     29.289
    20.000    -15.000      0.000      0.000      2.197     25.318
    25.000    -15.000      0.000      0.000      1.955     12.120
    30.000    -15.000      0.000      0.000      1.629     14.383
    35.000    -15.000      0.000      0.000      0.993    -23.372
    40.000    -15.000      0.000      0.000      1.699    -77.591
    45.000    -15.000      0.000      0.000      2.575    -81.653
    50.000    -15.000      0.000      0.000      2.831    -73.620
    55.000    -15.000      0.000      0.000      2.706    -63.050
    60.000    -15.000      0.000    113.444      2.702    -58.865
    65.000    -15.000      0.021     74.831      2.795    -56.547
    70.000    -15.000      0.034     79.265      2.896    -54.205
    75.000    -15.000      0.063     84.083      2.970    -44.553
    80.000    -15.000      0.078     75.789      2.859    -39.558
    85.000    -15.000      0.089     68.415      2.978    -41.660
    90.000    -15.000      0.091     65.292      3.031    -33.931
    95.000    -15.000      0.081     65.123      3.021    -30.310
   100.000    -15.000      0.054     61.057      3.049    -22.100
   105.000    -15.000      0.022     43.243      2.915    -19.333
   110.000    -15.000      0.011    -45.465      2.787    -22.612
   115.000    -15.000      0.018    -60.976      2.394    -27.491
   120.000    -15.000      0.020    -52.147      1.652    -15.358
   125.000    -15.000      0.014    -76.192      1.098     -5.017
   130.000    -15.000      0.008   -124.919      0.556    -17.397
   135.000    -15.000      0.000      0.000      0.000      0.000
   140.000    -15.000      0.000      0.000      0.000      0.000
   145.000    -15.000      0.000      0.000      0.000      0.000
   -25.000    -10.000      0.000      0.000      0.000      0.000
   -20.000    -10.000      0.000      0.000      0.000      0.000
   -15.000    -10.000      0.000      0.000      0.000      0.000
   -10.000    -10.000      0.000      0.000      2.401     55.002
    -5.000    -10.000      0.000      0.000      4.039     55.433
     0.000    -10.000      0.000      0.000      5.128     50.153
     5.000    -10.000      0.000      0.000      5.382     42.586
    10.000    -10.000      0.000      0.000      4.754     34.781
    15.000    -10.000      0.000      0.000      4.066     24.978
    20.000    -10.000      0.000      0.000      3.568     13.034
    25.000    -10.000      0.000      0.000      2.902     -3.244
    30.000    -10.000      0.000      0.000      2.511    -16.971
    35.000    -10.000      0.000      0.000      2.357    -55.821
    40.000    -10.000      0.000      0.000      3.178    -78.446
    45.000    -10.000      0.000      0.000      4.966    -82.925
    50.000    -10.000      0.000      0.000      5.356    -77.313
    55.000    -10.000      0.000      0.000      5.442    -68.342
    60.000    -10.000      0.000      0.000      5.533    -63.673
    65.000    -10.000      0.035     65.506      5.679    -59.309
    70.000    -10.000      0.103     63.121      5.590    -56.776
    75.000    -10.000      0.129     63.915      5.369    -49.228
    80.000    -10.000      0.139     62.946      5.239    -42.839
    85.000    -10.000      0.127     57.268      5.424    -41.075
    90.000    -10.000      0.095     46.875      5.440    -36.007
    95.000    -10.000      0.068     35.578      5.184    -28.797
   100.000    -10.000      0.048     25.181      5.220    -19.716
   105.000    -10.000      0.024     10.493      5.217    -19.045
   110.000    -10.000      0.007    -67.906      4.881    -20.310
   115.000    -10.000      0.007    -97.267      4.029    -17.374
   120.000    -10.000      0.020     18.254      2.963     -6.325
   125.000    -10.000      0.046     32.729      2.054     -0.018
   130.000    -10.000      0.049     38.009      1.121     -4.496
   135.000    -10.000      0.000      0.000      0.000      0.000
   140.000    -10.000      0.000      0.000      0.000      0.000
   145.000    -10.000      0.000      0.000      0.000      0.000
   -25.000     -5.000      0.000      0.000      0.000      0.000
   -20.000     -5.000      0.000      0.000      0.000      0.000
   -15.000     -5.000      0.000      0.000      0.000      0.000
   -10.000     -5.000      0.000      0.000      2.672     46.826
    -5.000     -5.000      0.000      0.000      4.287     45.232
     0.000     -5.000      0.000      0.000      5.149     37.379
     5.000     -5.000      0.000      0.000      5.335     28.522
    10.000     -5.000      0.000      0.000      4.945     20.244
    15.000     -5.000      0.000      0.000      4.429      9.710
    20.000     -5.000      0.000      0.000      3.750     -9.738
    25.000     -5.000      0.000      0.000      3.646    -36.881
    30.000     -5.000      0.000      0.000      3.866    -59.883
    35.000     -5.000      0.000      0.000      4.926    -82.654
    40.000     -5.000      0.000      0.000      6.393    -88.130
    45.000     -5.000      0.000      0.000      7.543    -88.125
    50.000     -5.000      0.000      0.000      8.040    -84.061
    55.000     -5.000      0.000      0.000      8.006    -76.584
    60.000     -5.000      0.000      0.000      7.872    -69.342
    65.000     -5.000      0.013    -47.243      7.775    -64.273
    70.000     -5.000      0.100     47.735      7.302    -58.619
    75.000     -5.000      0.126     43.622      6.975    -53.411
    80.000     -5.000      0.122     34.007      6.777    -45.766
    85.000     -5.000      0.114     23.106      6.943    -40.083
    90.000     -5.000      0.092     11.712      6.972    -36.128
    95.000     -5.000      0.069     -1.174      6.645    -29.821
   100.000     -5.000      0.056     -8.373      6.452    -21.667
   105.000     -5.000      0.051     -7.749      6.488    -20.455
   110.000     -5.000      0.050      0.568      6.043    -18.590
   115.000     -5.000      0.055     11.810      4.850    -10.412
   120.000     -5.000      0.071     24.053      3.664      0.064
   125.000     -5.000      0.089     33.892      2.659      6.761
   130.000     -5.000      0.084     40.087      1.448      5.547
   135.000     -5.000      0.000      0.000      0.000      0.000
   140.000     -5.000      0.000      0.000      0.000      0.000
   145.000     -5.000      0.000      0.000      0.000      0.000
   -25.000      0.000      0.000      0.000      0.000      0.000
   -20.000      0.000      0.000      0.000      0.000      0.000
   -15.000      0.000      0.000      0.000      0.000      0.000
   -10.000      0.000      0.000      0.000      2.282     46.000
    -5.000      0.000      0.000      0.000      3.697     39.163
     0.000      0.000      0.000      0.000      4.276     30.095
     5.000      0.000      0.000      0.000      4.271     14.162
    10.000      0.000      0.000      0.000      4.064     -5.475
    15.000      0.000      0.000      0.000      4.301    -23.949
    20.000      0.000      0.000      0.000      4.635    -47.428
    25.000      0.000      0.000      0.000      6.029    -68.858
    30.000      0.000      0.000      0.000      7.174    -82.459
    35.000      0.000      0.000      0.000      8.402    -93.195
    40.000      0.000      0.000      0.000      9.864    -96.083
    45.000      0.000      0.000      0.000     10.446    -94.902
    50.000      0.000      0.000      0.000     10.719    -90.796
    55.000      0.000      0.000      0.000     10.409    -83.545
    60.000      0.000      0.000      0.000      9.538    -75.302
    65.000      0.000      0.028    -85.327      8.749    -68.890
    70.000      0.000      0.052    -21.707      7.881    -61.127
    75.000      0.000      0.093    -25.331      7.558    -56.809
    80.000      0.000      0.120    -33.249      7.557    -50.646
    85.000      0.000      0.134    -34.624      7.572    -42.097
    90.000      0.000      0.141    -31.679      7.389    -36.272
    95.000      0.000      0.138    -26.703      7.128    -29.665
   100.000      0.000      0.133    -13.375      6.879    -25.384
   105.000      0.000      0.138      4.673      6.601    -22.478
   110.000      0.000      0.152     21.585      6.068    -17.847
   115.000      0.000      0.157     33.829      4.959     -4.500
   120.000      0.000      0.144     41.865      3.916      8.606
   125.000      0.000      0.116     48.659      2.821     16.245
   130.000      0.000      0.065     56.318      1.474     26.144
   135.000      0.000      0.000      0.000      0.000      0.000
   140.000      0.000      0.000      0.000      0.000      0.000
   145.000      0.000      0.000      0.000      0.000      0.000
   -25.000      5.000      0.000      0.000      0.000      0.000
   -20.000      5.000      0.000      0.000      0.000      0.000
   -15.000      5.000      0.000      0.000      0.000      0.000
   -10.000      5.000      0.000      0.000      1.475     45.720
    -5.000      5.000      0.000      0.000      2.415     43.675
     0.000      5.000      0.000      0.000      2.460     26.140
     5.000      5.000      0.000      0.000      2.744    -18.532
    10.000      5.000      0.000      0.000      4.642    -58.768
    15.000      5.000      0.000      0.000      6.470    -71.334
    20.000      5.000      0.000      0.000      7.969    -79.113
    25.000      5.000      0.000      0.000      9.676    -86.932
    30.000      5.000      0.000      0.000     11.202    -93.414
    35.000      5.000      0.000      0.000     12.314    -98.413
    40.000      5.000      0.000      0.000     13.083   -101.896
    45.000      5.000      0.000      0.000     13.468   -101.839
    50.000      5.000      0.000      0.000     12.885    -97.409
    55.000      5.000      0.000      0.000     12.478    -91.706
    60.000      5.000      0.000      0.000     10.962    -82.991
    65.000      5.000      0.014    -44.364      9.193    -74.116
    70.000      5.000      0.078    -69.719      7.893    -65.673
    75.000      5.000      0.121    -64.607      7.216    -58.554
    80.000      5.000      0.159    -56.323      7.224    -52.170
    85.000      5.000      0.185    -45.427      7.235    -42.943
    90.000      5.000      0.200    -31.474      6.845    -33.903
    95.000      5.000      0.210    -18.260      6.617    -26.058
   100.000      5.000      0.216     -4.336      6.487    -25.315
   105.000      5.000      0.221     10.865      5.812    -20.441
   110.000      5.000      0.233     25.515      4.964    -11.368
   115.000      5.000      0.222     36.114      4.431      7.396
   120.000      5.000      0.173     47.890      3.891     19.760
   125.000      5.000      0.106     63.043      2.971     28.831
   130.000      5.000      0.040     91.780      1.733     42.872
   135.000      5.000      0.000      0.000      0.000      0.000
   140.000      5.000      0.000      0.000      0.000      0.000
   145.000      5.000      0.000      0.000      0.000      0.000
   -25.000     10.000      0.000      0.000      0.000      0.000
   -20.000     10.000      0.000      0.000      0.000      0.000
   -15.000     10.000      0.000      0.000      0.000      0.000
   -10.000     10.000      0.000      0.000      0.400     38.341
    -5.000     10.000      0.000      0.000      0.569     16.240
     0.000     10.000      0.000      0.000      1.366    -66.207
     5.000     10.000      0.000      0.000      3.928    -81.130
    10.000     10.000      0.000      0.000      7.272    -87.470
    15.000     10.000      0.000      0.000      9.837    -91.225
    20.000     10.000      0.000      0.000     11.987    -95.323
    25.000     10.000      0.000      0.000     13.859    -96.774
    30.000     10.000      0.000      0.000     15.411    -99.207
    35.000     10.000      0.000      0.000     16.155   -102.050
    40.000     10.000      0.000      0.000     16.167   -105.068
    45.000     10.000      0.000      0.000     15.506   -105.483
    50.000     10.000      0.000      0.000     14.554   -103.242
    55.000     10.000      0.000      0.000     13.366    -98.633
    60.000     10.000      0.000      0.000     11.311    -91.234
    65.000     10.000      0.041     28.810      8.874    -80.833
    70.000     10.000      0.109    -51.117      6.885    -69.917
    75.000     10.000      0.154    -53.476      6.028    -59.574
    80.000     10.000      0.168    -45.893      5.820    -50.506
    85.000     10.000      0.171    -36.702      5.927    -42.057
    90.000     10.000      0.176    -21.027      5.771    -31.936
    95.000     10.000      0.191     -5.421      5.459    -23.376
   100.000     10.000      0.209      7.353      5.110    -22.722
   105.000     10.000      0.226     17.370      4.408    -16.537
   110.000     10.000      0.238     23.900      3.586     -1.237
   115.000     10.000      0.217     27.992      3.402     21.472
   120.000     10.000      0.168     29.927      3.286     32.469
   125.000     10.000      0.113     32.928      2.873     46.661
   130.000     10.000      0.056     34.556      1.579     47.607
   135.000     10.000      0.000      0.000      0.000      0.000
   140.000     10.000      0.000      0.000      0.000      0.000
   145.000     10.000      0.000      0.000      0.000      0.000
   -25.000     15.000      0.000      0.000      0.000      0.000
   -20.000     15.000      0.000      0.000      0.000      0.000
   -15.000     15.000      0.000      0.000      0.000      0.000
   -10.000     15.000      0.000      0.000      0.475   -108.824
    -5.000     15.000      0.000      0.000      1.856   -107.123
     0.000     15.000      0.000      0.000      4.184   -102.535
     5.000     15.000      0.000      0.000      7.168   -100.198
    10.000     15.000      0.000      0.000     10.632   -101.218
    15.000     15.000      0.000      0.000     13.239   -101.855
    20.000     15.000      0.000      0.000     15.768   -103.198
    25.000     15.000      0.000      0.000     17.682   -102.765
    30.000     15.000      0.000      0.000     18.639   -103.224
    35.000     15.000      0.000      0.000     18.570   -105.433
    40.000     15.000      0.000      0.000     17.896   -108.510
    45.000     15.000      0.000      0.000     16.473   -109.244
    50.000     15.000      0.000      0.000     15.250   -109.220
    55.000     15.000      0.000      0.000     13.286   -106.752
    60.000     15.000      0.000     13.145     11.101   -100.113
    65.000     15.000      0.048    -26.163      8.154    -90.889
    70.000     15.000      0.157    -45.321      5.858    -79.213
    75.000     15.000      0.189    -48.157      4.368    -64.930
    80.000     15.000      0.185    -44.881      3.884    -48.539
    85.000     15.000      0.157    -36.376      3.985    -39.891
    90.000     15.000      0.137    -17.369      4.181    -28.311
    95.000     15.000      0.146      5.715      4.075    -21.762
   100.000     15.000      0.174     23.535      3.405    -17.108
   105.000     15.000      0.207     32.817      2.496     -3.959
   110.000     15.000      0.234     34.285      2.255     25.680
   115.000     15.000      0.238     31.686      2.540     45.656
   120.000     15.000      0.215     27.460      2.755     55.527
   125.000     15.000      0.171     25.138      2.616     62.835
   130.000     15.000      0.098     24.683      1.506     64.277
   135.000     15.000      0.000      0.000      0.000      0.000
   140.000     15.000      0.000      0.000      0.000      0.000
   145.000     15.000      0.000      0.000      0.000      0.000
   -25.000     20.000      0.000      0.000      0.000      0.000
   -20.000     20.000      0.000      0.000      0.000      0.000
   -15.000     20.000      0.000      0.000      0.000      0.000
   -10.000     20.000      0.000      0.000      1.396   -117.139
    -5.000     20.000      0.000      0.000      3.372   -111.199
     0.000     20.000      0.000      0.000      5.951   -108.410
     5.000     20.000      0.000      0.000      9.236   -107.763
    10.000     20.000      0.000      0.000     12.814   -108.281
    15.000     20.000      0.000      0.000     15.485   -109.023
    20.000     20.000      0.000      0.000     17.996   -108.873
    25.000     20.000      0.000      0.000     19.618   -107.992
    30.000     20.000      0.000      0.000     20.023   -107.281
    35.000     20.000      0.000      0.000     19.056   -109.641
    40.000     20.000      0.000      0.000     18.070   -112.308
    45.000     20.000      0.000      0.000     16.439   -113.642
    50.000     20.000      0.000      0.000     14.964   -114.821
    55.000     20.000      0.000      0.000     12.767   -114.353
    60.000     20.000      0.000      5.471     10.255   -110.680
    65.000     20.000      0.083    -40.975      7.273   -102.930
    70.000     20.000      0.160    -38.385      4.714    -91.522
    75.000     20.000      0.186    -41.525      2.781    -74.209
    80.000     20.000      0.172    -41.586      1.871    -46.963
    85.000     20.000      0.139    -35.624      2.013    -31.612
    90.000     20.000      0.109    -18.225      2.366    -15.225
    95.000     20.000      0.100      6.458      2.413    -11.839
   100.000     20.000      0.119     32.975      1.801     -3.590
   105.000     20.000      0.155     45.959      1.222     36.917
   110.000     20.000      0.190     49.987      1.673     71.265
   115.000     20.000      0.211     49.019      2.219     79.890
   120.000     20.000      0.208     46.605      2.615     80.787
   125.000     20.000      0.178     44.866      2.276     81.802
   130.000     20.000      0.107     43.047      1.466     82.285
   135.000     20.000      0.000      0.000      0.000      0.000
   140.000     20.000      0.000      0.000      0.000      0.000
   145.000     20.000      0.000      0.000      0.000      0.000
   -25.000     25.000      0.000      0.000      0.000      0.000
   -20.000     25.000      0.000      0.000      0.000      0.000
   -15.000     25.000      0.000      0.000      0.000      0.000
   -10.000     25.000      0.000      0.000      1.812   -110.616
    -5.000     25.000      0.000      0.000      4.131   -107.989
     0.000     25.000      0.000      0.000      7.000   -109.353
     5.000     25.000      0.000      0.000     10.279   -111.543
    10.000     25.000      0.000      0.000     13.549   -113.006
    15.000     25.000      0.000      0.000     16.374   -113.068
    20.000     25.000      0.000      0.000     18.438   -113.272
    25.000     25.000      0.000      0.000     19.480   -112.092
    30.000     25.000      0.000      0.000     19.412   -111.424
    35.000     25.000      0.000      0.000     18.032   -113.521
    40.000     25.000      0.000      0.000     17.241   -116.053
    45.000     25.000      0.000      0.000     15.470   -118.579
    50.000     25.000      0.000      0.000     13.816   -120.453
    55.000     25.000      0.000      0.000     11.456   -121.921
    60.000     25.000      0.023    147.325      9.271   -121.532
    65.000     25.000      0.042    -66.550      6.590   -118.194
    70.000     25.000      0.102    -46.535      3.665   -111.811
    75.000     25.000      0.129    -45.172      1.342   -102.575
    80.000     25.000      0.120    -42.331      0.294    -62.106
    85.000     25.000      0.090    -33.915      0.415     22.608
    90.000     25.000      0.061     -9.731      0.900      7.621
    95.000     25.000      0.051     37.858      0.928     18.141
   100.000     25.000      0.085     75.688      0.597     46.379
   105.000     25.000      0.137     86.741      1.273     95.368
   110.000     25.000      0.176     86.405      1.902    106.350
   115.000     25.000      0.199     79.477      2.355    105.659
   120.000     25.000      0.198     71.541      2.224    100.053
   125.000     25.000      0.171     66.662      2.039     94.306
   130.000     25.000      0.108     66.217      1.362     94.230
   135.000     25.000      0.000      0.000      0.000      0.000
   140.000     25.000      0.000      0.000      0.000      0.000
   145.000     25.000      0.000      0.000      0.000      0.000
   -25.000     30.000      0.000      0.000      0.000      0.000
   -20.000     30.000      0.000      0.000      0.000      0.000
   -15.000     30.000      0.000      0.000      0.000      0.000
   -10.000     30.000      0.000      0.000      1.671   -108.386
    -5.000     30.000      0.000      0.000      4.024   -111.410
     0.000     30.000      0.000      0.000      7.063   -113.604
     5.000     30.000      0.000      0.000     10.334   -114.917
    10.000     30.000      0.000      0.000     13.310   -115.647
    15.000     30.000      0.000      0.000     15.585   -115.878
    20.000     30.000      0.000      0.000     16.968   -115.839
    25.000     30.000      0.000      0.000     17.371   -114.743
    30.000     30.000      0.000      0.000     17.067   -114.131
    35.000     30.000      0.000      0.000     15.600   -116.683
    40.000     30.000      0.000      0.000     15.046   -119.591
    45.000     30.000      0.000      0.000     13.671   -122.670
    50.000     30.000      0.000      0.000     11.909   -125.458
    55.000     30.000      0.000    163.006      9.942   -129.078
    60.000     30.000      0.049   -167.500      8.238   -131.175
    65.000     30.000      0.064   -160.295      5.834   -132.465
    70.000     30.000      0.038   -120.158      3.175   -136.041
    75.000     30.000      0.042    -72.561      1.114   -162.874
    80.000     30.000      0.032    -60.169      0.960    132.882
    85.000     30.000      0.004    -29.978      0.980    120.889
    90.000     30.000      0.037     98.746      0.835    113.048
    95.000     30.000      0.086     95.062      0.941    104.817
   100.000     30.000      0.145     91.505      1.204    118.293
   105.000     30.000      0.197     90.734      1.557    120.446
   110.000     30.000      0.226     92.710      1.941    124.192
   115.000     30.000      0.234     93.265      2.239    120.899
   120.000     30.000      0.217     90.123      1.988    115.858
   125.000     30.000      0.172     84.240      1.822    105.368
   130.000     30.000      0.100     77.998      1.058     98.406
   135.000     30.000      0.000      0.000      0.000      0.000
   140.000     30.000      0.000      0.000      0.000      0.000
   145.000     30.000      0.000      0.000      0.000      0.000
   -25.000     35.000      0.000      0.000      0.000      0.000
   -20.000     35.000      0.000      0.000      0.000      0.000
   -15.000     35.000      0.000      0.000      0.000      0.000
   -10.000     35.000      0.000      0.000      1.274   -120.587
    -5.000     35.000      0.000      0.000      3.326   -116.698
     0.000     35.000      0.000      0.000      6.010   -115.755
     5.000     35.000      0.000      0.000      8.874   -116.176
    10.000     35.000      0.000      0.000     11.406   -116.688
    15.000     35.000      0.000      0.000     13.031   -116.722
    20.000     35.000      0.000      0.000     13.690   -116.884
    25.000     35.000      0.000      0.000     13.535   -116.325
    30.000     35.000      0.000      0.000     12.964   -116.186
    35.000     35.000      0.000      0.000     12.268   -118.388
    40.000     35.000      0.000      0.000     11.834   -121.846
    45.000     35.000      0.000      0.000     10.876   -126.508
    50.000     35.000      0.000      0.000      9.570   -129.871
    55.000     35.000      0.001    151.531      8.202   -134.940
    60.000     35.000      0.080    162.846      6.796   -139.201
    65.000     35.000      0.116    161.247      4.945   -144.320
    70.000     35.000      0.110    155.887      2.885   -156.527
    75.000     35.000      0.093    153.488      1.599    166.071
    80.000     35.000      0.083    149.002      1.384    135.159
    85.000     35.000      0.074    133.622      1.651    124.620
    90.000     35.000      0.084    110.993      1.524    130.457
    95.000     35.000      0.117     98.171      1.604    125.889
   100.000     35.000      0.169     92.857      1.582    130.528
   105.000     35.000      0.215     88.347      1.650    134.684
   110.000     35.000      0.244     85.395      1.874    132.357
   115.000     35.000      0.248     84.826      1.979    127.703
   120.000     35.000      0.219     85.778      1.724    124.930
   125.000     35.000      0.156     86.083      1.297    113.137
   130.000     35.000      0.071     85.149      0.744    103.988
   135.000     35.000      0.000      0.000      0.000      0.000
   140.000     35.000      0.000      0.000      0.000      0.000
   145.000     35.000      0.000      0.000      0.000      0.000
   -25.000     40.000      0.000      0.000      0.000      0.000
   -20.000     40.000      0.000      0.000      0.000      0.000
   -15.000     40.000      0.000      0.000      0.000      0.000
   -10.000     40.000      0.000      0.000      1.121   -116.825
    -5.000     40.000      0.000      0.000      2.521   -118.356
     0.000     40.000      0.000      0.000      4.331   -118.996
     5.000     40.000      0.000      0.000      6.279   -119.130
    10.000     40.000      0.000      0.000      7.949   -118.976
    15.000     40.000      0.000      0.000      8.918   -117.609
    20.000     40.000      0.000      0.000      9.506   -117.660
    25.000     40.000      0.000      0.000      9.363   -117.793
    30.000     40.000      0.000      0.000      8.918   -117.912
    35.000     40.000      0.000      0.000      8.437   -119.928
    40.000     40.000      0.000      0.000      7.860   -124.349
    45.000     40.000      0.000      0.000      7.326   -130.936
    50.000     40.000      0.000    168.232      6.751   -134.312
    55.000     40.000      0.030    122.245      5.862   -139.948
    60.000     40.000      0.091    150.346      5.013   -144.874
    65.000     40.000      0.131    154.974      3.831   -152.709
    70.000     40.000      0.136    151.365      2.496   -168.063
    75.000     40.000      0.126    148.722      1.583    160.868
    80.000     40.000      0.120    150.338      1.472    133.602
    85.000     40.000      0.106    146.979      1.640    126.321
    90.000     40.000      0.091    129.670      1.502    134.574
    95.000     40.000      0.101    104.319      1.506    137.311
   100.000     40.000      0.140     89.758      1.505    139.393
   105.000     40.000      0.184     81.140      1.391    142.856
   110.000     40.000      0.219     75.854      1.402    140.181
   115.000     40.000      0.227     74.602      1.450    132.688
   120.000     40.000      0.198     76.921      1.146    132.460
   125.000     40.000      0.144     81.942      0.890    126.128
   130.000     40.000      0.081     88.655      0.521    112.965
   135.000     40.000      0.000      0.000      0.000      0.000
   140.000     40.000      0.000      0.000      0.000      0.000
   145.000     40.000      0.000      0.000      0.000      0.000
   -25.000     45.000      0.000      0.000      0.000      0.000
   -20.000     45.000      0.000      0.000      0.000      0.000
   -15.000     45.000      0.000      0.000      0.000      0.000
   -10.000     45.000      0.000      0.000      0.524   -113.997
    -5.000     45.000      0.000      0.000      1.217   -121.796
     0.000     45.000      0.000      0.000      2.187   -123.415
     5.000     45.000      0.000      0.000      3.183   -121.780
    10.000     45.000      0.000      0.000      4.021   -119.636
    15.000     45.000      0.000      0.000      4.550   -118.251
    20.000     45.000      0.000      0.000      4.649   -118.760
    25.000     45.000      0.000      0.000      4.573   -118.708
    30.000     45.000      0.000      0.000      4.381   -118.807
    35.000     45.000      0.000      0.000      4.080   -122.671
    40.000     45.000      0.000      0.000      3.635   -128.611
    45.000     45.000      0.000   -155.468      3.813   -134.926
    50.000     45.000      0.016    169.577      3.561   -138.278
    55.000     45.000      0.046    110.210      3.152   -142.088
    60.000     45.000      0.059    152.259      2.605   -150.538
    65.000     45.000      0.080    168.352      2.123   -156.273
    70.000     45.000      0.084    168.296      1.403   -172.231
    75.000     45.000      0.080    165.584      1.022    162.128
    80.000     45.000      0.079    161.650      0.932    137.005
    85.000     45.000      0.069    159.439      0.960    126.532
    90.000     45.000      0.052    144.352      0.828    140.168
    95.000     45.000      0.047    108.914      0.922    142.969
   100.000     45.000      0.072     83.856      0.903    143.900
   105.000     45.000      0.111     75.543      0.809    158.669
   110.000     45.000      0.150     72.261      0.795    148.684
   115.000     45.000      0.165     71.569      0.757    145.262
   120.000     45.000      0.143     73.910      0.637    131.698
   125.000     45.000      0.102     80.678      0.498    128.889
   130.000     45.000      0.057     87.817      0.269    117.527
   135.000     45.000      0.000      0.000      0.000      0.000
   140.000     45.000      0.000      0.000      0.000      0.000
   145.000     45.000      0.000      0.000      0.000      0.000
   -25.000     50.000      0.000      0.000      0.000      0.000
   -20.000     50.000      0.000      0.000      0.000      0.000
   -15.000     50.000      0.000      0.000      0.000      0.000
   -10.000     50.000      0.000      0.000      0.000      0.000
    -5.000     50.000      0.000      0.000      0.000      0.000
     0.000     50.000      0.000      0.000      0.000      0.000
     5.000     50.000      0.000      0.000      0.000      0.000
    10.000     50.000      0.000      0.000      0.000      0.000
    15.000     50.000      0.000      0.000      0.000      0.000
    20.000     50.000      0.000      0.000      0.000      0.000
    25.000     50.000      0.000      0.000      0.000      0.000
    30.000     50.000      0.000      0.000      0.000      0.000
    35.000     50.000      0.000      0.000      0.000      0.000
    40.000     50.000      0.000      0.000      0.000      0.000
    45.000     50.000      0.000      0.000      0.000      0.000
    50.000     50.000      0.000      0.000      0.000      0.000
    55.000     50.000      0.000      0.000      0.000      0.000
    60.000     50.000      0.000      0.000      0.000      0.000
    65.000     50.000      0.000      0.000      0.000      0.000
    70.000     50.000      0.000      0.000      0.000      0.000
    75.000     50.000      0.000      0.000      0.000      0.000
    80.000     50.000      0.000      0.000      0.000      0.000
    85.000     50.000      0.000      0.000      0.000      0.000
    90.000     50.000      0.000      0.000      0.000      0.000
    95.000     50.000      0.000      0.000      0.000      0.000
   100.000     50.000      0.000      0.000      0.000      0.000
   105.000     50.000      0.000      0.000      0.000      0.000
   110.000     50.000      0.000      0.000      0.000      0.000
   115.000     50.000      0.000      0.000      0.000      0.000
   120.000     50.000      0.000      0.000      0.000      0.000
   125.000     50.000      0.000      0.000      0.000      0.000
   130.000     50.000      0.000      0.000      0.000      0.000
   135.000     50.000      0.000      0.000      0.000      0.000
   140.000     50.000      0.000      0.000      0.000      0.000
   145.000     50.000      0.000      0.000      0.000      0.000
   -25.000     55.000      0.000      0.000      0.000      0.000
   -20.000     55.000      0.000      0.000      0.000      0.000
   -15.000     55.000      0.000      0.000      0.000      0.000
   -10.000     55.000      0.000      0.000      0.000      0.000
    -5.000     55.000      0.000      0.000      0.000      0.000
     0.000     55.000      0.000      0.000      0.000      0.000
     5.000     55.000      0.000      0.000      0.000      0.000
    10.000     55.000      0.000      0.000      0.000      0.000
    15.000     55.000      0.000      0.000      0.000      0.000
    20.000     55.000      0.000      0.000      0.000      0.000
    25.000     55.000      0.000      0.000      0.000      0.000
    30.000     55.000      0.000      0.000      0.000      0.000
    35.000     55.000      0.000      0.000      0.000      0.000
    40.000     55.000      0.000      0.000      0.000      0.000
    45.000     55.000      0.000      0.000      0.000      0.000
    50.000     55.000      0.000      0.000      0.000      0.000
    55.000     55.000      0.000      0.000      0.000      0.000
    60.000     55.000      0.000      0.000      0.000      0.000
    65.000     55.000      0.000      0.000      0.000      0.000
    70.000     55.000      0.000      0.000      0.000      0.000
    75.000     55.000      0.000      0.000      0.000      0.000
    80.000     55.000      0.000      0.000      0.000      0.000
    85.000     55.000      0.000      0.000      0.000      0.000
    90.000     55.000      0.000      0.000      0.000      0.000
    95.000     55.000      0.000      0.000      0.000      0.000
   100.000     55.000      0.000      0.000      0.000      0.000
   105.000     55.000      0.000      0.000      0.000      0.000
   110.000     55.000      0.000      0.000      0.000      0.000
   115.000     55.000      0.000      0.000      0.000      0.000
   120.000     55.000      0.000      0.000      0.000      0.000
   125.000     55.000      0.000      0.000      0.000      0.000
   130.000     55.000      0.000      0.000      0.000      0.000
   135.000     55.000      0.000      0.000      0.000      0.000
   140.000     55.000      0.000      0.000      0.000      0.000
   145.000     55.000      0.000      0.000      0.000      0.000
   -25.000     60.000      0.000      0.000      0.000      0.000
   -20.000     60.000      0.000      0.000      0.000      0.000
   -15.000     60.000      0.000      0.000      0.000      0.000
   -10.000     60.000      0.000      0.000      0.000      0.000
    -5.000     60.000      0.000      0.000      0.000      0.000
     0.000     60.000      0.000      0.000      0.000      0.000
     5.000     60.000      0.000      0.000      0.000      0.000
    10.000     60.000      0.000      0.000      0.000      0.000
    15.000     60.000      0.000      0.000      0.000      0.000
    20.000     60.000      0.000      0.000      0.000      0.000
    25.000     60.000      0.000      0.000      0.000      0.000
    30.000     60.000      0.000      0.000      0.000      0.000
    35.000     60.000      0.000      0.000      0.000      0.000
    40.000     60.000      0.000      0.000      0.000      0.000
    45.000     60.000      0.000      0.000      0.000      0.000
    50.000     60.000      0.000      0.000      0.000      0.000
    55.000     60.000      0.000      0.000      0.000      0.000
    60.000     60.000      0.000      0.000      0.000      0.000
    65.000     60.000      0.000      0.000      0.000      0.000
    70.000     60.000      0.000      0.000      0.000      0.000
    75.000     60.000      0.000      0.000      0.000      0.000
    80.000     60.000      0.000      0.000      0.000      0.000
    85.000     60.000      0.000      0.000      0.000      0.000
    90.000     60.000      0.000      0.000      0.000      0.000
    95.000     60.000      0.000      0.000      0.000      0.000
   100.000     60.000      0.000      0.000      0.000      0.000
   105.000     60.000      0.000      0.000      0.000      0.000
   110.000     60.000      0.000      0.000      0.000      0.000
   115.000     60.000      0.000      0.000      0.000      0.000
   120.000     60.000      0.000      0.000      0.000      0.000
   125.000     60.000      0.000      0.000      0.000      0.000
   130.000     60.000      0.000      0.000      0.000      0.000
   135.000     60.000      0.000      0.000      0.000      0.000
   140.000     60.000      0.000      0.000      0.000      0.000
   145.000     60.000      0.000      0.000      0.000      0.000
