   -25.000    -30.000      0.000      0.000      0.000      0.000
   -20.000    -30.000      0.000      0.000      0.000      0.000
   -15.000    -30.000      0.000      0.000      0.000      0.000
   -10.000    -30.000      0.000      0.000      0.000      0.000
    -5.000    -30.000      0.000      0.000      0.000      0.000
     0.000    -30.000      0.000      0.000      0.000      0.000
     5.000    -30.000      0.000      0.000      0.000      0.000
    10.000    -30.000      0.000      0.000      0.000      0.000
    15.000    -30.000      0.000      0.000      0.000      0.000
    20.000    -30.000      0.000      0.000      0.000      0.000
    25.000    -30.000      0.000      0.000      0.000      0.000
    30.000    -30.000      0.000      0.000      0.000      0.000
    35.000    -30.000      0.000      0.000      0.000      0.000
    40.000    -30.000      0.000      0.000      0.000      0.000
    45.000    -30.000      0.000      0.000      0.000      0.000
    50.000    -30.000      0.000      0.000      0.000      0.000
    55.000    -30.000      0.000      0.000      0.000      0.000
    60.000    -30.000      0.000      0.000      0.000      0.000
    65.000    -30.000      0.000      0.000      0.000      0.000
    70.000    -30.000      0.000      0.000      0.000      0.000
    75.000    -30.000      0.000      0.000      0.000      0.000
    80.000    -30.000      0.000      0.000      0.000      0.000
    85.000    -30.000      0.000      0.000      0.000      0.000
    90.000    -30.000      0.000      0.000      0.000      0.000
    95.000    -30.000      0.000      0.000      0.000      0.000
   100.000    -30.000      0.000      0.000      0.000      0.000
   105.000    -30.000      0.000      0.000      0.000      0.000
   110.000    -30.000      0.000      0.000      0.000      0.000
   115.000    -30.000      0.000      0.000      0.000      0.000
   120.000    -30.000      0.000      0.000      0.000      0.000
   125.000    -30.000      0.000      0.000      0.000      0.000
   130.000    -30.000      0.000      0.000      0.000      0.000
   135.000    -30.000      0.000      0.000      0.000      0.000
   140.000    -30.000      0.000      0.000      0.000      0.000
   145.000    -30.000      0.000      0.000      0.000      0.000
   -25.000    -25.000      0.000      0.000      0.000      0.000
   -20.000    -25.000      0.000      0.000      0.000      0.000
   -15.000    -25.000      0.000      0.000      0.000      0.000
   -10.000    -25.000      0.000      0.000      0.000      0.000
    -5.000    -25.000      0.000      0.000      0.000      0.000
     0.000    -25.000      0.000      0.000      0.000      0.000
     5.000    -25.000      0.000      0.000      0.000      0.000
    10.000    -25.000      0.000      0.000      0.000      0.000
    15.000    -25.000      0.000      0.000      0.000      0.000
    20.000    -25.000      0.000      0.000      0.000      0.000
    25.000    -25.000      0.000      0.000      0.000      0.000
    30.000    -25.000      0.000      0.000      0.000      0.000
    35.000    -25.000      0.000      0.000      0.000      0.000
    40.000    -25.000      0.000      0.000      0.000      0.000
    45.000    -25.000      0.000      0.000      0.000      0.000
    50.000    -25.000      0.000      0.000      0.000      0.000
    55.000    -25.000      0.000      0.000      0.000      0.000
    60.000    -25.000      0.000      0.000      0.000      0.000
    65.000    -25.000      0.000      0.000      0.000      0.000
    70.000    -25.000      0.000      0.000      0.000      0.000
    75.000    -25.000      0.000      0.000      0.000      0.000
    80.000    -25.000      0.000      0.000      0.000      0.000
    85.000    -25.000      0.000      0.000      0.000      0.000
    90.000    -25.000      0.000      0.000      0.000      0.000
    95.000    -25.000      0.000      0.000      0.000      0.000
   100.000    -25.000      0.000      0.000      0.000      0.000
   105.000    -25.000      0.000      0.000      0.000      0.000
   110.000    -25.000      0.000      0.000      0.000      0.000
   115.000    -25.000      0.000      0.000      0.000      0.000
   120.000    -25.000      0.000      0.000      0.000      0.000
   125.000    -25.000      0.000      0.000      0.000      0.000
   130.000    -25.000      0.000      0.000      0.000      0.000
   135.000    -25.000      0.000      0.000      0.000      0.000
   140.000    -25.000      0.000      0.000      0.000      0.000
   145.000    -25.000      0.000      0.000      0.000      0.000
   -25.000    -20.000      0.000      0.000      0.000      0.000
   -20.000    -20.000      0.000      0.000      0.000      0.000
   -15.000    -20.000      0.000      0.000      0.000      0.000
   -10.000    -20.000      0.000      0.000      0.000      0.000
    -5.000    -20.000      0.000      0.000      0.000      0.000
     0.000    -20.000      0.000      0.000      0.000      0.000
     5.000    -20.000      0.000      0.000      0.000      0.000
    10.000    -20.000      0.000      0.000      0.000      0.000
    15.000    -20.000      0.000      0.000      0.000      0.000
    20.000    -20.000      0.000      0.000      0.000      0.000
    25.000    -20.000      0.000      0.000      0.000      0.000
    30.000    -20.000      0.000      0.000      0.000      0.000
    35.000    -20.000      0.000      0.000      0.000      0.000
    40.000    -20.000      0.000      0.000      0.000      0.000
    45.000    -20.000      0.000      0.000      0.000      0.000
    50.000    -20.000      0.000      0.000      0.000      0.000
    55.000    -20.000      0.000      0.000      0.000      0.000
    60.000    -20.000      0.000      0.000      0.000      0.000
    65.000    -20.000      0.000      0.000      0.000      0.000
    70.000    -20.000      0.000      0.000      0.000      0.000
    75.000    -20.000      0.000      0.000      0.000      0.000
    80.000    -20.000      0.000      0.000      0.000      0.000
    85.000    -20.000      0.000      0.000      0.000      0.000
    90.000    -20.000      0.000      0.000      0.000      0.000
    95.000    -20.000      0.000      0.000      0.000      0.000
   100.000    -20.000      0.000      0.000      0.000      0.000
   105.000    -20.000      0.000      0.000      0.000      0.000
   110.000    -20.000      0.000      0.000      0.000      0.000
   115.000    -20.000      0.000      0.000      0.000      0.000
   120.000    -20.000      0.000      0.000      0.000      0.000
   125.000    -20.000      0.000      0.000      0.000      0.000
   130.000    -20.000      0.000      0.000      0.000      0.000
   135.000    -20.000      0.000      0.000      0.000      0.000
   140.000    -20.000      0.000      0.000      0.000      0.000
   145.000    -20.000      0.000      0.000      0.000      0.000
   -25.000    -15.000      0.000      0.000      0.000      0.000
   -20.000    -15.000      0.000      0.000      0.000      0.000
   -15.000    -15.000      0.000      0.000      0.000      0.000
   -10.000    -15.000      0.000      0.000      1.341     50.581
    -5.000    -15.000      0.000      0.000      2.646     55.153
     0.000    -15.000      0.000      0.000      3.256     52.028
     5.000    -15.000      0.000      0.000      3.246     46.645
    10.000    -15.000      0.000      0.000      2.765     39.265
    15.000    -15.000      0.001   -106.358      2.428     29.289
    20.000    -15.000      0.044    176.134      2.197     25.318
    25.000    -15.000      0.095    -89.000      1.917     13.371
    30.000    -15.000      0.147    -84.256      1.568     19.597
    35.000    -15.000      0.176    -84.810      0.739    -16.041
    40.000    -15.000      0.201    -84.859      1.028    -77.361
    45.000    -15.000      0.222    -84.285      1.704    -89.766
    50.000    -15.000      0.226    -82.043      1.756    -82.734
    55.000    -15.000      0.227    -78.846      1.443    -69.987
    60.000    -15.000      0.228    -75.811      1.452    -72.002
    65.000    -15.000      0.232    -73.549      1.593    -79.235
    70.000    -15.000      0.244    -72.192      1.691    -82.304
    75.000    -15.000      0.256    -69.264      1.566    -72.089
    80.000    -15.000      0.270    -64.418      1.342    -70.662
    85.000    -15.000      0.295    -59.891      1.483    -75.256
    90.000    -15.000      0.315    -56.141      1.301    -61.620
    95.000    -15.000      0.329    -51.614      1.213    -54.253
   100.000    -15.000      0.335    -48.848      1.151    -32.939
   105.000    -15.000      0.322    -45.958      1.091    -26.951
   110.000    -15.000      0.280    -41.067      1.139    -36.728
   115.000    -15.000      0.226    -33.977      1.031    -52.562
   120.000    -15.000      0.162    -26.225      0.401    -37.078
   125.000    -15.000      0.092    -19.353      0.149     15.428
   130.000    -15.000      0.069    -74.045      0.077    -79.351
   135.000    -15.000      0.000      0.000      0.000      0.000
   140.000    -15.000      0.000      0.000      0.000      0.000
   145.000    -15.000      0.000      0.000      0.000      0.000
   -25.000    -10.000      0.000      0.000      0.000      0.000
   -20.000    -10.000      0.000      0.000      0.000      0.000
   -15.000    -10.000      0.000      0.000      0.000      0.000
   -10.000    -10.000      0.000      0.000      2.401     55.002
    -5.000    -10.000      0.000      0.000      4.039     55.433
     0.000    -10.000      0.000      0.000      5.128     50.153
     5.000    -10.000      0.000      0.000      5.382     42.586
    10.000    -10.000      0.000      0.000      4.754     34.781
    15.000    -10.000      0.000      0.000      4.066     24.978
    20.000    -10.000      0.000     99.155      3.568     13.034
    25.000    -10.000      0.188   -100.297      2.907     -2.532
    30.000    -10.000      0.267    -90.005      2.374    -12.091
    35.000    -10.000      0.316    -84.636      1.914    -52.475
    40.000    -10.000      0.346    -81.682      2.316    -79.403
    45.000    -10.000      0.374    -80.272      3.499    -87.982
    50.000    -10.000      0.392    -78.935      3.478    -86.253
    55.000    -10.000      0.406    -78.594      3.196    -77.296
    60.000    -10.000      0.405    -76.952      3.265    -76.026
    65.000    -10.000      0.405    -74.237      3.463    -77.436
    70.000    -10.000      0.411    -70.756      3.450    -81.667
    75.000    -10.000      0.423    -66.793      3.021    -77.964
    80.000    -10.000      0.438    -62.039      2.637    -73.838
    85.000    -10.000      0.460    -57.487      2.693    -72.239
    90.000    -10.000      0.485    -53.054      2.451    -64.758
    95.000    -10.000      0.511    -49.220      1.954    -53.360
   100.000    -10.000      0.529    -46.402      1.845    -30.724
   105.000    -10.000      0.522    -43.153      2.021    -31.339
   110.000    -10.000      0.481    -38.747      2.006    -38.181
   115.000    -10.000      0.410    -34.073      1.481    -40.135
   120.000    -10.000      0.312    -28.190      0.669    -20.924
   125.000    -10.000      0.208    -21.645      0.294     -1.056
   130.000    -10.000      0.138    -39.953      0.165    -37.315
   135.000    -10.000      0.000      0.000      0.000      0.000
   140.000    -10.000      0.000      0.000      0.000      0.000
   145.000    -10.000      0.000      0.000      0.000      0.000
   -25.000     -5.000      0.000      0.000      0.000      0.000
   -20.000     -5.000      0.000      0.000      0.000      0.000
   -15.000     -5.000      0.000      0.000      0.000      0.000
   -10.000     -5.000      0.000      0.000      2.672     46.826
    -5.000     -5.000      0.000      0.000      4.287     45.232
     0.000     -5.000      0.000      0.000      5.149     37.379
     5.000     -5.000      0.000      0.000      5.335     28.522
    10.000     -5.000      0.000      0.000      4.945     20.244
    15.000     -5.000      0.000      0.000      4.429      9.710
    20.000     -5.000      0.000   -122.332      3.750     -9.738
    25.000     -5.000      0.080    -89.719      3.639    -36.710
    30.000     -5.000      0.199    -84.929      3.718    -58.289
    35.000     -5.000      0.288    -82.410      4.570    -81.868
    40.000     -5.000      0.359    -80.799      5.442    -89.462
    45.000     -5.000      0.419    -80.200      6.009    -92.974
    50.000     -5.000      0.457    -78.727      6.010    -92.780
    55.000     -5.000      0.481    -76.612      5.572    -87.553
    60.000     -5.000      0.492    -74.536      5.222    -82.350
    65.000     -5.000      0.502    -72.378      5.032    -81.406
    70.000     -5.000      0.508    -69.288      4.578    -81.887
    75.000     -5.000      0.507    -64.573      4.140    -81.752
    80.000     -5.000      0.517    -58.958      3.571    -75.914
    85.000     -5.000      0.541    -54.225      3.406    -68.535
    90.000     -5.000      0.572    -50.818      3.263    -63.752
    95.000     -5.000      0.592    -47.711      2.752    -56.173
   100.000     -5.000      0.586    -44.007      2.401    -41.754
   105.000     -5.000      0.551    -39.498      2.667    -42.145
   110.000     -5.000      0.496    -34.291      2.558    -44.000
   115.000     -5.000      0.419    -28.374      1.604    -39.661
   120.000     -5.000      0.332    -23.014      0.743    -28.138
   125.000     -5.000      0.237    -21.900      0.402    -14.827
   130.000     -5.000      0.166    -34.887      0.242    -36.419
   135.000     -5.000      0.000      0.000      0.000      0.000
   140.000     -5.000      0.000      0.000      0.000      0.000
   145.000     -5.000      0.000      0.000      0.000      0.000
   -25.000      0.000      0.000      0.000      0.000      0.000
   -20.000      0.000      0.000      0.000      0.000      0.000
   -15.000      0.000      0.000      0.000      0.000      0.000
   -10.000      0.000      0.000      0.000      2.282     46.000
    -5.000      0.000      0.000      0.000      3.697     39.163
     0.000      0.000      0.000      0.000      4.276     30.095
     5.000      0.000      0.000      0.000      4.271     14.162
    10.000      0.000      0.000      0.000      4.064     -5.475
    15.000      0.000      0.000      0.000      4.301    -23.949
    20.000      0.000      0.001    -94.163      4.635    -47.428
    25.000      0.000      0.079    -86.453      6.009    -68.798
    30.000      0.000      0.150    -85.127      7.079    -82.356
    35.000      0.000      0.233    -82.653      8.100    -93.070
    40.000      0.000      0.318    -81.186      9.065    -96.711
    45.000      0.000      0.388    -79.394      9.216    -98.818
    50.000      0.000      0.441    -77.229      8.920    -97.782
    55.000      0.000      0.474    -74.526      8.287    -92.988
    60.000      0.000      0.498    -71.751      7.224    -88.266
    65.000      0.000      0.505    -67.904      6.179    -86.395
    70.000      0.000      0.510    -63.198      5.112    -84.246
    75.000      0.000      0.516    -58.451      4.674    -84.820
    80.000      0.000      0.529    -54.255      4.367    -79.878
    85.000      0.000      0.544    -51.731      3.938    -69.658
    90.000      0.000      0.560    -49.396      3.580    -64.151
    95.000      0.000      0.565    -47.041      3.200    -57.384
   100.000      0.000      0.548    -43.804      3.064    -55.272
   105.000      0.000      0.509    -39.802      3.083    -56.221
   110.000      0.000      0.449    -33.802      2.851    -55.984
   115.000      0.000      0.368    -26.088      1.696    -48.159
   120.000      0.000      0.282    -17.466      0.809    -36.529
   125.000      0.000      0.176     -6.845      0.403    -33.793
   130.000      0.000      0.050     24.840      0.045      6.920
   135.000      0.000      0.000      0.000      0.000      0.000
   140.000      0.000      0.000      0.000      0.000      0.000
   145.000      0.000      0.000      0.000      0.000      0.000
   -25.000      5.000      0.000      0.000      0.000      0.000
   -20.000      5.000      0.000      0.000      0.000      0.000
   -15.000      5.000      0.000      0.000      0.000      0.000
   -10.000      5.000      0.000      0.000      1.475     45.720
    -5.000      5.000      0.000      0.000      2.415     43.675
     0.000      5.000      0.000      0.000      2.460     26.140
     5.000      5.000      0.000      0.000      2.744    -18.532
    10.000      5.000      0.000      0.000      4.642    -58.768
    15.000      5.000      0.000      0.000      6.470    -71.334
    20.000      5.000      0.000    -56.837      7.969    -79.113
    25.000      5.000      0.125    -63.601      9.652    -87.000
    30.000      5.000      0.173    -77.420     11.126    -93.224
    35.000      5.000      0.244    -80.941     12.030    -98.553
    40.000      5.000      0.311    -78.553     12.499   -102.975
    45.000      5.000      0.361    -75.405     12.538   -104.351
    50.000      5.000      0.402    -71.599     11.636   -101.999
    55.000      5.000      0.425    -67.209     11.008    -98.454
    60.000      5.000      0.441    -62.965      9.430    -94.100
    65.000      5.000      0.446    -58.218      7.411    -90.952
    70.000      5.000      0.454    -54.195      5.737    -88.699
    75.000      5.000      0.462    -51.090      4.731    -86.593
    80.000      5.000      0.468    -49.043      4.417    -81.111
    85.000      5.000      0.476    -48.115      4.022    -70.208
    90.000      5.000      0.484    -47.365      3.411    -61.521
    95.000      5.000      0.490    -46.989      3.114    -54.151
   100.000      5.000      0.473    -45.099      3.398    -59.248
   105.000      5.000      0.438    -41.913      3.078    -63.174
   110.000      5.000      0.388    -37.792      2.442    -66.255
   115.000      5.000      0.316    -32.177      1.360    -51.919
   120.000      5.000      0.225    -19.852      0.802    -35.548
   125.000      5.000      0.148     18.228      0.408    -21.776
   130.000      5.000      0.161     73.475      0.220     73.953
   135.000      5.000      0.000      0.000      0.000      0.000
   140.000      5.000      0.000      0.000      0.000      0.000
   145.000      5.000      0.000      0.000      0.000      0.000
   -25.000     10.000      0.000      0.000      0.000      0.000
   -20.000     10.000      0.000      0.000      0.000      0.000
   -15.000     10.000      0.000      0.000      0.000      0.000
   -10.000     10.000      0.000      0.000      0.400     38.341
    -5.000     10.000      0.000      0.000      0.569     16.240
     0.000     10.000      0.000      0.000      1.366    -66.207
     5.000     10.000      0.000      0.000      3.928    -81.130
    10.000     10.000      0.000      0.000      7.272    -87.470
    15.000     10.000      0.000      0.000      9.837    -91.225
    20.000     10.000      0.001    -57.698     11.987    -95.323
    25.000     10.000      0.163    -50.352     13.835    -96.881
    30.000     10.000      0.223    -54.960     15.252    -99.526
    35.000     10.000      0.269    -60.894     15.757   -102.403
    40.000     10.000      0.299    -64.441     15.701   -106.425
    45.000     10.000      0.320    -63.412     14.954   -107.715
    50.000     10.000      0.331    -59.365     14.055   -106.203
    55.000     10.000      0.343    -54.813     12.874   -103.492
    60.000     10.000      0.352    -50.253     10.880    -99.689
    65.000     10.000      0.355    -45.722      8.283    -96.016
    70.000     10.000      0.355    -42.274      5.718    -93.539
    75.000     10.000      0.358    -39.781      4.319    -89.180
    80.000     10.000      0.363    -38.323      3.688    -81.411
    85.000     10.000      0.363    -38.069      3.512    -70.653
    90.000     10.000      0.361    -37.998      3.181    -59.437
    95.000     10.000      0.353    -39.763      2.892    -53.851
   100.000     10.000      0.340    -43.093      3.070    -62.640
   105.000     10.000      0.319    -45.608      2.787    -69.689
   110.000     10.000      0.293    -46.072      2.023    -77.153
   115.000     10.000      0.230    -42.132      1.030    -74.224
   120.000     10.000      0.143    -27.702      0.609    -59.887
   125.000     10.000      0.086     20.790      0.180     51.675
   130.000     10.000      0.034     23.165      0.030     28.804
   135.000     10.000      0.000      0.000      0.000      0.000
   140.000     10.000      0.000      0.000      0.000      0.000
   145.000     10.000      0.000      0.000      0.000      0.000
   -25.000     15.000      0.000      0.000      0.000      0.000
   -20.000     15.000      0.000      0.000      0.000      0.000
   -15.000     15.000      0.000      0.000      0.000      0.000
   -10.000     15.000      0.000      0.000      0.475   -108.824
    -5.000     15.000      0.000      0.000      1.856   -107.123
     0.000     15.000      0.000      0.000      4.184   -102.535
     5.000     15.000      0.000      0.000      7.168   -100.198
    10.000     15.000      0.000      0.000     10.632   -101.218
    15.000     15.000      0.000      5.075     13.239   -101.855
    20.000     15.000      0.068    -58.451     15.768   -103.198
    25.000     15.000      0.221    -41.076     17.591   -103.213
    30.000     15.000      0.289    -40.445     18.484   -104.063
    35.000     15.000      0.307    -43.235     18.234   -106.832
    40.000     15.000      0.303    -43.769     17.802   -110.174
    45.000     15.000      0.291    -39.572     16.654   -111.336
    50.000     15.000      0.275    -33.571     15.586   -111.287
    55.000     15.000      0.267    -27.503     13.835   -109.400
    60.000     15.000      0.263    -23.459     11.798   -105.439
    65.000     15.000      0.266    -20.656      8.681   -102.198
    70.000     15.000      0.270    -15.793      5.852    -99.660
    75.000     15.000      0.274    -14.259      3.789    -96.216
    80.000     15.000      0.273    -13.790      2.687    -84.814
    85.000     15.000      0.262    -17.724      2.572    -73.654
    90.000     15.000      0.244    -24.754      2.604    -58.326
    95.000     15.000      0.225    -34.883      2.670    -55.935
   100.000     15.000      0.207    -46.972      2.472    -66.192
   105.000     15.000      0.190    -61.199      2.025    -82.172
   110.000     15.000      0.174    -74.205      1.349    -94.432
   115.000     15.000      0.132    -84.993      0.815   -104.089
   120.000     15.000      0.059    -95.775      0.341   -111.322
   125.000     15.000      0.030    130.142      0.159    112.644
   130.000     15.000      0.032    128.835      0.070    118.482
   135.000     15.000      0.000      0.000      0.000      0.000
   140.000     15.000      0.000      0.000      0.000      0.000
   145.000     15.000      0.000      0.000      0.000      0.000
   -25.000     20.000      0.000      0.000      0.000      0.000
   -20.000     20.000      0.000      0.000      0.000      0.000
   -15.000     20.000      0.000      0.000      0.000      0.000
   -10.000     20.000      0.000    -92.979      1.396   -117.139
    -5.000     20.000      0.000    -73.675      3.372   -111.199
     0.000     20.000      0.000   -152.765      5.951   -108.410
     5.000     20.000      0.001   -150.571      9.236   -107.763
    10.000     20.000      0.001   -135.473     12.814   -108.281
    15.000     20.000      0.014    118.543     15.485   -109.023
    20.000     20.000      0.126    -50.656     17.976   -108.970
    25.000     20.000      0.254    -43.356     19.475   -108.734
    30.000     20.000      0.321    -37.070     19.932   -108.980
    35.000     20.000      0.338    -31.925     19.106   -111.632
    40.000     20.000      0.326    -25.181     18.468   -114.068
    45.000     20.000      0.305    -16.132     17.249   -115.004
    50.000     20.000      0.288     -7.695     16.128   -115.474
    55.000     20.000      0.284      0.866     14.289   -114.710
    60.000     20.000      0.292      7.948     11.878   -111.848
    65.000     20.000      0.294     12.732      8.675   -108.104
    70.000     20.000      0.286     15.017      5.714   -104.547
    75.000     20.000      0.265     13.619      3.299   -101.611
    80.000     20.000      0.232      8.688      1.817    -94.959
    85.000     20.000      0.188      0.963      1.586    -78.248
    90.000     20.000      0.135    -15.276      1.650    -54.508
    95.000     20.000      0.102    -52.455      1.930    -54.928
   100.000     20.000      0.112    -94.260      1.764    -69.506
   105.000     20.000      0.137   -119.365      1.288    -95.980
   110.000     20.000      0.155   -137.211      0.982   -121.064
   115.000     20.000      0.159   -152.369      0.737   -139.337
   120.000     20.000      0.147   -163.600      0.372   -170.320
   125.000     20.000      0.114   -178.281      0.220   -176.058
   130.000     20.000      0.060    141.379      0.060    141.379
   135.000     20.000      0.000      0.000      0.000      0.000
   140.000     20.000      0.000      0.000      0.000      0.000
   145.000     20.000      0.000      0.000      0.000      0.000
   -25.000     25.000      0.000      0.000      0.000      0.000
   -20.000     25.000      0.000      0.000      0.000      0.000
   -15.000     25.000      0.000      0.000      0.000      0.000
   -10.000     25.000      0.066     18.007      1.836   -110.918
    -5.000     25.000      0.083    -14.240      4.140   -108.331
     0.000     25.000      0.087    -68.508      6.982   -109.534
     5.000     25.000      0.120   -107.934     10.245   -111.574
    10.000     25.000      0.135   -120.127     13.515   -112.974
    15.000     25.000      0.177    -89.946     16.229   -113.438
    20.000     25.000      0.233    -69.213     18.258   -113.991
    25.000     25.000      0.292    -53.341     19.390   -113.321
    30.000     25.000      0.327    -40.467     19.530   -113.437
    35.000     25.000      0.328    -28.414     18.507   -115.624
    40.000     25.000      0.316    -14.831     18.081   -117.694
    45.000     25.000      0.316     -0.993     16.863   -119.036
    50.000     25.000      0.324     10.487     15.632   -119.808
    55.000     25.000      0.334     18.699     13.560   -119.709
    60.000     25.000      0.339     24.199     11.309   -117.756
    65.000     25.000      0.327     26.727      8.426   -114.933
    70.000     25.000      0.298     27.471      5.256   -111.140
    75.000     25.000      0.252     27.007      2.657   -109.078
    80.000     25.000      0.190     24.629      1.337   -107.865
    85.000     25.000      0.117     17.564      0.809    -96.052
    90.000     25.000      0.039    -18.664      1.077    -61.061
    95.000     25.000      0.062   -133.120      1.166    -58.540
   100.000     25.000      0.131   -150.284      1.193    -78.916
   105.000     25.000      0.177   -158.822      0.731   -108.101
   110.000     25.000      0.208   -163.826      0.757   -142.780
   115.000     25.000      0.213   -167.520      0.720   -163.530
   120.000     25.000      0.183   -172.976      0.491   -149.591
   125.000     25.000      0.124    170.284      0.157   -161.821
   130.000     25.000      0.079    133.228      0.079    133.228
   135.000     25.000      0.000      0.000      0.000      0.000
   140.000     25.000      0.000      0.000      0.000      0.000
   145.000     25.000      0.000      0.000      0.000      0.000
   -25.000     30.000      0.000      0.000      0.000      0.000
   -20.000     30.000      0.000      0.000      0.000      0.000
   -15.000     30.000      0.000      0.000      0.000      0.000
   -10.000     30.000      0.069     51.329      1.776   -109.018
    -5.000     30.000      0.060     49.825      4.161   -111.431
     0.000     30.000      0.004    168.362      7.156   -113.438
     5.000     30.000      0.089   -126.345     10.316   -114.869
    10.000     30.000      0.164   -114.851     13.151   -115.805
    15.000     30.000      0.224    -95.949     15.312   -116.398
    20.000     30.000      0.254    -77.986     16.804   -116.898
    25.000     30.000      0.277    -59.103     17.387   -116.539
    30.000     30.000      0.303    -42.998     17.288   -116.575
    35.000     30.000      0.314    -30.027     16.371   -118.935
    40.000     30.000      0.308    -15.120     16.261   -120.994
    45.000     30.000      0.305     -0.167     15.473   -122.434
    50.000     30.000      0.311     14.373     13.951   -123.296
    55.000     30.000      0.317     24.611     12.113   -123.872
    60.000     30.000      0.317     31.932     10.201   -122.990
    65.000     30.000      0.301     36.147      7.575   -121.084
    70.000     30.000      0.263     37.441      4.667   -118.381
    75.000     30.000      0.201     37.267      2.156   -116.473
    80.000     30.000      0.129     38.139      0.810   -125.697
    85.000     30.000      0.052     42.694      0.439   -119.339
    90.000     30.000      0.021   -173.128      0.447    -80.624
    95.000     30.000      0.085   -156.999      0.479    -58.003
   100.000     30.000      0.140   -158.161      0.459    -91.440
   105.000     30.000      0.184   -159.887      0.463   -115.229
   110.000     30.000      0.212   -160.937      0.624   -143.974
   115.000     30.000      0.212   -161.199      0.635   -165.206
   120.000     30.000      0.167   -169.340      0.483   -152.264
   125.000     30.000      0.094    152.925      0.193    156.630
   130.000     30.000      0.036     95.531      0.036     95.531
   135.000     30.000      0.000      0.000      0.000      0.000
   140.000     30.000      0.000      0.000      0.000      0.000
   145.000     30.000      0.000      0.000      0.000      0.000
   -25.000     35.000      0.000      0.000      0.000      0.000
   -20.000     35.000      0.000      0.000      0.000      0.000
   -15.000     35.000      0.000      0.000      0.000      0.000
   -10.000     35.000      0.044     60.498      1.502   -118.498
    -5.000     35.000      0.052     64.908      3.563   -116.256
     0.000     35.000      0.013    104.258      6.149   -115.791
     5.000     35.000      0.058   -123.915      8.843   -116.348
    10.000     35.000      0.120   -110.415     11.191   -117.099
    15.000     35.000      0.165    -95.085     12.743   -118.044
    20.000     35.000      0.192    -78.294     13.514   -118.908
    25.000     35.000      0.213    -60.693     13.573   -119.099
    30.000     35.000      0.229    -44.664     13.324   -119.637
    35.000     35.000      0.239    -29.786     13.147   -121.495
    40.000     35.000      0.242    -15.538     13.154   -123.735
    45.000     35.000      0.241     -2.257     12.633   -125.807
    50.000     35.000      0.241     10.284     11.470   -126.041
    55.000     35.000      0.238     20.835     10.137   -127.085
    60.000     35.000      0.224     28.833      8.491   -126.886
    65.000     35.000      0.192     35.170      6.334   -126.204
    70.000     35.000      0.161     41.595      3.850   -125.502
    75.000     35.000      0.126     45.779      1.673   -128.290
    80.000     35.000      0.085     48.896      0.578   -127.720
    85.000     35.000      0.047     52.282      0.237    148.494
    90.000     35.000      0.009    106.990      0.162    173.298
    95.000     35.000      0.049   -149.424      0.144    107.786
   100.000     35.000      0.095   -149.404      0.118   -144.284
   105.000     35.000      0.139   -152.924      0.341   -135.117
   110.000     35.000      0.172   -155.391      0.430   -160.179
   115.000     35.000      0.182   -157.825      0.453    179.334
   120.000     35.000      0.157   -160.167      0.381   -171.822
   125.000     35.000      0.076   -168.819      0.098   -172.336
   130.000     35.000      0.001    141.009      0.001    141.009
   135.000     35.000      0.000      0.000      0.000      0.000
   140.000     35.000      0.000      0.000      0.000      0.000
   145.000     35.000      0.000      0.000      0.000      0.000
   -25.000     40.000      0.000      0.000      0.000      0.000
   -20.000     40.000      0.000      0.000      0.000      0.000
   -15.000     40.000      0.000      0.000      0.000      0.000
   -10.000     40.000      0.026     72.141      1.344   -118.737
    -5.000     40.000      0.043     72.037      2.849   -119.111
     0.000     40.000      0.028     80.688      4.600   -119.057
     5.000     40.000      0.011   -149.309      6.350   -119.101
    10.000     40.000      0.047   -103.835      7.815   -119.478
    15.000     40.000      0.074    -85.418      8.726   -119.854
    20.000     40.000      0.095    -66.624      9.345   -120.728
    25.000     40.000      0.115    -49.594      9.305   -122.347
    30.000     40.000      0.132    -37.990      9.193   -122.937
    35.000     40.000      0.147    -29.367      9.177   -124.182
    40.000     40.000      0.154    -19.689      9.066   -126.300
    45.000     40.000      0.151    -10.584      8.742   -129.144
    50.000     40.000      0.145     -2.047      8.250   -128.840
    55.000     40.000      0.134      4.045      7.366   -129.441
    60.000     40.000      0.119     10.312      6.275   -129.537
    65.000     40.000      0.107     18.784      4.726   -130.542
    70.000     40.000      0.091     24.349      2.911   -132.281
    75.000     40.000      0.074     25.421      1.266   -135.284
    80.000     40.000      0.060     29.781      0.331   -160.453
    85.000     40.000      0.042     39.557      0.384    118.300
    90.000     40.000      0.009     59.542      0.290    136.633
    95.000     40.000      0.029   -147.006      0.288    143.105
   100.000     40.000      0.068   -149.729      0.267    162.684
   105.000     40.000      0.100   -152.957      0.282   -150.280
   110.000     40.000      0.126   -153.711      0.309   -152.500
   115.000     40.000      0.144   -150.142      0.271    174.416
   120.000     40.000      0.132   -147.350      0.206   -148.499
   125.000     40.000      0.087   -149.035      0.109   -151.196
   130.000     40.000      0.001   -167.975      0.001   -167.975
   135.000     40.000      0.000      0.000      0.000      0.000
   140.000     40.000      0.000      0.000      0.000      0.000
   145.000     40.000      0.000      0.000      0.000      0.000
   -25.000     45.000      0.000      0.000      0.000      0.000
   -20.000     45.000      0.000      0.000      0.000      0.000
   -15.000     45.000      0.000      0.000      0.000      0.000
   -10.000     45.000      0.033     99.253      0.728   -116.589
    -5.000     45.000      0.043     94.034      1.522   -121.555
     0.000     45.000      0.035     88.453      2.436   -122.517
     5.000     45.000      0.013     80.816      3.302   -121.492
    10.000     45.000      0.015    -71.210      3.996   -120.585
    15.000     45.000      0.036    -65.532      4.444   -121.124
    20.000     45.000      0.050    -51.353      4.608   -122.952
    25.000     45.000      0.061    -41.508      4.570   -125.090
    30.000     45.000      0.066    -33.215      4.585   -125.318
    35.000     45.000      0.071    -27.215      4.589   -127.333
    40.000     45.000      0.074    -23.529      4.396   -129.594
    45.000     45.000      0.073    -19.987      4.580   -131.572
    50.000     45.000      0.070    -19.790      4.363   -130.727
    55.000     45.000      0.067    -19.115      3.999   -129.801
    60.000     45.000      0.064    -14.092      3.247   -132.255
    65.000     45.000      0.063     -4.068      2.555   -132.536
    70.000     45.000      0.060      9.124      1.544   -134.735
    75.000     45.000      0.055     22.467      0.760   -142.783
    80.000     45.000      0.038     32.978      0.254   -178.343
    85.000     45.000      0.018     56.038      0.258    111.637
    90.000     45.000      0.012    148.218      0.148    149.964
    95.000     45.000      0.024   -171.961      0.241    148.624
   100.000     45.000      0.043   -160.201      0.208    156.491
   105.000     45.000      0.064   -151.895      0.302   -138.386
   110.000     45.000      0.075   -145.609      0.224   -145.993
   115.000     45.000      0.066   -140.110      0.206   -148.175
   120.000     45.000      0.050   -135.895      0.038   -160.649
   125.000     45.000      0.023   -162.413      0.023   -162.413
   130.000     45.000      0.000    176.479      0.000    176.479
   135.000     45.000      0.000      0.000      0.000      0.000
   140.000     45.000      0.000      0.000      0.000      0.000
   145.000     45.000      0.000      0.000      0.000      0.000
   -25.000     50.000      0.000      0.000      0.000      0.000
   -20.000     50.000      0.000      0.000      0.000      0.000
   -15.000     50.000      0.000      0.000      0.000      0.000
   -10.000     50.000      0.000      0.000      0.000      0.000
    -5.000     50.000      0.000      0.000      0.000      0.000
     0.000     50.000      0.000      0.000      0.000      0.000
     5.000     50.000      0.000      0.000      0.000      0.000
    10.000     50.000      0.000      0.000      0.000      0.000
    15.000     50.000      0.000      0.000      0.000      0.000
    20.000     50.000      0.000      0.000      0.000      0.000
    25.000     50.000      0.000      0.000      0.000      0.000
    30.000     50.000      0.000      0.000      0.000      0.000
    35.000     50.000      0.000      0.000      0.000      0.000
    40.000     50.000      0.000      0.000      0.000      0.000
    45.000     50.000      0.000      0.000      0.000      0.000
    50.000     50.000      0.000      0.000      0.000      0.000
    55.000     50.000      0.000      0.000      0.000      0.000
    60.000     50.000      0.000      0.000      0.000      0.000
    65.000     50.000      0.000      0.000      0.000      0.000
    70.000     50.000      0.000      0.000      0.000      0.000
    75.000     50.000      0.000      0.000      0.000      0.000
    80.000     50.000      0.000      0.000      0.000      0.000
    85.000     50.000      0.000      0.000      0.000      0.000
    90.000     50.000      0.000      0.000      0.000      0.000
    95.000     50.000      0.000      0.000      0.000      0.000
   100.000     50.000      0.000      0.000      0.000      0.000
   105.000     50.000      0.000      0.000      0.000      0.000
   110.000     50.000      0.000      0.000      0.000      0.000
   115.000     50.000      0.000      0.000      0.000      0.000
   120.000     50.000      0.000      0.000      0.000      0.000
   125.000     50.000      0.000      0.000      0.000      0.000
   130.000     50.000      0.000      0.000      0.000      0.000
   135.000     50.000      0.000      0.000      0.000      0.000
   140.000     50.000      0.000      0.000      0.000      0.000
   145.000     50.000      0.000      0.000      0.000      0.000
   -25.000     55.000      0.000      0.000      0.000      0.000
   -20.000     55.000      0.000      0.000      0.000      0.000
   -15.000     55.000      0.000      0.000      0.000      0.000
   -10.000     55.000      0.000      0.000      0.000      0.000
    -5.000     55.000      0.000      0.000      0.000      0.000
     0.000     55.000      0.000      0.000      0.000      0.000
     5.000     55.000      0.000      0.000      0.000      0.000
    10.000     55.000      0.000      0.000      0.000      0.000
    15.000     55.000      0.000      0.000      0.000      0.000
    20.000     55.000      0.000      0.000      0.000      0.000
    25.000     55.000      0.000      0.000      0.000      0.000
    30.000     55.000      0.000      0.000      0.000      0.000
    35.000     55.000      0.000      0.000      0.000      0.000
    40.000     55.000      0.000      0.000      0.000      0.000
    45.000     55.000      0.000      0.000      0.000      0.000
    50.000     55.000      0.000      0.000      0.000      0.000
    55.000     55.000      0.000      0.000      0.000      0.000
    60.000     55.000      0.000      0.000      0.000      0.000
    65.000     55.000      0.000      0.000      0.000      0.000
    70.000     55.000      0.000      0.000      0.000      0.000
    75.000     55.000      0.000      0.000      0.000      0.000
    80.000     55.000      0.000      0.000      0.000      0.000
    85.000     55.000      0.000      0.000      0.000      0.000
    90.000     55.000      0.000      0.000      0.000      0.000
    95.000     55.000      0.000      0.000      0.000      0.000
   100.000     55.000      0.000      0.000      0.000      0.000
   105.000     55.000      0.000      0.000      0.000      0.000
   110.000     55.000      0.000      0.000      0.000      0.000
   115.000     55.000      0.000      0.000      0.000      0.000
   120.000     55.000      0.000      0.000      0.000      0.000
   125.000     55.000      0.000      0.000      0.000      0.000
   130.000     55.000      0.000      0.000      0.000      0.000
   135.000     55.000      0.000      0.000      0.000      0.000
   140.000     55.000      0.000      0.000      0.000      0.000
   145.000     55.000      0.000      0.000      0.000      0.000
   -25.000     60.000      0.000      0.000      0.000      0.000
   -20.000     60.000      0.000      0.000      0.000      0.000
   -15.000     60.000      0.000      0.000      0.000      0.000
   -10.000     60.000      0.000      0.000      0.000      0.000
    -5.000     60.000      0.000      0.000      0.000      0.000
     0.000     60.000      0.000      0.000      0.000      0.000
     5.000     60.000      0.000      0.000      0.000      0.000
    10.000     60.000      0.000      0.000      0.000      0.000
    15.000     60.000      0.000      0.000      0.000      0.000
    20.000     60.000      0.000      0.000      0.000      0.000
    25.000     60.000      0.000      0.000      0.000      0.000
    30.000     60.000      0.000      0.000      0.000      0.000
    35.000     60.000      0.000      0.000      0.000      0.000
    40.000     60.000      0.000      0.000      0.000      0.000
    45.000     60.000      0.000      0.000      0.000      0.000
    50.000     60.000      0.000      0.000      0.000      0.000
    55.000     60.000      0.000      0.000      0.000      0.000
    60.000     60.000      0.000      0.000      0.000      0.000
    65.000     60.000      0.000      0.000      0.000      0.000
    70.000     60.000      0.000      0.000      0.000      0.000
    75.000     60.000      0.000      0.000      0.000      0.000
    80.000     60.000      0.000      0.000      0.000      0.000
    85.000     60.000      0.000      0.000      0.000      0.000
    90.000     60.000      0.000      0.000      0.000      0.000
    95.000     60.000      0.000      0.000      0.000      0.000
   100.000     60.000      0.000      0.000      0.000      0.000
   105.000     60.000      0.000      0.000      0.000      0.000
   110.000     60.000      0.000      0.000      0.000      0.000
   115.000     60.000      0.000      0.000      0.000      0.000
   120.000     60.000      0.000      0.000      0.000      0.000
   125.000     60.000      0.000      0.000      0.000      0.000
   130.000     60.000      0.000      0.000      0.000      0.000
   135.000     60.000      0.000      0.000      0.000      0.000
   140.000     60.000      0.000      0.000      0.000      0.000
   145.000     60.000      0.000      0.000      0.000      0.000
