   -25.000    -30.000      0.000      0.000      0.000      0.000
   -20.000    -30.000      0.000      0.000      0.000      0.000
   -15.000    -30.000      0.000      0.000      0.000      0.000
   -10.000    -30.000      0.000      0.000      0.000      0.000
    -5.000    -30.000      0.000      0.000      0.000      0.000
     0.000    -30.000      0.000      0.000      0.000      0.000
     5.000    -30.000      0.000      0.000      0.000      0.000
    10.000    -30.000      0.000      0.000      0.000      0.000
    15.000    -30.000      0.000      0.000      0.000      0.000
    20.000    -30.000      0.000      0.000      0.000      0.000
    25.000    -30.000      0.000      0.000      0.000      0.000
    30.000    -30.000      0.000      0.000      0.000      0.000
    35.000    -30.000      0.000      0.000      0.000      0.000
    40.000    -30.000      0.000      0.000      0.000      0.000
    45.000    -30.000      0.000      0.000      0.000      0.000
    50.000    -30.000      0.000      0.000      0.000      0.000
    55.000    -30.000      0.000      0.000      0.000      0.000
    60.000    -30.000      0.000      0.000      0.000      0.000
    65.000    -30.000      0.000      0.000      0.000      0.000
    70.000    -30.000      0.000      0.000      0.000      0.000
    75.000    -30.000      0.000      0.000      0.000      0.000
    80.000    -30.000      0.000      0.000      0.000      0.000
    85.000    -30.000      0.000      0.000      0.000      0.000
    90.000    -30.000      0.000      0.000      0.000      0.000
    95.000    -30.000      0.000      0.000      0.000      0.000
   100.000    -30.000      0.000      0.000      0.000      0.000
   105.000    -30.000      0.000      0.000      0.000      0.000
   110.000    -30.000      0.000      0.000      0.000      0.000
   115.000    -30.000      0.000      0.000      0.000      0.000
   120.000    -30.000      0.000      0.000      0.000      0.000
   125.000    -30.000      0.000      0.000      0.000      0.000
   130.000    -30.000      0.000      0.000      0.000      0.000
   135.000    -30.000      0.000      0.000      0.000      0.000
   140.000    -30.000      0.000      0.000      0.000      0.000
   145.000    -30.000      0.000      0.000      0.000      0.000
   -25.000    -25.000      0.000      0.000      0.000      0.000
   -20.000    -25.000      0.000      0.000      0.000      0.000
   -15.000    -25.000      0.000      0.000      0.000      0.000
   -10.000    -25.000      0.000      0.000      0.000      0.000
    -5.000    -25.000      0.000      0.000      0.000      0.000
     0.000    -25.000      0.000      0.000      0.000      0.000
     5.000    -25.000      0.000      0.000      0.000      0.000
    10.000    -25.000      0.000      0.000      0.000      0.000
    15.000    -25.000      0.000      0.000      0.000      0.000
    20.000    -25.000      0.000      0.000      0.000      0.000
    25.000    -25.000      0.000      0.000      0.000      0.000
    30.000    -25.000      0.000      0.000      0.000      0.000
    35.000    -25.000      0.000      0.000      0.000      0.000
    40.000    -25.000      0.000      0.000      0.000      0.000
    45.000    -25.000      0.000      0.000      0.000      0.000
    50.000    -25.000      0.000      0.000      0.000      0.000
    55.000    -25.000      0.000      0.000      0.000      0.000
    60.000    -25.000      0.000      0.000      0.000      0.000
    65.000    -25.000      0.000      0.000      0.000      0.000
    70.000    -25.000      0.000      0.000      0.000      0.000
    75.000    -25.000      0.000      0.000      0.000      0.000
    80.000    -25.000      0.000      0.000      0.000      0.000
    85.000    -25.000      0.000      0.000      0.000      0.000
    90.000    -25.000      0.000      0.000      0.000      0.000
    95.000    -25.000      0.000      0.000      0.000      0.000
   100.000    -25.000      0.000      0.000      0.000      0.000
   105.000    -25.000      0.000      0.000      0.000      0.000
   110.000    -25.000      0.000      0.000      0.000      0.000
   115.000    -25.000      0.000      0.000      0.000      0.000
   120.000    -25.000      0.000      0.000      0.000      0.000
   125.000    -25.000      0.000      0.000      0.000      0.000
   130.000    -25.000      0.000      0.000      0.000      0.000
   135.000    -25.000      0.000      0.000      0.000      0.000
   140.000    -25.000      0.000      0.000      0.000      0.000
   145.000    -25.000      0.000      0.000      0.000      0.000
   -25.000    -20.000      0.000      0.000      0.000      0.000
   -20.000    -20.000      0.000      0.000      0.000      0.000
   -15.000    -20.000      0.000      0.000      0.000      0.000
   -10.000    -20.000      0.000      0.000      0.000      0.000
    -5.000    -20.000      0.000      0.000      0.000      0.000
     0.000    -20.000      0.000      0.000      0.000      0.000
     5.000    -20.000      0.000      0.000      0.000      0.000
    10.000    -20.000      0.000      0.000      0.000      0.000
    15.000    -20.000      0.000      0.000      0.000      0.000
    20.000    -20.000      0.000      0.000      0.000      0.000
    25.000    -20.000      0.000      0.000      0.000      0.000
    30.000    -20.000      0.000      0.000      0.000      0.000
    35.000    -20.000      0.000      0.000      0.000      0.000
    40.000    -20.000      0.000      0.000      0.000      0.000
    45.000    -20.000      0.000      0.000      0.000      0.000
    50.000    -20.000      0.000      0.000      0.000      0.000
    55.000    -20.000      0.000      0.000      0.000      0.000
    60.000    -20.000      0.000      0.000      0.000      0.000
    65.000    -20.000      0.000      0.000      0.000      0.000
    70.000    -20.000      0.000      0.000      0.000      0.000
    75.000    -20.000      0.000      0.000      0.000      0.000
    80.000    -20.000      0.000      0.000      0.000      0.000
    85.000    -20.000      0.000      0.000      0.000      0.000
    90.000    -20.000      0.000      0.000      0.000      0.000
    95.000    -20.000      0.000      0.000      0.000      0.000
   100.000    -20.000      0.000      0.000      0.000      0.000
   105.000    -20.000      0.000      0.000      0.000      0.000
   110.000    -20.000      0.000      0.000      0.000      0.000
   115.000    -20.000      0.000      0.000      0.000      0.000
   120.000    -20.000      0.000      0.000      0.000      0.000
   125.000    -20.000      0.000      0.000      0.000      0.000
   130.000    -20.000      0.000      0.000      0.000      0.000
   135.000    -20.000      0.000      0.000      0.000      0.000
   140.000    -20.000      0.000      0.000      0.000      0.000
   145.000    -20.000      0.000      0.000      0.000      0.000
   -25.000    -15.000      0.000      0.000      0.000      0.000
   -20.000    -15.000      0.000      0.000      0.000      0.000
   -15.000    -15.000      0.000      0.000      0.000      0.000
   -10.000    -15.000      0.000      0.000      1.341     50.581
    -5.000    -15.000      0.000      0.000      2.646     55.153
     0.000    -15.000      0.000      0.000      3.256     52.028
     5.000    -15.000      0.000      0.000      3.246     46.645
    10.000    -15.000      0.000      0.000      2.765     39.265
    15.000    -15.000      0.000      0.000      2.428     29.289
    20.000    -15.000      0.000      0.000      2.197     25.318
    25.000    -15.000      0.000      0.000      1.955     12.120
    30.000    -15.000      0.000      0.000      1.629     14.383
    35.000    -15.000      0.000      0.000      0.993    -23.372
    40.000    -15.000      0.021   -116.999      1.699    -77.591
    45.000    -15.000      0.042      1.061      2.576    -81.731
    50.000    -15.000      0.053    -10.918      2.815    -73.906
    55.000    -15.000      0.058    -11.619      2.656    -62.606
    60.000    -15.000      0.072     -2.062      2.723    -60.979
    65.000    -15.000      0.099      2.700      2.850    -62.887
    70.000    -15.000      0.134     -1.188      2.938    -62.805
    75.000    -15.000      0.160     -5.646      2.928    -54.786
    80.000    -15.000      0.181     -7.516      2.740    -51.374
    85.000    -15.000      0.196     -8.322      2.829    -53.618
    90.000    -15.000      0.204     -9.301      2.747    -45.261
    95.000    -15.000      0.203    -10.853      2.663    -40.750
   100.000    -15.000      0.193    -13.012      2.595    -30.041
   105.000    -15.000      0.177    -12.085      2.439    -25.553
   110.000    -15.000      0.164     -5.698      2.343    -28.122
   115.000    -15.000      0.155      2.943      2.001    -33.427
   120.000    -15.000      0.140     11.796      1.275    -18.788
   125.000    -15.000      0.123     23.213      0.813     -4.326
   130.000    -15.000      0.086     34.458      0.410    -20.261
   135.000    -15.000      0.000      0.000      0.000      0.000
   140.000    -15.000      0.000      0.000      0.000      0.000
   145.000    -15.000      0.000      0.000      0.000      0.000
   -25.000    -10.000      0.000      0.000      0.000      0.000
   -20.000    -10.000      0.000      0.000      0.000      0.000
   -15.000    -10.000      0.000      0.000      0.000      0.000
   -10.000    -10.000      0.000      0.000      2.401     55.002
    -5.000    -10.000      0.000      0.000      4.039     55.433
     0.000    -10.000      0.000      0.000      5.128     50.153
     5.000    -10.000      0.000      0.000      5.382     42.586
    10.000    -10.000      0.000      0.000      4.754     34.781
    15.000    -10.000      0.000      0.000      4.066     24.978
    20.000    -10.000      0.000      0.000      3.568     13.034
    25.000    -10.000      0.000      0.000      2.902     -3.244
    30.000    -10.000      0.000      0.000      2.511    -16.971
    35.000    -10.000      0.000      0.000      2.357    -55.821
    40.000    -10.000      0.000      0.000      3.178    -78.446
    45.000    -10.000      0.099    -82.970      4.960    -82.916
    50.000    -10.000      0.161    -51.334      5.272    -77.867
    55.000    -10.000      0.201    -34.622      5.243    -68.509
    60.000    -10.000      0.234    -24.630      5.424    -65.159
    65.000    -10.000      0.259    -18.679      5.640    -64.133
    70.000    -10.000      0.282    -15.857      5.566    -64.631
    75.000    -10.000      0.303    -13.717      5.217    -59.263
    80.000    -10.000      0.321    -13.331      4.922    -54.110
    85.000    -10.000      0.332    -14.928      4.997    -52.303
    90.000    -10.000      0.338    -16.722      4.850    -46.677
    95.000    -10.000      0.343    -14.761      4.428    -38.482
   100.000    -10.000      0.349     -9.640      4.330    -26.678
   105.000    -10.000      0.347     -3.290      4.335    -24.742
   110.000    -10.000      0.340      3.093      4.047    -25.531
   115.000    -10.000      0.327     10.135      3.230    -21.975
   120.000    -10.000      0.309     17.499      2.214     -7.833
   125.000    -10.000      0.261     23.987      1.458      1.293
   130.000    -10.000      0.154     31.785      0.769     -4.713
   135.000    -10.000      0.000      0.000      0.000      0.000
   140.000    -10.000      0.000      0.000      0.000      0.000
   145.000    -10.000      0.000      0.000      0.000      0.000
   -25.000     -5.000      0.000      0.000      0.000      0.000
   -20.000     -5.000      0.000      0.000      0.000      0.000
   -15.000     -5.000      0.000      0.000      0.000      0.000
   -10.000     -5.000      0.000      0.000      2.672     46.826
    -5.000     -5.000      0.000      0.000      4.287     45.232
     0.000     -5.000      0.000      0.000      5.149     37.379
     5.000     -5.000      0.000      0.000      5.335     28.522
    10.000     -5.000      0.000      0.000      4.945     20.244
    15.000     -5.000      0.000      0.000      4.429      9.710
    20.000     -5.000      0.000      0.000      3.750     -9.738
    25.000     -5.000      0.000      0.000      3.646    -36.881
    30.000     -5.000      0.000      0.000      3.866    -59.883
    35.000     -5.000      0.000      0.000      4.926    -82.654
    40.000     -5.000      0.000      0.000      6.393    -88.130
    45.000     -5.000      0.108    -54.802      7.537    -88.150
    50.000     -5.000      0.252    -44.524      7.941    -84.832
    55.000     -5.000      0.330    -38.629      7.793    -77.982
    60.000     -5.000      0.375    -33.619      7.622    -71.651
    65.000     -5.000      0.402    -28.189      7.467    -68.538
    70.000     -5.000      0.428    -25.414      7.003    -65.856
    75.000     -5.000      0.439    -22.984      6.571    -62.711
    80.000     -5.000      0.441    -21.596      6.149    -55.930
    85.000     -5.000      0.436    -18.431      6.122    -49.880
    90.000     -5.000      0.436    -14.338      6.022    -45.437
    95.000     -5.000      0.437     -8.715      5.566    -38.492
   100.000     -5.000      0.442     -3.032      5.264    -28.866
   105.000     -5.000      0.447      2.020      5.318    -27.363
   110.000     -5.000      0.440      7.887      4.901    -25.613
   115.000     -5.000      0.409     13.369      3.698    -16.880
   120.000     -5.000      0.357     19.897      2.566     -3.764
   125.000     -5.000      0.284     25.567      1.777      6.247
   130.000     -5.000      0.175     31.533      0.935      5.188
   135.000     -5.000      0.000      0.000      0.000      0.000
   140.000     -5.000      0.000      0.000      0.000      0.000
   145.000     -5.000      0.000      0.000      0.000      0.000
   -25.000      0.000      0.000      0.000      0.000      0.000
   -20.000      0.000      0.000      0.000      0.000      0.000
   -15.000      0.000      0.000      0.000      0.000      0.000
   -10.000      0.000      0.000      0.000      2.282     46.000
    -5.000      0.000      0.000      0.000      3.697     39.163
     0.000      0.000      0.000      0.000      4.276     30.095
     5.000      0.000      0.000      0.000      4.271     14.162
    10.000      0.000      0.000      0.000      4.064     -5.475
    15.000      0.000      0.000      0.000      4.301    -23.949
    20.000      0.000      0.000      0.000      4.635    -47.428
    25.000      0.000      0.000      0.000      6.029    -68.858
    30.000      0.000      0.000      0.000      7.174    -82.459
    35.000      0.000      0.000      0.000      8.402    -93.195
    40.000      0.000      0.000      0.000      9.864    -96.083
    45.000      0.000      0.110    -13.265     10.445    -94.940
    50.000      0.000      0.246    -40.752     10.559    -91.614
    55.000      0.000      0.341    -39.308     10.200    -85.299
    60.000      0.000      0.399    -35.338      9.287    -78.791
    65.000      0.000      0.440    -29.987      8.286    -74.092
    70.000      0.000      0.464    -26.205      7.275    -68.579
    75.000      0.000      0.478    -23.288      6.815    -65.817
    80.000      0.000      0.487    -19.771      6.625    -59.859
    85.000      0.000      0.493    -14.836      6.438    -50.657
    90.000      0.000      0.493     -9.660      6.159    -44.691
    95.000      0.000      0.483     -3.659      5.827    -37.983
   100.000      0.000      0.463      3.240      5.575    -34.351
   105.000      0.000      0.452     10.572      5.335    -32.605
   110.000      0.000      0.439     16.086      4.825    -29.202
   115.000      0.000      0.402     20.173      3.605    -15.540
   120.000      0.000      0.346     25.405      2.579      0.807
   125.000      0.000      0.255     31.060      1.743     12.295
   130.000      0.000      0.126     36.562      0.860     29.948
   135.000      0.000      0.000      0.000      0.000      0.000
   140.000      0.000      0.000      0.000      0.000      0.000
   145.000      0.000      0.000      0.000      0.000      0.000
   -25.000      5.000      0.000      0.000      0.000      0.000
   -20.000      5.000      0.000      0.000      0.000      0.000
   -15.000      5.000      0.000      0.000      0.000      0.000
   -10.000      5.000      0.000      0.000      1.475     45.720
    -5.000      5.000      0.000      0.000      2.415     43.675
     0.000      5.000      0.000      0.000      2.460     26.140
     5.000      5.000      0.000      0.000      2.744    -18.532
    10.000      5.000      0.000      0.000      4.642    -58.768
    15.000      5.000      0.000      0.000      6.470    -71.334
    20.000      5.000      0.000      0.000      7.969    -79.113
    25.000      5.000      0.000      0.000      9.676    -86.932
    30.000      5.000      0.000      0.000     11.202    -93.414
    35.000      5.000      0.000      0.000     12.314    -98.413
    40.000      5.000      0.000      0.000     13.083   -101.896
    45.000      5.000      0.054    -90.255     13.466   -101.839
    50.000      5.000      0.163    -62.347     12.784    -97.803
    55.000      5.000      0.231    -49.461     12.270    -92.883
    60.000      5.000      0.283    -39.592     10.761    -86.710
    65.000      5.000      0.334    -31.027      8.785    -80.539
    70.000      5.000      0.387    -24.709      7.169    -74.180
    75.000      5.000      0.422    -18.062      6.237    -68.082
    80.000      5.000      0.440    -13.045      6.069    -61.358
    85.000      5.000      0.437     -7.823      5.939    -51.234
    90.000      5.000      0.442     -1.443      5.492    -42.145
    95.000      5.000      0.451      6.260      5.260    -34.829
   100.000      5.000      0.456     12.711      5.275    -36.664
   105.000      5.000      0.445     18.680      4.670    -35.112
   110.000      5.000      0.422     24.683      3.771    -29.704
   115.000      5.000      0.381     30.662      2.935     -8.380
   120.000      5.000      0.317     35.803      2.400      8.773
   125.000      5.000      0.221     38.956      1.764     23.113
   130.000      5.000      0.099     39.491      1.057     47.154
   135.000      5.000      0.000      0.000      0.000      0.000
   140.000      5.000      0.000      0.000      0.000      0.000
   145.000      5.000      0.000      0.000      0.000      0.000
   -25.000     10.000      0.000      0.000      0.000      0.000
   -20.000     10.000      0.000      0.000      0.000      0.000
   -15.000     10.000      0.000      0.000      0.000      0.000
   -10.000     10.000      0.000      0.000      0.400     38.341
    -5.000     10.000      0.000      0.000      0.569     16.240
     0.000     10.000      0.000      0.000      1.366    -66.207
     5.000     10.000      0.000      0.000      3.928    -81.130
    10.000     10.000      0.000      0.000      7.272    -87.470
    15.000     10.000      0.000      0.000      9.837    -91.225
    20.000     10.000      0.000      0.000     11.987    -95.323
    25.000     10.000      0.000      0.000     13.859    -96.774
    30.000     10.000      0.000      0.000     15.411    -99.207
    35.000     10.000      0.000      0.000     16.155   -102.050
    40.000     10.000      0.000      0.000     16.167   -105.068
    45.000     10.000      0.091   -100.456     15.500   -105.482
    50.000     10.000      0.082    -91.496     14.534   -103.194
    55.000     10.000      0.093    -57.874     13.297    -99.451
    60.000     10.000      0.138    -33.445     11.289    -94.010
    65.000     10.000      0.182    -18.173      8.722    -87.477
    70.000     10.000      0.219     -8.337      6.232    -79.979
    75.000     10.000      0.261     -2.879      5.000    -70.616
    80.000     10.000      0.302     -0.365      4.618    -60.493
    85.000     10.000      0.339      4.930      4.703    -50.712
    90.000     10.000      0.368     11.482      4.581    -40.583
    95.000     10.000      0.386     17.508      4.333    -34.168
   100.000     10.000      0.397     23.442      4.195    -38.586
   105.000     10.000      0.405     29.001      3.587    -38.847
   110.000     10.000      0.400     34.379      2.557    -31.571
   115.000     10.000      0.367     39.228      1.852     -3.815
   120.000     10.000      0.307     42.850      1.703     16.387
   125.000     10.000      0.218     45.430      1.547     44.267
   130.000     10.000      0.099     45.814      0.835     46.125
   135.000     10.000      0.000      0.000      0.000      0.000
   140.000     10.000      0.000      0.000      0.000      0.000
   145.000     10.000      0.000      0.000      0.000      0.000
   -25.000     15.000      0.000      0.000      0.000      0.000
   -20.000     15.000      0.000      0.000      0.000      0.000
   -15.000     15.000      0.000      0.000      0.000      0.000
   -10.000     15.000      0.000      0.000      0.475   -108.824
    -5.000     15.000      0.000      0.000      1.856   -107.123
     0.000     15.000      0.000      0.000      4.184   -102.535
     5.000     15.000      0.000      0.000      7.168   -100.198
    10.000     15.000      0.000      0.000     10.632   -101.218
    15.000     15.000      0.000      0.000     13.239   -101.855
    20.000     15.000      0.000      0.000     15.768   -103.198
    25.000     15.000      0.000      0.000     17.682   -102.765
    30.000     15.000      0.000      0.000     18.639   -103.224
    35.000     15.000      0.000      0.000     18.570   -105.433
    40.000     15.000      0.005    -45.474     17.896   -108.510
    45.000     15.000      0.064      1.855     16.475   -109.259
    50.000     15.000      0.029     26.665     15.237   -109.146
    55.000     15.000      0.053     69.483     13.363   -106.754
    60.000     15.000      0.090     64.684     11.277   -101.674
    65.000     15.000      0.122     51.751      8.181    -95.981
    70.000     15.000      0.153     43.234      5.452    -88.922
    75.000     15.000      0.177     37.360      3.588    -77.938
    80.000     15.000      0.205     34.439      2.873    -59.759
    85.000     15.000      0.230     33.701      3.018    -49.871
    90.000     15.000      0.256     35.402      3.290    -38.403
    95.000     15.000      0.285     37.717      3.324    -36.252
   100.000     15.000      0.322     41.514      2.853    -41.213
   105.000     15.000      0.347     43.414      1.997    -46.316
   110.000     15.000      0.354     45.152      1.098    -31.932
   115.000     15.000      0.335     47.630      0.749     11.538
   120.000     15.000      0.289     50.419      0.968     47.302
   125.000     15.000      0.225     52.744      1.214     64.519
   130.000     15.000      0.133     54.560      0.735     65.974
   135.000     15.000      0.000      0.000      0.000      0.000
   140.000     15.000      0.000      0.000      0.000      0.000
   145.000     15.000      0.000      0.000      0.000      0.000
   -25.000     20.000      0.000      0.000      0.000      0.000
   -20.000     20.000      0.000      0.000      0.000      0.000
   -15.000     20.000      0.000      0.000      0.000      0.000
   -10.000     20.000      0.000      0.000      1.396   -117.139
    -5.000     20.000      0.000      0.000      3.372   -111.199
     0.000     20.000      0.000      0.000      5.951   -108.410
     5.000     20.000      0.000      0.000      9.236   -107.763
    10.000     20.000      0.000      0.000     12.814   -108.281
    15.000     20.000      0.000      0.000     15.485   -109.023
    20.000     20.000      0.000      0.000     17.996   -108.873
    25.000     20.000      0.000      0.000     19.618   -107.992
    30.000     20.000      0.000      0.000     20.023   -107.281
    35.000     20.000      0.000      0.000     19.056   -109.641
    40.000     20.000      0.011     55.529     18.070   -112.308
    45.000     20.000      0.088     74.755     16.444   -113.666
    50.000     20.000      0.134     82.417     15.045   -114.544
    55.000     20.000      0.171     84.037     13.047   -113.814
    60.000     20.000      0.193     83.989     10.578   -110.375
    65.000     20.000      0.197     82.737      7.424   -105.025
    70.000     20.000      0.200     79.163      4.605    -98.002
    75.000     20.000      0.197     75.578      2.406    -86.939
    80.000     20.000      0.186     71.048      1.283    -61.714
    85.000     20.000      0.194     67.071      1.437    -43.855
    90.000     20.000      0.214     63.973      1.816    -28.198
    95.000     20.000      0.231     64.460      1.997    -33.482
   100.000     20.000      0.247     66.421      1.566    -46.263
   105.000     20.000      0.276     67.814      0.716    -70.178
   110.000     20.000      0.306     67.738      0.237   -150.756
   115.000     20.000      0.325     67.187      0.490    132.097
   120.000     20.000      0.305     66.622      0.882    103.559
   125.000     20.000      0.242     65.487      0.880     98.307
   130.000     20.000      0.140     59.939      0.664     91.305
   135.000     20.000      0.000      0.000      0.000      0.000
   140.000     20.000      0.000      0.000      0.000      0.000
   145.000     20.000      0.000      0.000      0.000      0.000
   -25.000     25.000      0.000      0.000      0.000      0.000
   -20.000     25.000      0.000      0.000      0.000      0.000
   -15.000     25.000      0.000      0.000      0.000      0.000
   -10.000     25.000      0.000      0.000      1.812   -110.616
    -5.000     25.000      0.000      0.000      4.131   -107.989
     0.000     25.000      0.000      0.000      7.000   -109.353
     5.000     25.000      0.000      0.000     10.279   -111.543
    10.000     25.000      0.000      0.000     13.549   -113.006
    15.000     25.000      0.000      0.000     16.374   -113.068
    20.000     25.000      0.000      0.000     18.438   -113.272
    25.000     25.000      0.000      0.000     19.480   -112.092
    30.000     25.000      0.000      0.000     19.412   -111.424
    35.000     25.000      0.013     91.148     18.032   -113.521
    40.000     25.000      0.041     86.255     17.242   -116.051
    45.000     25.000      0.180     88.039     15.563   -118.319
    50.000     25.000      0.255     87.634     14.022   -119.974
    55.000     25.000      0.285     87.557     11.790   -120.491
    60.000     25.000      0.300     87.592      9.495   -118.673
    65.000     25.000      0.291     87.902      6.675   -115.549
    70.000     25.000      0.266     88.779      3.667   -110.446
    75.000     25.000      0.232     89.466      1.299   -104.959
    80.000     25.000      0.208     90.499      0.241    -85.661
    85.000     25.000      0.193     92.217      0.217      6.414
    90.000     25.000      0.189     94.759      0.732    -21.724
    95.000     25.000      0.192     95.086      0.756    -34.613
   100.000     25.000      0.213     93.201      0.661    -80.899
   105.000     25.000      0.241     90.605      0.506   -159.488
   110.000     25.000      0.273     88.374      0.943    173.573
   115.000     25.000      0.290     84.709      1.146    158.290
   120.000     25.000      0.278     80.235      0.905    151.461
   125.000     25.000      0.232     75.962      0.766    127.290
   130.000     25.000      0.140     70.910      0.587    115.402
   135.000     25.000      0.000      0.000      0.000      0.000
   140.000     25.000      0.000      0.000      0.000      0.000
   145.000     25.000      0.000      0.000      0.000      0.000
   -25.000     30.000      0.000      0.000      0.000      0.000
   -20.000     30.000      0.000      0.000      0.000      0.000
   -15.000     30.000      0.000      0.000      0.000      0.000
   -10.000     30.000      0.000      0.000      1.671   -108.386
    -5.000     30.000      0.000      0.000      4.024   -111.410
     0.000     30.000      0.000      0.000      7.063   -113.604
     5.000     30.000      0.000      0.000     10.334   -114.917
    10.000     30.000      0.000      0.000     13.310   -115.647
    15.000     30.000      0.000      0.000     15.585   -115.878
    20.000     30.000      0.000      0.000     16.968   -115.839
    25.000     30.000      0.000      0.000     17.371   -114.743
    30.000     30.000      0.000      0.000     17.067   -114.131
    35.000     30.000      0.098     90.961     15.606   -116.670
    40.000     30.000      0.152     87.247     15.080   -119.479
    45.000     30.000      0.263     86.537     13.875   -122.102
    50.000     30.000      0.322     87.011     12.085   -124.185
    55.000     30.000      0.352     86.808     10.122   -125.980
    60.000     30.000      0.355     86.899      8.206   -126.035
    65.000     30.000      0.329     88.679      5.683   -125.311
    70.000     30.000      0.290     91.944      2.972   -125.331
    75.000     30.000      0.251     96.609      0.773   -142.140
    80.000     30.000      0.214    102.742      0.616    118.224
    85.000     30.000      0.185    110.129      0.612    110.771
    90.000     30.000      0.175    117.337      0.327    112.239
    95.000     30.000      0.178    120.432      0.220    127.551
   100.000     30.000      0.191    116.892      0.567    179.117
   105.000     30.000      0.204    110.606      0.885   -178.562
   110.000     30.000      0.212    106.456      1.273   -179.839
   115.000     30.000      0.210    101.949      1.410    172.018
   120.000     30.000      0.198     95.643      1.153    173.040
   125.000     30.000      0.171     87.975      0.844    150.490
   130.000     30.000      0.114     80.114      0.407    139.117
   135.000     30.000      0.000      0.000      0.000      0.000
   140.000     30.000      0.000      0.000      0.000      0.000
   145.000     30.000      0.000      0.000      0.000      0.000
   -25.000     35.000      0.000      0.000      0.000      0.000
   -20.000     35.000      0.000      0.000      0.000      0.000
   -15.000     35.000      0.000      0.000      0.000      0.000
   -10.000     35.000      0.000      0.000      1.274   -120.587
    -5.000     35.000      0.000      0.000      3.326   -116.698
     0.000     35.000      0.000      0.000      6.010   -115.755
     5.000     35.000      0.000      0.000      8.874   -116.176
    10.000     35.000      0.000      0.000     11.406   -116.688
    15.000     35.000      0.000      0.000     13.031   -116.722
    20.000     35.000      0.000      0.000     13.690   -116.884
    25.000     35.000      0.004     28.824     13.535   -116.325
    30.000     35.000      0.052     40.788     12.967   -116.191
    35.000     35.000      0.127     63.566     12.326   -118.372
    40.000     35.000      0.184     73.539     11.933   -121.737
    45.000     35.000      0.273     81.252     11.061   -125.436
    50.000     35.000      0.320     85.074      9.681   -127.212
    55.000     35.000      0.325     88.190      8.277   -130.015
    60.000     35.000      0.313     90.952      6.663   -131.568
    65.000     35.000      0.285     94.256      4.635   -133.594
    70.000     35.000      0.245     99.735      2.399   -140.380
    75.000     35.000      0.199    109.125      0.831    174.548
    80.000     35.000      0.175    118.914      0.780    115.762
    85.000     35.000      0.164    124.133      1.124    110.295
    90.000     35.000      0.158    127.976      0.922    126.697
    95.000     35.000      0.156    132.050      0.922    132.624
   100.000     35.000      0.159    132.216      0.903    158.804
   105.000     35.000      0.166    126.606      1.113    177.982
   110.000     35.000      0.168    120.957      1.344    178.169
   115.000     35.000      0.166    115.957      1.394    174.736
   120.000     35.000      0.143    114.008      1.218    178.191
   125.000     35.000      0.108    114.046      0.746    173.826
   130.000     35.000      0.052    117.385      0.351    167.261
   135.000     35.000      0.000      0.000      0.000      0.000
   140.000     35.000      0.000      0.000      0.000      0.000
   145.000     35.000      0.000      0.000      0.000      0.000
   -25.000     40.000      0.000      0.000      0.000      0.000
   -20.000     40.000      0.000      0.000      0.000      0.000
   -15.000     40.000      0.000      0.000      0.000      0.000
   -10.000     40.000      0.000      0.000      1.121   -116.825
    -5.000     40.000      0.000      0.000      2.521   -118.356
     0.000     40.000      0.000      0.000      4.331   -118.996
     5.000     40.000      0.000      0.000      6.279   -119.130
    10.000     40.000      0.000      0.000      7.949   -118.976
    15.000     40.000      0.011    -20.098      8.918   -117.609
    20.000     40.000      0.011    -26.518      9.506   -117.660
    25.000     40.000      0.088    -38.174      9.362   -117.826
    30.000     40.000      0.100      0.067      8.946   -118.027
    35.000     40.000      0.132     37.617      8.545   -119.965
    40.000     40.000      0.169     60.968      8.093   -123.606
    45.000     40.000      0.209     76.390      7.506   -128.631
    50.000     40.000      0.229     85.200      6.865   -130.153
    55.000     40.000      0.227     92.542      5.937   -132.796
    60.000     40.000      0.210    100.332      4.895   -135.064
    65.000     40.000      0.186    106.880      3.489   -139.921
    70.000     40.000      0.159    111.873      1.924   -151.719
    75.000     40.000      0.136    119.494      0.813    165.179
    80.000     40.000      0.122    129.924      0.894    113.949
    85.000     40.000      0.117    136.740      1.161    110.165
    90.000     40.000      0.116    139.042      0.985    126.897
    95.000     40.000      0.117    138.857      0.980    141.443
   100.000     40.000      0.122    137.254      1.007    157.389
   105.000     40.000      0.126    136.480      1.032    177.443
   110.000     40.000      0.128    133.572      1.129   -176.629
   115.000     40.000      0.131    128.347      1.126    178.758
   120.000     40.000      0.127    127.680      0.970   -171.589
   125.000     40.000      0.106    133.081      0.710   -174.179
   130.000     40.000      0.066    140.854      0.329    175.124
   135.000     40.000      0.000      0.000      0.000      0.000
   140.000     40.000      0.000      0.000      0.000      0.000
   145.000     40.000      0.000      0.000      0.000      0.000
   -25.000     45.000      0.000      0.000      0.000      0.000
   -20.000     45.000      0.000      0.000      0.000      0.000
   -15.000     45.000      0.000      0.000      0.000      0.000
   -10.000     45.000      0.035     62.646      0.527   -114.013
    -5.000     45.000      0.052     63.216      1.220   -121.781
     0.000     45.000      0.045     71.475      2.189   -123.394
     5.000     45.000      0.048     66.460      3.187   -121.773
    10.000     45.000      0.042     52.625      4.024   -119.641
    15.000     45.000      0.033     26.148      4.553   -118.262
    20.000     45.000      0.051     37.011      4.689   -118.783
    25.000     45.000      0.064      2.395      4.596   -119.379
    30.000     45.000      0.084     16.914      4.455   -119.332
    35.000     45.000      0.095     36.190      4.249   -122.331
    40.000     45.000      0.102     56.496      3.868   -126.432
    45.000     45.000      0.111     72.696      3.913   -131.011
    50.000     45.000      0.115     85.962      3.617   -132.153
    55.000     45.000      0.108     97.204      3.225   -132.993
    60.000     45.000      0.100    105.495      2.513   -138.652
    65.000     45.000      0.081    112.904      1.896   -142.298
    70.000     45.000      0.061    122.401      1.030   -155.315
    75.000     45.000      0.048    137.854      0.554    166.605
    80.000     45.000      0.048    154.131      0.570    119.557
    85.000     45.000      0.053    161.289      0.695    108.667
    90.000     45.000      0.056    160.285      0.540    131.449
    95.000     45.000      0.057    153.595      0.653    145.098
   100.000     45.000      0.068    145.721      0.662    157.112
   105.000     45.000      0.086    138.536      0.721   -172.595
   110.000     45.000      0.101    133.438      0.719   -173.676
   115.000     45.000      0.104    133.598      0.718   -170.470
   120.000     45.000      0.093    134.930      0.526   -174.540
   125.000     45.000      0.069    139.941      0.396   -175.226
   130.000     45.000      0.037    159.619      0.174   -178.134
   135.000     45.000      0.000      0.000      0.000      0.000
   140.000     45.000      0.000      0.000      0.000      0.000
   145.000     45.000      0.000      0.000      0.000      0.000
   -25.000     50.000      0.000      0.000      0.000      0.000
   -20.000     50.000      0.000      0.000      0.000      0.000
   -15.000     50.000      0.000      0.000      0.000      0.000
   -10.000     50.000      0.000      0.000      0.000      0.000
    -5.000     50.000      0.000      0.000      0.000      0.000
     0.000     50.000      0.000      0.000      0.000      0.000
     5.000     50.000      0.000      0.000      0.000      0.000
    10.000     50.000      0.000      0.000      0.000      0.000
    15.000     50.000      0.000      0.000      0.000      0.000
    20.000     50.000      0.000      0.000      0.000      0.000
    25.000     50.000      0.000      0.000      0.000      0.000
    30.000     50.000      0.000      0.000      0.000      0.000
    35.000     50.000      0.000      0.000      0.000      0.000
    40.000     50.000      0.000      0.000      0.000      0.000
    45.000     50.000      0.000      0.000      0.000      0.000
    50.000     50.000      0.000      0.000      0.000      0.000
    55.000     50.000      0.000      0.000      0.000      0.000
    60.000     50.000      0.000      0.000      0.000      0.000
    65.000     50.000      0.000      0.000      0.000      0.000
    70.000     50.000      0.000      0.000      0.000      0.000
    75.000     50.000      0.000      0.000      0.000      0.000
    80.000     50.000      0.000      0.000      0.000      0.000
    85.000     50.000      0.000      0.000      0.000      0.000
    90.000     50.000      0.000      0.000      0.000      0.000
    95.000     50.000      0.000      0.000      0.000      0.000
   100.000     50.000      0.000      0.000      0.000      0.000
   105.000     50.000      0.000      0.000      0.000      0.000
   110.000     50.000      0.000      0.000      0.000      0.000
   115.000     50.000      0.000      0.000      0.000      0.000
   120.000     50.000      0.000      0.000      0.000      0.000
   125.000     50.000      0.000      0.000      0.000      0.000
   130.000     50.000      0.000      0.000      0.000      0.000
   135.000     50.000      0.000      0.000      0.000      0.000
   140.000     50.000      0.000      0.000      0.000      0.000
   145.000     50.000      0.000      0.000      0.000      0.000
   -25.000     55.000      0.000      0.000      0.000      0.000
   -20.000     55.000      0.000      0.000      0.000      0.000
   -15.000     55.000      0.000      0.000      0.000      0.000
   -10.000     55.000      0.000      0.000      0.000      0.000
    -5.000     55.000      0.000      0.000      0.000      0.000
     0.000     55.000      0.000      0.000      0.000      0.000
     5.000     55.000      0.000      0.000      0.000      0.000
    10.000     55.000      0.000      0.000      0.000      0.000
    15.000     55.000      0.000      0.000      0.000      0.000
    20.000     55.000      0.000      0.000      0.000      0.000
    25.000     55.000      0.000      0.000      0.000      0.000
    30.000     55.000      0.000      0.000      0.000      0.000
    35.000     55.000      0.000      0.000      0.000      0.000
    40.000     55.000      0.000      0.000      0.000      0.000
    45.000     55.000      0.000      0.000      0.000      0.000
    50.000     55.000      0.000      0.000      0.000      0.000
    55.000     55.000      0.000      0.000      0.000      0.000
    60.000     55.000      0.000      0.000      0.000      0.000
    65.000     55.000      0.000      0.000      0.000      0.000
    70.000     55.000      0.000      0.000      0.000      0.000
    75.000     55.000      0.000      0.000      0.000      0.000
    80.000     55.000      0.000      0.000      0.000      0.000
    85.000     55.000      0.000      0.000      0.000      0.000
    90.000     55.000      0.000      0.000      0.000      0.000
    95.000     55.000      0.000      0.000      0.000      0.000
   100.000     55.000      0.000      0.000      0.000      0.000
   105.000     55.000      0.000      0.000      0.000      0.000
   110.000     55.000      0.000      0.000      0.000      0.000
   115.000     55.000      0.000      0.000      0.000      0.000
   120.000     55.000      0.000      0.000      0.000      0.000
   125.000     55.000      0.000      0.000      0.000      0.000
   130.000     55.000      0.000      0.000      0.000      0.000
   135.000     55.000      0.000      0.000      0.000      0.000
   140.000     55.000      0.000      0.000      0.000      0.000
   145.000     55.000      0.000      0.000      0.000      0.000
   -25.000     60.000      0.000      0.000      0.000      0.000
   -20.000     60.000      0.000      0.000      0.000      0.000
   -15.000     60.000      0.000      0.000      0.000      0.000
   -10.000     60.000      0.000      0.000      0.000      0.000
    -5.000     60.000      0.000      0.000      0.000      0.000
     0.000     60.000      0.000      0.000      0.000      0.000
     5.000     60.000      0.000      0.000      0.000      0.000
    10.000     60.000      0.000      0.000      0.000      0.000
    15.000     60.000      0.000      0.000      0.000      0.000
    20.000     60.000      0.000      0.000      0.000      0.000
    25.000     60.000      0.000      0.000      0.000      0.000
    30.000     60.000      0.000      0.000      0.000      0.000
    35.000     60.000      0.000      0.000      0.000      0.000
    40.000     60.000      0.000      0.000      0.000      0.000
    45.000     60.000      0.000      0.000      0.000      0.000
    50.000     60.000      0.000      0.000      0.000      0.000
    55.000     60.000      0.000      0.000      0.000      0.000
    60.000     60.000      0.000      0.000      0.000      0.000
    65.000     60.000      0.000      0.000      0.000      0.000
    70.000     60.000      0.000      0.000      0.000      0.000
    75.000     60.000      0.000      0.000      0.000      0.000
    80.000     60.000      0.000      0.000      0.000      0.000
    85.000     60.000      0.000      0.000      0.000      0.000
    90.000     60.000      0.000      0.000      0.000      0.000
    95.000     60.000      0.000      0.000      0.000      0.000
   100.000     60.000      0.000      0.000      0.000      0.000
   105.000     60.000      0.000      0.000      0.000      0.000
   110.000     60.000      0.000      0.000      0.000      0.000
   115.000     60.000      0.000      0.000      0.000      0.000
   120.000     60.000      0.000      0.000      0.000      0.000
   125.000     60.000      0.000      0.000      0.000      0.000
   130.000     60.000      0.000      0.000      0.000      0.000
   135.000     60.000      0.000      0.000      0.000      0.000
   140.000     60.000      0.000      0.000      0.000      0.000
   145.000     60.000      0.000      0.000      0.000      0.000
