   -25.000    -30.000      0.000      0.000      0.000      0.000
   -20.000    -30.000      0.000      0.000      0.000      0.000
   -15.000    -30.000      0.000      0.000      0.000      0.000
   -10.000    -30.000      0.000      0.000      0.000      0.000
    -5.000    -30.000      0.000      0.000      0.000      0.000
     0.000    -30.000      0.000      0.000      0.000      0.000
     5.000    -30.000      0.000      0.000      0.000      0.000
    10.000    -30.000      0.000      0.000      0.000      0.000
    15.000    -30.000      0.000      0.000      0.000      0.000
    20.000    -30.000      0.000      0.000      0.000      0.000
    25.000    -30.000      0.000      0.000      0.000      0.000
    30.000    -30.000      0.000      0.000      0.000      0.000
    35.000    -30.000      0.000      0.000      0.000      0.000
    40.000    -30.000      0.000      0.000      0.000      0.000
    45.000    -30.000      0.000      0.000      0.000      0.000
    50.000    -30.000      0.000      0.000      0.000      0.000
    55.000    -30.000      0.000      0.000      0.000      0.000
    60.000    -30.000      0.000      0.000      0.000      0.000
    65.000    -30.000      0.000      0.000      0.000      0.000
    70.000    -30.000      0.000      0.000      0.000      0.000
    75.000    -30.000      0.000      0.000      0.000      0.000
    80.000    -30.000      0.000      0.000      0.000      0.000
    85.000    -30.000      0.000      0.000      0.000      0.000
    90.000    -30.000      0.000      0.000      0.000      0.000
    95.000    -30.000      0.000      0.000      0.000      0.000
   100.000    -30.000      0.000      0.000      0.000      0.000
   105.000    -30.000      0.000      0.000      0.000      0.000
   110.000    -30.000      0.000      0.000      0.000      0.000
   115.000    -30.000      0.000      0.000      0.000      0.000
   120.000    -30.000      0.000      0.000      0.000      0.000
   125.000    -30.000      0.000      0.000      0.000      0.000
   130.000    -30.000      0.000      0.000      0.000      0.000
   135.000    -30.000      0.000      0.000      0.000      0.000
   140.000    -30.000      0.000      0.000      0.000      0.000
   145.000    -30.000      0.000      0.000      0.000      0.000
   -25.000    -25.000      0.000      0.000      0.000      0.000
   -20.000    -25.000      0.000      0.000      0.000      0.000
   -15.000    -25.000      0.000      0.000      0.000      0.000
   -10.000    -25.000      0.000      0.000      0.000      0.000
    -5.000    -25.000      0.000      0.000      0.000      0.000
     0.000    -25.000      0.000      0.000      0.000      0.000
     5.000    -25.000      0.000      0.000      0.000      0.000
    10.000    -25.000      0.000      0.000      0.000      0.000
    15.000    -25.000      0.000      0.000      0.000      0.000
    20.000    -25.000      0.000      0.000      0.000      0.000
    25.000    -25.000      0.000      0.000      0.000      0.000
    30.000    -25.000      0.000      0.000      0.000      0.000
    35.000    -25.000      0.000      0.000      0.000      0.000
    40.000    -25.000      0.000      0.000      0.000      0.000
    45.000    -25.000      0.000      0.000      0.000      0.000
    50.000    -25.000      0.000      0.000      0.000      0.000
    55.000    -25.000      0.000      0.000      0.000      0.000
    60.000    -25.000      0.000      0.000      0.000      0.000
    65.000    -25.000      0.000      0.000      0.000      0.000
    70.000    -25.000      0.000      0.000      0.000      0.000
    75.000    -25.000      0.000      0.000      0.000      0.000
    80.000    -25.000      0.000      0.000      0.000      0.000
    85.000    -25.000      0.000      0.000      0.000      0.000
    90.000    -25.000      0.000      0.000      0.000      0.000
    95.000    -25.000      0.000      0.000      0.000      0.000
   100.000    -25.000      0.000      0.000      0.000      0.000
   105.000    -25.000      0.000      0.000      0.000      0.000
   110.000    -25.000      0.000      0.000      0.000      0.000
   115.000    -25.000      0.000      0.000      0.000      0.000
   120.000    -25.000      0.000      0.000      0.000      0.000
   125.000    -25.000      0.000      0.000      0.000      0.000
   130.000    -25.000      0.000      0.000      0.000      0.000
   135.000    -25.000      0.000      0.000      0.000      0.000
   140.000    -25.000      0.000      0.000      0.000      0.000
   145.000    -25.000      0.000      0.000      0.000      0.000
   -25.000    -20.000      0.000      0.000      0.000      0.000
   -20.000    -20.000      0.000      0.000      0.000      0.000
   -15.000    -20.000      0.000      0.000      0.000      0.000
   -10.000    -20.000      0.000      0.000      0.000      0.000
    -5.000    -20.000      0.000      0.000      0.000      0.000
     0.000    -20.000      0.000      0.000      0.000      0.000
     5.000    -20.000      0.000      0.000      0.000      0.000
    10.000    -20.000      0.000      0.000      0.000      0.000
    15.000    -20.000      0.000      0.000      0.000      0.000
    20.000    -20.000      0.000      0.000      0.000      0.000
    25.000    -20.000      0.000      0.000      0.000      0.000
    30.000    -20.000      0.000      0.000      0.000      0.000
    35.000    -20.000      0.000      0.000      0.000      0.000
    40.000    -20.000      0.000      0.000      0.000      0.000
    45.000    -20.000      0.000      0.000      0.000      0.000
    50.000    -20.000      0.000      0.000      0.000      0.000
    55.000    -20.000      0.000      0.000      0.000      0.000
    60.000    -20.000      0.000      0.000      0.000      0.000
    65.000    -20.000      0.000      0.000      0.000      0.000
    70.000    -20.000      0.000      0.000      0.000      0.000
    75.000    -20.000      0.000      0.000      0.000      0.000
    80.000    -20.000      0.000      0.000      0.000      0.000
    85.000    -20.000      0.000      0.000      0.000      0.000
    90.000    -20.000      0.000      0.000      0.000      0.000
    95.000    -20.000      0.000      0.000      0.000      0.000
   100.000    -20.000      0.000      0.000      0.000      0.000
   105.000    -20.000      0.000      0.000      0.000      0.000
   110.000    -20.000      0.000      0.000      0.000      0.000
   115.000    -20.000      0.000      0.000      0.000      0.000
   120.000    -20.000      0.000      0.000      0.000      0.000
   125.000    -20.000      0.000      0.000      0.000      0.000
   130.000    -20.000      0.000      0.000      0.000      0.000
   135.000    -20.000      0.000      0.000      0.000      0.000
   140.000    -20.000      0.000      0.000      0.000      0.000
   145.000    -20.000      0.000      0.000      0.000      0.000
   -25.000    -15.000      0.000      0.000      0.000      0.000
   -20.000    -15.000      0.000      0.000      0.000      0.000
   -15.000    -15.000      0.000      0.000      0.000      0.000
   -10.000    -15.000      0.128     29.960      0.400     17.328
    -5.000    -15.000      0.206     31.300      0.668     42.127
     0.000    -15.000      0.244     32.694      0.705     38.479
     5.000    -15.000      0.245     33.533      0.520      8.935
    10.000    -15.000      0.198     34.847      0.528    -38.315
    15.000    -15.000      0.139     38.909      0.673    -34.161
    20.000    -15.000      0.078     49.434      0.780    -15.475
    25.000    -15.000      0.030     89.011      0.801      4.129
    30.000    -15.000      0.044    176.100      1.018     53.510
    35.000    -15.000      0.070   -171.300      0.622     87.730
    40.000    -15.000      0.082   -163.598      0.374    150.094
    45.000    -15.000      0.061    169.811      0.548   -148.406
    50.000    -15.000      0.074    106.537      0.325   -136.568
    55.000    -15.000      0.128     78.529      0.163     77.398
    60.000    -15.000      0.104     77.034      0.104     77.034
    65.000    -15.000      0.004     95.548      0.004     95.548
    70.000    -15.000      0.000      0.000      0.000      0.000
    75.000    -15.000      0.000      0.000      0.000      0.000
    80.000    -15.000      0.000      0.000      0.000      0.000
    85.000    -15.000      0.000      0.000      0.000      0.000
    90.000    -15.000      0.000      0.000      0.000      0.000
    95.000    -15.000      0.000      0.000      0.000      0.000
   100.000    -15.000      0.000      0.000      0.000      0.000
   105.000    -15.000      0.000      0.000      0.000      0.000
   110.000    -15.000      0.000      0.000      0.000      0.000
   115.000    -15.000      0.000      0.000      0.000      0.000
   120.000    -15.000      0.000      0.000      0.000      0.000
   125.000    -15.000      0.000      0.000      0.000      0.000
   130.000    -15.000      0.000      0.000      0.000      0.000
   135.000    -15.000      0.000      0.000      0.000      0.000
   140.000    -15.000      0.000      0.000      0.000      0.000
   145.000    -15.000      0.000      0.000      0.000      0.000
   -25.000    -10.000      0.000      0.000      0.000      0.000
   -20.000    -10.000      0.000      0.000      0.000      0.000
   -15.000    -10.000      0.000      0.000      0.000      0.000
   -10.000    -10.000      0.224     37.120      0.635     58.346
    -5.000    -10.000      0.343     38.816      1.071     57.961
     0.000    -10.000      0.383     40.064      1.100     44.586
     5.000    -10.000      0.373     40.351      0.934      9.882
    10.000    -10.000      0.326     40.847      1.052    -32.605
    15.000    -10.000      0.246     40.650      1.175    -44.035
    20.000    -10.000      0.156     41.802      1.424    -42.932
    25.000    -10.000      0.060     42.237      1.102    -23.544
    30.000    -10.000      0.023   -170.532      0.952     26.222
    35.000    -10.000      0.088   -158.442      0.396     82.795
    40.000    -10.000      0.125   -159.226      0.564    141.017
    45.000    -10.000      0.120   -178.137      0.734   -146.687
    50.000    -10.000      0.099    145.125      0.523   -162.369
    55.000    -10.000      0.132    100.428      0.238    107.049
    60.000    -10.000      0.102     93.080      0.136     96.778
    65.000    -10.000      0.003     25.630      0.003     25.630
    70.000    -10.000      0.000      0.000      0.000      0.000
    75.000    -10.000      0.000      0.000      0.000      0.000
    80.000    -10.000      0.000      0.000      0.000      0.000
    85.000    -10.000      0.000      0.000      0.000      0.000
    90.000    -10.000      0.000      0.000      0.000      0.000
    95.000    -10.000      0.000      0.000      0.000      0.000
   100.000    -10.000      0.000      0.000      0.000      0.000
   105.000    -10.000      0.000      0.000      0.000      0.000
   110.000    -10.000      0.000      0.000      0.000      0.000
   115.000    -10.000      0.000      0.000      0.000      0.000
   120.000    -10.000      0.000      0.000      0.000      0.000
   125.000    -10.000      0.000      0.000      0.000      0.000
   130.000    -10.000      0.000      0.000      0.000      0.000
   135.000    -10.000      0.000      0.000      0.000      0.000
   140.000    -10.000      0.000      0.000      0.000      0.000
   145.000    -10.000      0.000      0.000      0.000      0.000
   -25.000     -5.000      0.000      0.000      0.000      0.000
   -20.000     -5.000      0.000      0.000      0.000      0.000
   -15.000     -5.000      0.000      0.000      0.000      0.000
   -10.000     -5.000      0.251     51.440      0.736     61.840
    -5.000     -5.000      0.372     44.945      0.650     51.845
     0.000     -5.000      0.430     39.863      0.639     -8.721
     5.000     -5.000      0.429     34.009      1.184    -47.172
    10.000     -5.000      0.377     26.473      1.608    -60.338
    15.000     -5.000      0.280     15.967      1.663    -57.768
    20.000     -5.000      0.168      0.829      1.806    -62.987
    25.000     -5.000      0.082    -47.228      1.723    -66.067
    30.000     -5.000      0.109   -117.713      1.050    -70.049
    35.000     -5.000      0.188   -141.775      1.095   -112.742
    40.000     -5.000      0.253   -149.599      1.121   -125.058
    45.000     -5.000      0.271   -155.715      1.159   -135.185
    50.000     -5.000      0.217   -164.582      0.947   -147.965
    55.000     -5.000      0.123    175.567      0.403   -168.261
    60.000     -5.000      0.066    122.190      0.100    122.030
    65.000     -5.000      0.001    -68.595      0.001    -68.595
    70.000     -5.000      0.000      0.000      0.000      0.000
    75.000     -5.000      0.000      0.000      0.000      0.000
    80.000     -5.000      0.000      0.000      0.000      0.000
    85.000     -5.000      0.000      0.000      0.000      0.000
    90.000     -5.000      0.000      0.000      0.000      0.000
    95.000     -5.000      0.000      0.000      0.000      0.000
   100.000     -5.000      0.000      0.000      0.000      0.000
   105.000     -5.000      0.000      0.000      0.000      0.000
   110.000     -5.000      0.000      0.000      0.000      0.000
   115.000     -5.000      0.000      0.000      0.000      0.000
   120.000     -5.000      0.000      0.000      0.000      0.000
   125.000     -5.000      0.000      0.000      0.000      0.000
   130.000     -5.000      0.000      0.000      0.000      0.000
   135.000     -5.000      0.000      0.000      0.000      0.000
   140.000     -5.000      0.000      0.000      0.000      0.000
   145.000     -5.000      0.000      0.000      0.000      0.000
   -25.000      0.000      0.000      0.000      0.000      0.000
   -20.000      0.000      0.000      0.000      0.000      0.000
   -15.000      0.000      0.000      0.000      0.000      0.000
   -10.000      0.000      0.183     38.333      0.411    101.191
    -5.000      0.000      0.317     32.488      0.254    113.153
     0.000      0.000      0.378     27.876      0.448    -97.497
     5.000      0.000      0.377     22.377      1.465    -86.298
    10.000      0.000      0.332     12.929      2.390    -86.631
    15.000      0.000      0.260     -2.504      2.661    -80.268
    20.000      0.000      0.198    -34.172      2.636    -81.654
    25.000      0.000      0.198    -76.579      2.999    -85.321
    30.000      0.000      0.264   -109.730      2.718    -93.796
    35.000      0.000      0.366   -127.588      2.482   -110.468
    40.000      0.000      0.431   -137.491      2.329   -115.516
    45.000      0.000      0.441   -142.525      1.838   -127.418
    50.000      0.000      0.377   -142.651      1.284   -136.779
    55.000      0.000      0.238   -135.954      0.628   -128.074
    60.000      0.000      0.048   -112.977      0.062   -109.785
    65.000      0.000      0.001    154.486      0.001    154.486
    70.000      0.000      0.000      0.000      0.000      0.000
    75.000      0.000      0.000      0.000      0.000      0.000
    80.000      0.000      0.000      0.000      0.000      0.000
    85.000      0.000      0.000      0.000      0.000      0.000
    90.000      0.000      0.000      0.000      0.000      0.000
    95.000      0.000      0.000      0.000      0.000      0.000
   100.000      0.000      0.000      0.000      0.000      0.000
   105.000      0.000      0.000      0.000      0.000      0.000
   110.000      0.000      0.000      0.000      0.000      0.000
   115.000      0.000      0.000      0.000      0.000      0.000
   120.000      0.000      0.000      0.000      0.000      0.000
   125.000      0.000      0.000      0.000      0.000      0.000
   130.000      0.000      0.000      0.000      0.000      0.000
   135.000      0.000      0.000      0.000      0.000      0.000
   140.000      0.000      0.000      0.000      0.000      0.000
   145.000      0.000      0.000      0.000      0.000      0.000
   -25.000      5.000      0.000      0.000      0.000      0.000
   -20.000      5.000      0.000      0.000      0.000      0.000
   -15.000      5.000      0.000      0.000      0.000      0.000
   -10.000      5.000      0.093     19.589      0.701    151.464
    -5.000      5.000      0.205     13.245      1.174    153.010
     0.000      5.000      0.283      8.093      1.147   -171.123
     5.000      5.000      0.306     -0.989      1.947   -114.831
    10.000      5.000      0.290    -16.211      3.957    -99.367
    15.000      5.000      0.258    -39.543      4.826    -95.777
    20.000      5.000      0.282    -70.425      4.688    -94.615
    25.000      5.000      0.362    -92.909      4.514    -97.524
    30.000      5.000      0.458   -107.791      4.271   -100.459
    35.000      5.000      0.555   -117.389      3.681   -107.278
    40.000      5.000      0.609   -123.597      3.076   -119.252
    45.000      5.000      0.619   -126.922      2.472   -127.906
    50.000      5.000      0.569   -125.754      1.316   -132.638
    55.000      5.000      0.466   -117.830      0.978   -118.555
    60.000      5.000      0.286   -101.729      0.389   -100.398
    65.000      5.000      0.004    -88.702      0.004    -88.702
    70.000      5.000      0.000      0.000      0.000      0.000
    75.000      5.000      0.000      0.000      0.000      0.000
    80.000      5.000      0.000      0.000      0.000      0.000
    85.000      5.000      0.000      0.000      0.000      0.000
    90.000      5.000      0.000      0.000      0.000      0.000
    95.000      5.000      0.000      0.000      0.000      0.000
   100.000      5.000      0.000      0.000      0.000      0.000
   105.000      5.000      0.000      0.000      0.000      0.000
   110.000      5.000      0.000      0.000      0.000      0.000
   115.000      5.000      0.000      0.000      0.000      0.000
   120.000      5.000      0.000      0.000      0.000      0.000
   125.000      5.000      0.000      0.000      0.000      0.000
   130.000      5.000      0.000      0.000      0.000      0.000
   135.000      5.000      0.000      0.000      0.000      0.000
   140.000      5.000      0.000      0.000      0.000      0.000
   145.000      5.000      0.000      0.000      0.000      0.000
   -25.000     10.000      0.000      0.000      0.000      0.000
   -20.000     10.000      0.000      0.000      0.000      0.000
   -15.000     10.000      0.000      0.000      0.000      0.000
   -10.000     10.000      0.035     25.066      1.044    165.815
    -5.000     10.000      0.078      2.663      1.728    174.724
     0.000     10.000      0.130    -23.389      2.222   -155.770
     5.000     10.000      0.209    -46.757      3.315   -123.872
    10.000     10.000      0.295    -61.632      5.173   -107.715
    15.000     10.000      0.399    -76.024      6.160   -103.690
    20.000     10.000      0.505    -88.643      6.389   -104.264
    25.000     10.000      0.603    -99.190      6.136   -103.060
    30.000     10.000      0.692   -107.655      5.755   -103.135
    35.000     10.000      0.734   -114.548      4.736   -105.377
    40.000     10.000      0.737   -120.192      3.601   -116.579
    45.000     10.000      0.685   -124.804      2.295   -127.060
    50.000     10.000      0.591   -126.074      1.342   -128.761
    55.000     10.000      0.473   -120.340      0.812   -122.177
    60.000     10.000      0.248   -108.961      0.284   -108.951
    65.000     10.000      0.008    -94.373      0.008    -94.373
    70.000     10.000      0.000      0.000      0.000      0.000
    75.000     10.000      0.000      0.000      0.000      0.000
    80.000     10.000      0.000      0.000      0.000      0.000
    85.000     10.000      0.000      0.000      0.000      0.000
    90.000     10.000      0.000      0.000      0.000      0.000
    95.000     10.000      0.000      0.000      0.000      0.000
   100.000     10.000      0.000      0.000      0.000      0.000
   105.000     10.000      0.000      0.000      0.000      0.000
   110.000     10.000      0.000      0.000      0.000      0.000
   115.000     10.000      0.000      0.000      0.000      0.000
   120.000     10.000      0.000      0.000      0.000      0.000
   125.000     10.000      0.000      0.000      0.000      0.000
   130.000     10.000      0.000      0.000      0.000      0.000
   135.000     10.000      0.000      0.000      0.000      0.000
   140.000     10.000      0.000      0.000      0.000      0.000
   145.000     10.000      0.000      0.000      0.000      0.000
   -25.000     15.000      0.000      0.000      0.000      0.000
   -20.000     15.000      0.000      0.000      0.000      0.000
   -15.000     15.000      0.000      0.000      0.000      0.000
   -10.000     15.000      0.062   -146.558      1.100    179.647
    -5.000     15.000      0.091   -130.713      2.105   -161.336
     0.000     15.000      0.157   -111.617      3.278   -137.630
     5.000     15.000      0.287   -102.528      4.793   -121.122
    10.000     15.000      0.443    -99.083      6.331   -113.157
    15.000     15.000      0.606    -98.582      7.246   -109.927
    20.000     15.000      0.740   -100.231      7.715   -109.188
    25.000     15.000      0.841   -102.642      7.572   -106.532
    30.000     15.000      0.887   -107.301      6.745   -104.432
    35.000     15.000      0.874   -113.062      5.082   -107.586
    40.000     15.000      0.825   -119.292      3.681   -116.853
    45.000     15.000      0.740   -126.009      2.135   -125.035
    50.000     15.000      0.620   -132.384      1.355   -134.026
    55.000     15.000      0.456   -133.415      0.602   -145.482
    60.000     15.000      0.257   -110.766      0.257   -110.766
    65.000     15.000      0.005   -109.947      0.005   -109.947
    70.000     15.000      0.000      0.000      0.000      0.000
    75.000     15.000      0.000      0.000      0.000      0.000
    80.000     15.000      0.000      0.000      0.000      0.000
    85.000     15.000      0.000      0.000      0.000      0.000
    90.000     15.000      0.000      0.000      0.000      0.000
    95.000     15.000      0.000      0.000      0.000      0.000
   100.000     15.000      0.000      0.000      0.000      0.000
   105.000     15.000      0.000      0.000      0.000      0.000
   110.000     15.000      0.000      0.000      0.000      0.000
   115.000     15.000      0.000      0.000      0.000      0.000
   120.000     15.000      0.000      0.000      0.000      0.000
   125.000     15.000      0.000      0.000      0.000      0.000
   130.000     15.000      0.000      0.000      0.000      0.000
   135.000     15.000      0.000      0.000      0.000      0.000
   140.000     15.000      0.000      0.000      0.000      0.000
   145.000     15.000      0.000      0.000      0.000      0.000
   -25.000     20.000      0.000      0.000      0.000      0.000
   -20.000     20.000      0.000      0.000      0.000      0.000
   -15.000     20.000      0.000      0.000      0.000      0.000
   -10.000     20.000      0.134   -128.676      1.049   -167.437
    -5.000     20.000      0.217   -128.609      2.077   -147.021
     0.000     20.000      0.308   -123.578      3.319   -130.462
     5.000     20.000      0.426   -117.978      4.964   -120.325
    10.000     20.000      0.569   -113.608      6.654   -115.829
    15.000     20.000      0.726   -111.188      7.646   -114.482
    20.000     20.000      0.862   -110.601      8.171   -113.327
    25.000     20.000      0.957   -111.291      7.839   -111.094
    30.000     20.000      0.999   -113.769      6.725   -108.420
    35.000     20.000      0.990   -117.204      4.665   -112.487
    40.000     20.000      0.922   -121.380      3.242   -118.619
    45.000     20.000      0.808   -126.212      1.802   -121.647
    50.000     20.000      0.644   -130.898      1.169   -126.964
    55.000     20.000      0.412   -135.353      0.578   -135.078
    60.000     20.000      0.164   -121.292      0.164   -121.292
    65.000     20.000      0.000      0.000      0.000      0.000
    70.000     20.000      0.000      0.000      0.000      0.000
    75.000     20.000      0.000      0.000      0.000      0.000
    80.000     20.000      0.000      0.000      0.000      0.000
    85.000     20.000      0.000      0.000      0.000      0.000
    90.000     20.000      0.000      0.000      0.000      0.000
    95.000     20.000      0.000      0.000      0.000      0.000
   100.000     20.000      0.000      0.000      0.000      0.000
   105.000     20.000      0.000      0.000      0.000      0.000
   110.000     20.000      0.000      0.000      0.000      0.000
   115.000     20.000      0.000      0.000      0.000      0.000
   120.000     20.000      0.000      0.000      0.000      0.000
   125.000     20.000      0.000      0.000      0.000      0.000
   130.000     20.000      0.000      0.000      0.000      0.000
   135.000     20.000      0.000      0.000      0.000      0.000
   140.000     20.000      0.000      0.000      0.000      0.000
   145.000     20.000      0.000      0.000      0.000      0.000
   -25.000     25.000      0.000      0.000      0.000      0.000
   -20.000     25.000      0.000      0.000      0.000      0.000
   -15.000     25.000      0.000      0.000      0.000      0.000
   -10.000     25.000      0.100   -127.108      0.865   -147.908
    -5.000     25.000      0.234   -124.931      1.844   -131.647
     0.000     25.000      0.390   -123.539      3.174   -123.240
     5.000     25.000      0.555   -121.850      4.762   -119.848
    10.000     25.000      0.712   -120.729      6.272   -118.544
    15.000     25.000      0.839   -120.016      7.263   -118.104
    20.000     25.000      0.934   -119.888      7.580   -118.525
    25.000     25.000      0.980   -120.219      7.094   -115.391
    30.000     25.000      0.985   -120.757      5.873   -112.534
    35.000     25.000      0.939   -122.309      3.814   -115.548
    40.000     25.000      0.848   -124.053      2.801   -119.592
    45.000     25.000      0.708   -126.452      1.549   -122.740
    50.000     25.000      0.492   -130.451      0.957   -126.476
    55.000     25.000      0.210   -145.406      0.247   -143.805
    60.000     25.000      0.007   -134.288      0.007   -134.288
    65.000     25.000      0.000      0.000      0.000      0.000
    70.000     25.000      0.000      0.000      0.000      0.000
    75.000     25.000      0.000      0.000      0.000      0.000
    80.000     25.000      0.000      0.000      0.000      0.000
    85.000     25.000      0.000      0.000      0.000      0.000
    90.000     25.000      0.000      0.000      0.000      0.000
    95.000     25.000      0.000      0.000      0.000      0.000
   100.000     25.000      0.000      0.000      0.000      0.000
   105.000     25.000      0.000      0.000      0.000      0.000
   110.000     25.000      0.000      0.000      0.000      0.000
   115.000     25.000      0.000      0.000      0.000      0.000
   120.000     25.000      0.000      0.000      0.000      0.000
   125.000     25.000      0.000      0.000      0.000      0.000
   130.000     25.000      0.000      0.000      0.000      0.000
   135.000     25.000      0.000      0.000      0.000      0.000
   140.000     25.000      0.000      0.000      0.000      0.000
   145.000     25.000      0.000      0.000      0.000      0.000
   -25.000     30.000      0.000      0.000      0.000      0.000
   -20.000     30.000      0.000      0.000      0.000      0.000
   -15.000     30.000      0.000      0.000      0.000      0.000
   -10.000     30.000      0.081   -146.062      0.607   -131.283
    -5.000     30.000      0.250   -138.828      1.695   -125.891
     0.000     30.000      0.444   -133.644      3.204   -122.166
     5.000     30.000      0.634   -129.207      4.726   -120.291
    10.000     30.000      0.800   -125.466      5.883   -119.512
    15.000     30.000      0.916   -123.175      6.431   -119.544
    20.000     30.000      0.976   -122.120      6.430   -119.602
    25.000     30.000      0.971   -122.096      5.670   -116.689
    30.000     30.000      0.932   -122.455      4.466   -112.721
    35.000     30.000      0.862   -122.695      2.720   -116.074
    40.000     30.000      0.739   -123.161      2.181   -120.287
    45.000     30.000      0.570   -124.047      1.447   -122.370
    50.000     30.000      0.341   -122.286      0.576   -121.971
    55.000     30.000      0.050   -150.779      0.050   -150.779
    60.000     30.000      0.002   -134.876      0.002   -134.876
    65.000     30.000      0.000      0.000      0.000      0.000
    70.000     30.000      0.000      0.000      0.000      0.000
    75.000     30.000      0.000      0.000      0.000      0.000
    80.000     30.000      0.000      0.000      0.000      0.000
    85.000     30.000      0.000      0.000      0.000      0.000
    90.000     30.000      0.000      0.000      0.000      0.000
    95.000     30.000      0.000      0.000      0.000      0.000
   100.000     30.000      0.000      0.000      0.000      0.000
   105.000     30.000      0.000      0.000      0.000      0.000
   110.000     30.000      0.000      0.000      0.000      0.000
   115.000     30.000      0.000      0.000      0.000      0.000
   120.000     30.000      0.000      0.000      0.000      0.000
   125.000     30.000      0.000      0.000      0.000      0.000
   130.000     30.000      0.000      0.000      0.000      0.000
   135.000     30.000      0.000      0.000      0.000      0.000
   140.000     30.000      0.000      0.000      0.000      0.000
   145.000     30.000      0.000      0.000      0.000      0.000
   -25.000     35.000      0.000      0.000      0.000      0.000
   -20.000     35.000      0.000      0.000      0.000      0.000
   -15.000     35.000      0.000      0.000      0.000      0.000
   -10.000     35.000      0.144   -152.054      0.519   -145.075
    -5.000     35.000      0.304   -146.044      1.388   -128.132
     0.000     35.000      0.459   -140.031      2.641   -120.643
     5.000     35.000      0.595   -134.551      3.908   -118.329
    10.000     35.000      0.715   -129.473      4.827   -117.742
    15.000     35.000      0.802   -125.526      5.029   -118.410
    20.000     35.000      0.845   -122.617      4.598   -118.981
    25.000     35.000      0.832   -120.806      3.620   -116.427
    30.000     35.000      0.776   -120.160      2.547   -111.842
    35.000     35.000      0.691   -120.582      1.765   -111.825
    40.000     35.000      0.571   -122.238      1.448   -117.615
    45.000     35.000      0.431   -124.808      0.962   -126.921
    50.000     35.000      0.247   -113.139      0.315   -111.123
    55.000     35.000      0.048   -127.695      0.048   -127.695
    60.000     35.000      0.000      0.000      0.000      0.000
    65.000     35.000      0.000      0.000      0.000      0.000
    70.000     35.000      0.000      0.000      0.000      0.000
    75.000     35.000      0.000      0.000      0.000      0.000
    80.000     35.000      0.000      0.000      0.000      0.000
    85.000     35.000      0.000      0.000      0.000      0.000
    90.000     35.000      0.000      0.000      0.000      0.000
    95.000     35.000      0.000      0.000      0.000      0.000
   100.000     35.000      0.000      0.000      0.000      0.000
   105.000     35.000      0.000      0.000      0.000      0.000
   110.000     35.000      0.000      0.000      0.000      0.000
   115.000     35.000      0.000      0.000      0.000      0.000
   120.000     35.000      0.000      0.000      0.000      0.000
   125.000     35.000      0.000      0.000      0.000      0.000
   130.000     35.000      0.000      0.000      0.000      0.000
   135.000     35.000      0.000      0.000      0.000      0.000
   140.000     35.000      0.000      0.000      0.000      0.000
   145.000     35.000      0.000      0.000      0.000      0.000
   -25.000     40.000      0.000      0.000      0.000      0.000
   -20.000     40.000      0.000      0.000      0.000      0.000
   -15.000     40.000      0.000      0.000      0.000      0.000
   -10.000     40.000      0.147   -157.159      0.554   -128.131
    -5.000     40.000      0.281   -148.165      1.203   -125.145
     0.000     40.000      0.401   -140.462      2.001   -121.698
     5.000     40.000      0.497   -134.936      2.723   -119.604
    10.000     40.000      0.573   -130.310      3.159   -118.845
    15.000     40.000      0.607   -126.701      3.108   -118.139
    20.000     40.000      0.598   -124.040      2.874   -118.569
    25.000     40.000      0.551   -122.501      2.105   -120.927
    30.000     40.000      0.478   -122.207      1.423   -116.479
    35.000     40.000      0.393   -123.154      1.009   -112.089
    40.000     40.000      0.291   -129.580      0.664   -113.830
    45.000     40.000      0.232   -145.223      0.293   -146.829
    50.000     40.000      0.107   -121.680      0.107   -121.680
    55.000     40.000      0.002   -134.319      0.002   -134.319
    60.000     40.000      0.000      0.000      0.000      0.000
    65.000     40.000      0.000      0.000      0.000      0.000
    70.000     40.000      0.000      0.000      0.000      0.000
    75.000     40.000      0.000      0.000      0.000      0.000
    80.000     40.000      0.000      0.000      0.000      0.000
    85.000     40.000      0.000      0.000      0.000      0.000
    90.000     40.000      0.000      0.000      0.000      0.000
    95.000     40.000      0.000      0.000      0.000      0.000
   100.000     40.000      0.000      0.000      0.000      0.000
   105.000     40.000      0.000      0.000      0.000      0.000
   110.000     40.000      0.000      0.000      0.000      0.000
   115.000     40.000      0.000      0.000      0.000      0.000
   120.000     40.000      0.000      0.000      0.000      0.000
   125.000     40.000      0.000      0.000      0.000      0.000
   130.000     40.000      0.000      0.000      0.000      0.000
   135.000     40.000      0.000      0.000      0.000      0.000
   140.000     40.000      0.000      0.000      0.000      0.000
   145.000     40.000      0.000      0.000      0.000      0.000
   -25.000     45.000      0.000      0.000      0.000      0.000
   -20.000     45.000      0.000      0.000      0.000      0.000
   -15.000     45.000      0.000      0.000      0.000      0.000
   -10.000     45.000      0.104   -169.286      0.284   -116.061
    -5.000     45.000      0.174   -155.543      0.625   -125.680
     0.000     45.000      0.238   -144.025      1.046   -125.642
     5.000     45.000      0.292   -135.774      1.388   -121.497
    10.000     45.000      0.336   -129.233      1.556   -117.762
    15.000     45.000      0.349   -125.780      1.505   -117.353
    20.000     45.000      0.331   -123.843      1.225   -120.702
    25.000     45.000      0.298   -122.107      0.813   -126.779
    30.000     45.000      0.238   -121.611      0.539   -119.520
    35.000     45.000      0.152   -121.631      0.337   -122.634
    40.000     45.000      0.029   -149.973      0.007    154.961
    45.000     45.000      0.088   -161.592      0.088   -161.592
    50.000     45.000      0.003   -150.919      0.003   -150.919
    55.000     45.000      0.000      0.000      0.000      0.000
    60.000     45.000      0.000      0.000      0.000      0.000
    65.000     45.000      0.000      0.000      0.000      0.000
    70.000     45.000      0.000      0.000      0.000      0.000
    75.000     45.000      0.000      0.000      0.000      0.000
    80.000     45.000      0.000      0.000      0.000      0.000
    85.000     45.000      0.000      0.000      0.000      0.000
    90.000     45.000      0.000      0.000      0.000      0.000
    95.000     45.000      0.000      0.000      0.000      0.000
   100.000     45.000      0.000      0.000      0.000      0.000
   105.000     45.000      0.000      0.000      0.000      0.000
   110.000     45.000      0.000      0.000      0.000      0.000
   115.000     45.000      0.000      0.000      0.000      0.000
   120.000     45.000      0.000      0.000      0.000      0.000
   125.000     45.000      0.000      0.000      0.000      0.000
   130.000     45.000      0.000      0.000      0.000      0.000
   135.000     45.000      0.000      0.000      0.000      0.000
   140.000     45.000      0.000      0.000      0.000      0.000
   145.000     45.000      0.000      0.000      0.000      0.000
   -25.000     50.000      0.000      0.000      0.000      0.000
   -20.000     50.000      0.000      0.000      0.000      0.000
   -15.000     50.000      0.000      0.000      0.000      0.000
   -10.000     50.000      0.000      0.000      0.000      0.000
    -5.000     50.000      0.000      0.000      0.000      0.000
     0.000     50.000      0.000      0.000      0.000      0.000
     5.000     50.000      0.000      0.000      0.000      0.000
    10.000     50.000      0.000      0.000      0.000      0.000
    15.000     50.000      0.000      0.000      0.000      0.000
    20.000     50.000      0.000      0.000      0.000      0.000
    25.000     50.000      0.000      0.000      0.000      0.000
    30.000     50.000      0.000      0.000      0.000      0.000
    35.000     50.000      0.000      0.000      0.000      0.000
    40.000     50.000      0.000      0.000      0.000      0.000
    45.000     50.000      0.000      0.000      0.000      0.000
    50.000     50.000      0.000      0.000      0.000      0.000
    55.000     50.000      0.000      0.000      0.000      0.000
    60.000     50.000      0.000      0.000      0.000      0.000
    65.000     50.000      0.000      0.000      0.000      0.000
    70.000     50.000      0.000      0.000      0.000      0.000
    75.000     50.000      0.000      0.000      0.000      0.000
    80.000     50.000      0.000      0.000      0.000      0.000
    85.000     50.000      0.000      0.000      0.000      0.000
    90.000     50.000      0.000      0.000      0.000      0.000
    95.000     50.000      0.000      0.000      0.000      0.000
   100.000     50.000      0.000      0.000      0.000      0.000
   105.000     50.000      0.000      0.000      0.000      0.000
   110.000     50.000      0.000      0.000      0.000      0.000
   115.000     50.000      0.000      0.000      0.000      0.000
   120.000     50.000      0.000      0.000      0.000      0.000
   125.000     50.000      0.000      0.000      0.000      0.000
   130.000     50.000      0.000      0.000      0.000      0.000
   135.000     50.000      0.000      0.000      0.000      0.000
   140.000     50.000      0.000      0.000      0.000      0.000
   145.000     50.000      0.000      0.000      0.000      0.000
   -25.000     55.000      0.000      0.000      0.000      0.000
   -20.000     55.000      0.000      0.000      0.000      0.000
   -15.000     55.000      0.000      0.000      0.000      0.000
   -10.000     55.000      0.000      0.000      0.000      0.000
    -5.000     55.000      0.000      0.000      0.000      0.000
     0.000     55.000      0.000      0.000      0.000      0.000
     5.000     55.000      0.000      0.000      0.000      0.000
    10.000     55.000      0.000      0.000      0.000      0.000
    15.000     55.000      0.000      0.000      0.000      0.000
    20.000     55.000      0.000      0.000      0.000      0.000
    25.000     55.000      0.000      0.000      0.000      0.000
    30.000     55.000      0.000      0.000      0.000      0.000
    35.000     55.000      0.000      0.000      0.000      0.000
    40.000     55.000      0.000      0.000      0.000      0.000
    45.000     55.000      0.000      0.000      0.000      0.000
    50.000     55.000      0.000      0.000      0.000      0.000
    55.000     55.000      0.000      0.000      0.000      0.000
    60.000     55.000      0.000      0.000      0.000      0.000
    65.000     55.000      0.000      0.000      0.000      0.000
    70.000     55.000      0.000      0.000      0.000      0.000
    75.000     55.000      0.000      0.000      0.000      0.000
    80.000     55.000      0.000      0.000      0.000      0.000
    85.000     55.000      0.000      0.000      0.000      0.000
    90.000     55.000      0.000      0.000      0.000      0.000
    95.000     55.000      0.000      0.000      0.000      0.000
   100.000     55.000      0.000      0.000      0.000      0.000
   105.000     55.000      0.000      0.000      0.000      0.000
   110.000     55.000      0.000      0.000      0.000      0.000
   115.000     55.000      0.000      0.000      0.000      0.000
   120.000     55.000      0.000      0.000      0.000      0.000
   125.000     55.000      0.000      0.000      0.000      0.000
   130.000     55.000      0.000      0.000      0.000      0.000
   135.000     55.000      0.000      0.000      0.000      0.000
   140.000     55.000      0.000      0.000      0.000      0.000
   145.000     55.000      0.000      0.000      0.000      0.000
   -25.000     60.000      0.000      0.000      0.000      0.000
   -20.000     60.000      0.000      0.000      0.000      0.000
   -15.000     60.000      0.000      0.000      0.000      0.000
   -10.000     60.000      0.000      0.000      0.000      0.000
    -5.000     60.000      0.000      0.000      0.000      0.000
     0.000     60.000      0.000      0.000      0.000      0.000
     5.000     60.000      0.000      0.000      0.000      0.000
    10.000     60.000      0.000      0.000      0.000      0.000
    15.000     60.000      0.000      0.000      0.000      0.000
    20.000     60.000      0.000      0.000      0.000      0.000
    25.000     60.000      0.000      0.000      0.000      0.000
    30.000     60.000      0.000      0.000      0.000      0.000
    35.000     60.000      0.000      0.000      0.000      0.000
    40.000     60.000      0.000      0.000      0.000      0.000
    45.000     60.000      0.000      0.000      0.000      0.000
    50.000     60.000      0.000      0.000      0.000      0.000
    55.000     60.000      0.000      0.000      0.000      0.000
    60.000     60.000      0.000      0.000      0.000      0.000
    65.000     60.000      0.000      0.000      0.000      0.000
    70.000     60.000      0.000      0.000      0.000      0.000
    75.000     60.000      0.000      0.000      0.000      0.000
    80.000     60.000      0.000      0.000      0.000      0.000
    85.000     60.000      0.000      0.000      0.000      0.000
    90.000     60.000      0.000      0.000      0.000      0.000
    95.000     60.000      0.000      0.000      0.000      0.000
   100.000     60.000      0.000      0.000      0.000      0.000
   105.000     60.000      0.000      0.000      0.000      0.000
   110.000     60.000      0.000      0.000      0.000      0.000
   115.000     60.000      0.000      0.000      0.000      0.000
   120.000     60.000      0.000      0.000      0.000      0.000
   125.000     60.000      0.000      0.000      0.000      0.000
   130.000     60.000      0.000      0.000      0.000      0.000
   135.000     60.000      0.000      0.000      0.000      0.000
   140.000     60.000      0.000      0.000      0.000      0.000
   145.000     60.000      0.000      0.000      0.000      0.000
