   -25.000    -55.000      0.000      0.000      0.000      0.000
   -20.000    -55.000      0.000      0.000      0.000      0.000
   -15.000    -55.000      0.000      0.000      0.000      0.000
   -10.000    -55.000      0.000      0.000      0.000      0.000
    -5.000    -55.000      0.000      0.000      0.000      0.000
     0.000    -55.000      0.000      0.000      0.000      0.000
     5.000    -55.000      0.000      0.000      0.000      0.000
    10.000    -55.000      0.000      0.000      0.000      0.000
    15.000    -55.000      0.000      0.000      0.000      0.000
    20.000    -55.000      0.000      0.000      0.000      0.000
    25.000    -55.000      0.000      0.000      0.000      0.000
    30.000    -55.000      0.000      0.000      0.000      0.000
    35.000    -55.000      0.000      0.000      0.000      0.000
    40.000    -55.000      0.000      0.000      0.000      0.000
    45.000    -55.000      0.000      0.000      0.000      0.000
    50.000    -55.000      0.000      0.000      0.000      0.000
    55.000    -55.000      0.000      0.000      0.000      0.000
    60.000    -55.000      0.000      0.000      0.000      0.000
    65.000    -55.000      0.000      0.000      0.000      0.000
    70.000    -55.000      0.000      0.000      0.000      0.000
    75.000    -55.000      0.000      0.000      0.000      0.000
    80.000    -55.000      0.000      0.000      0.000      0.000
    85.000    -55.000      0.000      0.000      0.000      0.000
    90.000    -55.000      0.000      0.000      0.000      0.000
    95.000    -55.000      0.000      0.000      0.000      0.000
   100.000    -55.000      0.000      0.000      0.000      0.000
   105.000    -55.000      0.000      0.000      0.000      0.000
   110.000    -55.000      0.000      0.000      0.000      0.000
   115.000    -55.000      0.000      0.000      0.000      0.000
   120.000    -55.000      0.000      0.000      0.000      0.000
   125.000    -55.000      0.000      0.000      0.000      0.000
   130.000    -55.000      0.000      0.000      0.000      0.000
   135.000    -55.000      0.000      0.000      0.000      0.000
   140.000    -55.000      0.000      0.000      0.000      0.000
   145.000    -55.000      0.000      0.000      0.000      0.000
   -25.000    -50.000      0.000      0.000      0.000      0.000
   -20.000    -50.000      0.000      0.000      0.000      0.000
   -15.000    -50.000      0.000      0.000      0.000      0.000
   -10.000    -50.000      0.000      0.000      0.000      0.000
    -5.000    -50.000      0.000      0.000      0.000      0.000
     0.000    -50.000      0.000      0.000      0.000      0.000
     5.000    -50.000      0.000      0.000      0.000      0.000
    10.000    -50.000      0.000      0.000      0.000      0.000
    15.000    -50.000      0.000      0.000      0.000      0.000
    20.000    -50.000      0.000      0.000      0.000      0.000
    25.000    -50.000      0.000      0.000      0.000      0.000
    30.000    -50.000      0.000      0.000      0.000      0.000
    35.000    -50.000      0.000      0.000      0.000      0.000
    40.000    -50.000      0.000      0.000      0.000      0.000
    45.000    -50.000      0.000      0.000      0.000      0.000
    50.000    -50.000      0.000      0.000      0.000      0.000
    55.000    -50.000      0.000      0.000      0.000      0.000
    60.000    -50.000      0.000      0.000      0.000      0.000
    65.000    -50.000      0.000      0.000      0.000      0.000
    70.000    -50.000      0.000      0.000      0.000      0.000
    75.000    -50.000      0.000      0.000      0.000      0.000
    80.000    -50.000      0.000      0.000      0.000      0.000
    85.000    -50.000      0.000      0.000      0.000      0.000
    90.000    -50.000      0.000      0.000      0.000      0.000
    95.000    -50.000      0.000      0.000      0.000      0.000
   100.000    -50.000      0.000      0.000      0.000      0.000
   105.000    -50.000      0.000      0.000      0.000      0.000
   110.000    -50.000      0.000      0.000      0.000      0.000
   115.000    -50.000      0.000      0.000      0.000      0.000
   120.000    -50.000      0.000      0.000      0.000      0.000
   125.000    -50.000      0.000      0.000      0.000      0.000
   130.000    -50.000      0.000      0.000      0.000      0.000
   135.000    -50.000      0.000      0.000      0.000      0.000
   140.000    -50.000      0.000      0.000      0.000      0.000
   145.000    -50.000      0.000      0.000      0.000      0.000
   -25.000    -45.000      0.000      0.000      0.000      0.000
   -20.000    -45.000      0.000      0.000      0.000      0.000
   -15.000    -45.000      0.000      0.000      0.000      0.000
   -10.000    -45.000      0.000      0.000      0.000      0.000
    -5.000    -45.000      0.000      0.000      0.000      0.000
     0.000    -45.000      0.000      0.000      0.000      0.000
     5.000    -45.000      0.000      0.000      0.000      0.000
    10.000    -45.000      0.000      0.000      0.000      0.000
    15.000    -45.000      0.000      0.000      0.000      0.000
    20.000    -45.000      0.000      0.000      0.000      0.000
    25.000    -45.000      0.000      0.000      0.000      0.000
    30.000    -45.000      0.000      0.000      0.000      0.000
    35.000    -45.000      0.000      0.000      0.000      0.000
    40.000    -45.000      0.000      0.000      0.000      0.000
    45.000    -45.000      0.000      0.000      0.000      0.000
    50.000    -45.000      0.000      0.000      0.000      0.000
    55.000    -45.000      0.000      0.000      0.000      0.000
    60.000    -45.000      0.000      0.000      0.000      0.000
    65.000    -45.000      0.000      0.000      0.000      0.000
    70.000    -45.000      0.000      0.000      0.000      0.000
    75.000    -45.000      0.000      0.000      0.000      0.000
    80.000    -45.000      0.000      0.000      0.000      0.000
    85.000    -45.000      0.000      0.000      0.000      0.000
    90.000    -45.000      0.000      0.000      0.000      0.000
    95.000    -45.000      0.000      0.000      0.000      0.000
   100.000    -45.000      0.000      0.000      0.000      0.000
   105.000    -45.000      0.000      0.000      0.000      0.000
   110.000    -45.000      0.000      0.000      0.000      0.000
   115.000    -45.000      0.000      0.000      0.000      0.000
   120.000    -45.000      0.000      0.000      0.000      0.000
   125.000    -45.000      0.000      0.000      0.000      0.000
   130.000    -45.000      0.000      0.000      0.000      0.000
   135.000    -45.000      0.000      0.000      0.000      0.000
   140.000    -45.000      0.000      0.000      0.000      0.000
   145.000    -45.000      0.000      0.000      0.000      0.000
   -25.000    -40.000      0.000      0.000      0.000      0.000
   -20.000    -40.000      0.000      0.000      0.000      0.000
   -15.000    -40.000      0.000      0.000      0.000      0.000
   -10.000    -40.000      0.044    119.213      0.794     83.024
    -5.000    -40.000      0.055    108.189      1.487     76.173
     0.000    -40.000      0.052     72.932      1.936     70.017
     5.000    -40.000      0.069     40.908      2.265     65.610
    10.000    -40.000      0.102     19.976      2.524     63.565
    15.000    -40.000      0.142     10.718      2.620     64.661
    20.000    -40.000      0.177      6.721      2.657     66.733
    25.000    -40.000      0.203      5.066      2.262     74.556
    30.000    -40.000      0.228      4.949      2.094     90.971
    35.000    -40.000      0.240      5.163      1.733    104.720
    40.000    -40.000      0.232      2.873      1.365    116.027
    45.000    -40.000      0.194     -6.342      1.112    134.120
    50.000    -40.000      0.158    -18.648      1.200    146.612
    55.000    -40.000      0.140    -34.075      1.068    135.458
    60.000    -40.000      0.131    -49.810      0.764    140.203
    65.000    -40.000      0.128    -66.397      0.304    152.702
    70.000    -40.000      0.127    -80.705      0.199   -104.430
    75.000    -40.000      0.136    -91.636      0.209     15.861
    80.000    -40.000      0.162    -96.473      0.250    -46.842
    85.000    -40.000      0.183    -97.618      0.164   -107.021
    90.000    -40.000      0.202    -98.037      0.600   -113.090
    95.000    -40.000      0.182    -97.441      0.522   -104.411
   100.000    -40.000      0.113    -93.905      0.260   -107.330
   105.000    -40.000      0.041    -50.417      0.038     -6.683
   110.000    -40.000      0.037     29.823      0.037     29.823
   115.000    -40.000      0.000      0.000      0.000      0.000
   120.000    -40.000      0.000      0.000      0.000      0.000
   125.000    -40.000      0.000      0.000      0.000      0.000
   130.000    -40.000      0.000      0.000      0.000      0.000
   135.000    -40.000      0.000      0.000      0.000      0.000
   140.000    -40.000      0.000      0.000      0.000      0.000
   145.000    -40.000      0.000      0.000      0.000      0.000
   -25.000    -35.000      0.000      0.000      0.000      0.000
   -20.000    -35.000      0.000      0.000      0.000      0.000
   -15.000    -35.000      0.000      0.000      0.000      0.000
   -10.000    -35.000      0.062    118.058      1.464     86.150
    -5.000    -35.000      0.050    111.627      2.305     79.911
     0.000    -35.000      0.037     58.019      2.897     71.212
     5.000    -35.000      0.070      2.966      3.344     65.700
    10.000    -35.000      0.138      3.003      3.421     62.882
    15.000    -35.000      0.220      8.382      3.508     63.026
    20.000    -35.000      0.292     11.088      3.544     63.385
    25.000    -35.000      0.340      9.358      3.301     71.194
    30.000    -35.000      0.356      8.048      2.809     87.639
    35.000    -35.000      0.353      5.381      2.166    109.159
    40.000    -35.000      0.347      1.295      1.885    134.631
    45.000    -35.000      0.330     -6.893      1.905    173.662
    50.000    -35.000      0.312    -15.735      2.203    176.231
    55.000    -35.000      0.281    -24.248      1.820    164.425
    60.000    -35.000      0.247    -37.366      1.215    168.824
    65.000    -35.000      0.223    -51.088      0.621   -163.509
    70.000    -35.000      0.205    -65.296      0.632   -122.776
    75.000    -35.000      0.206    -82.706      0.499   -121.363
    80.000    -35.000      0.235    -98.348      0.793   -113.585
    85.000    -35.000      0.274   -109.211      0.740   -120.683
    90.000    -35.000      0.301   -115.899      1.157   -114.368
    95.000    -35.000      0.274   -121.496      1.263   -111.335
   100.000    -35.000      0.196   -128.581      0.851   -121.345
   105.000    -35.000      0.091   -154.806      0.205   -143.787
   110.000    -35.000      0.057     91.919      0.057     91.919
   115.000    -35.000      0.000      0.000      0.000      0.000
   120.000    -35.000      0.000      0.000      0.000      0.000
   125.000    -35.000      0.000      0.000      0.000      0.000
   130.000    -35.000      0.000      0.000      0.000      0.000
   135.000    -35.000      0.000      0.000      0.000      0.000
   140.000    -35.000      0.000      0.000      0.000      0.000
   145.000    -35.000      0.000      0.000      0.000      0.000
   -25.000    -30.000      0.000      0.000      0.000      0.000
   -20.000    -30.000      0.000      0.000      0.000      0.000
   -15.000    -30.000      0.000      0.000      0.000      0.000
   -10.000    -30.000      0.030    167.415      0.875     99.326
    -5.000    -30.000      0.042   -143.083      1.453     91.636
     0.000    -30.000      0.040    -77.516      1.902     74.957
     5.000    -30.000      0.084    -22.067      2.377     63.961
    10.000    -30.000      0.159     -0.806      2.606     58.664
    15.000    -30.000      0.235      1.510      2.458     55.705
    20.000    -30.000      0.301      2.565      2.289     54.124
    25.000    -30.000      0.355      0.175      1.916     67.615
    30.000    -30.000      0.392     -3.879      1.475     96.985
    35.000    -30.000      0.412     -8.528      1.397    152.892
    40.000    -30.000      0.414    -15.252      2.138   -176.846
    45.000    -30.000      0.411    -21.503      3.219   -155.470
    50.000    -30.000      0.398    -26.926      3.683   -153.933
    55.000    -30.000      0.371    -31.759      3.386   -154.163
    60.000    -30.000      0.339    -40.435      2.687   -149.866
    65.000    -30.000      0.296    -51.332      2.032   -136.086
    70.000    -30.000      0.261    -67.319      1.694   -122.665
    75.000    -30.000      0.245    -87.072      1.372   -127.732
    80.000    -30.000      0.269   -107.051      1.657   -129.564
    85.000    -30.000      0.304   -122.091      1.544   -130.760
    90.000    -30.000      0.346   -130.365      1.658   -119.815
    95.000    -30.000      0.331   -137.447      1.350   -111.462
   100.000    -30.000      0.256   -149.476      0.856   -116.774
   105.000    -30.000      0.160    179.906      0.348   -129.635
   110.000    -30.000      0.175    119.446      0.209    119.246
   115.000    -30.000      0.000      0.000      0.000      0.000
   120.000    -30.000      0.000      0.000      0.000      0.000
   125.000    -30.000      0.000      0.000      0.000      0.000
   130.000    -30.000      0.000      0.000      0.000      0.000
   135.000    -30.000      0.000      0.000      0.000      0.000
   140.000    -30.000      0.000      0.000      0.000      0.000
   145.000    -30.000      0.000      0.000      0.000      0.000
   -25.000    -25.000      0.000      0.000      0.000      0.000
   -20.000    -25.000      0.000      0.000      0.000      0.000
   -15.000    -25.000      0.000      0.000      0.000      0.000
   -10.000    -25.000      0.079   -108.544      0.433    173.756
    -5.000    -25.000      0.098    -85.500      0.643    156.273
     0.000    -25.000      0.116    -64.009      0.728    115.153
     5.000    -25.000      0.154    -46.558      1.009     78.023
    10.000    -25.000      0.206    -31.576      1.092     52.279
    15.000    -25.000      0.266    -22.761      1.060     17.756
    20.000    -25.000      0.322    -20.512      0.879     -6.194
    25.000    -25.000      0.367    -23.031      0.839    -76.491
    30.000    -25.000      0.401    -28.104      1.591   -121.557
    35.000    -25.000      0.427    -32.336      2.961   -132.794
    40.000    -25.000      0.445    -37.058      4.214   -139.661
    45.000    -25.000      0.448    -39.317      5.440   -136.176
    50.000    -25.000      0.445    -44.089      6.139   -136.324
    55.000    -25.000      0.422    -51.158      5.963   -136.836
    60.000    -25.000      0.390    -60.220      5.394   -132.716
    65.000    -25.000      0.360    -71.825      4.668   -125.319
    70.000    -25.000      0.343    -86.401      3.788   -120.873
    75.000    -25.000      0.337   -100.906      2.914   -124.029
    80.000    -25.000      0.343   -113.396      2.564   -131.440
    85.000    -25.000      0.344   -122.316      2.149   -135.740
    90.000    -25.000      0.327   -130.249      1.864   -127.247
    95.000    -25.000      0.285   -137.353      1.224   -121.459
   100.000    -25.000      0.209   -146.258      0.660   -123.133
   105.000    -25.000      0.107   -169.169      0.218   -124.711
   110.000    -25.000      0.073    125.227      0.085    120.872
   115.000    -25.000      0.000      0.000      0.000      0.000
   120.000    -25.000      0.000      0.000      0.000      0.000
   125.000    -25.000      0.000      0.000      0.000      0.000
   130.000    -25.000      0.000      0.000      0.000      0.000
   135.000    -25.000      0.000      0.000      0.000      0.000
   140.000    -25.000      0.000      0.000      0.000      0.000
   145.000    -25.000      0.000      0.000      0.000      0.000
   -25.000    -20.000      0.000      0.000      0.000      0.000
   -20.000    -20.000      0.000      0.000      0.000      0.000
   -15.000    -20.000      0.000      0.000      0.000      0.000
   -10.000    -20.000      0.079    -91.598      0.723   -121.867
    -5.000    -20.000      0.116    -66.224      0.962   -125.693
     0.000    -20.000      0.159    -48.373      1.018   -122.322
     5.000    -20.000      0.206    -38.247      1.011   -109.707
    10.000    -20.000      0.271    -37.048      1.350    -88.827
    15.000    -20.000      0.324    -37.505      2.246    -74.969
    20.000    -20.000      0.356    -40.293      3.004    -83.675
    25.000    -20.000      0.372    -41.473      3.975    -93.334
    30.000    -20.000      0.386    -43.768      4.923   -105.970
    35.000    -20.000      0.408    -48.507      6.647   -112.731
    40.000    -20.000      0.429    -54.921      7.468   -120.893
    45.000    -20.000      0.452    -61.345      8.467   -124.154
    50.000    -20.000      0.464    -67.829      9.073   -127.676
    55.000    -20.000      0.473    -75.067      8.945   -128.824
    60.000    -20.000      0.488    -83.832      8.176   -126.838
    65.000    -20.000      0.494    -91.176      7.380   -121.169
    70.000    -20.000      0.486    -97.694      6.362   -116.645
    75.000    -20.000      0.468   -104.215      4.696   -121.224
    80.000    -20.000      0.440   -110.505      3.667   -129.759
    85.000    -20.000      0.396   -114.980      2.644   -139.163
    90.000    -20.000      0.312   -117.629      2.053   -136.616
    95.000    -20.000      0.198   -122.548      1.433   -128.429
   100.000    -20.000      0.093   -141.631      0.390   -147.275
   105.000    -20.000      0.042    171.655      0.169    138.040
   110.000    -20.000      0.049   -121.794      0.064   -123.060
   115.000    -20.000      0.005     32.062      0.005     32.062
   120.000    -20.000      0.000      0.000      0.000      0.000
   125.000    -20.000      0.000      0.000      0.000      0.000
   130.000    -20.000      0.000      0.000      0.000      0.000
   135.000    -20.000      0.000      0.000      0.000      0.000
   140.000    -20.000      0.000      0.000      0.000      0.000
   145.000    -20.000      0.000      0.000      0.000      0.000
   -25.000    -15.000      0.000      0.000      0.000      0.000
   -20.000    -15.000      0.000      0.000      0.000      0.000
   -15.000    -15.000      0.000      0.000      0.000      0.000
   -10.000    -15.000      0.056    -56.204      1.119   -114.326
    -5.000    -15.000      0.064    -25.858      1.548   -110.656
     0.000    -15.000      0.101     -6.771      2.037   -105.733
     5.000    -15.000      0.149    -10.991      2.565    -99.229
    10.000    -15.000      0.223    -25.207      3.269    -90.846
    15.000    -15.000      0.293    -34.103      4.459    -81.426
    20.000    -15.000      0.341    -40.478      6.089    -87.270
    25.000    -15.000      0.370    -46.865      7.439    -93.826
    30.000    -15.000      0.391    -56.314      8.765   -100.163
    35.000    -15.000      0.422    -67.492     10.143   -105.218
    40.000    -15.000      0.465    -77.412     10.906   -112.235
    45.000    -15.000      0.499    -85.591     11.500   -116.186
    50.000    -15.000      0.552    -91.711     11.717   -120.614
    55.000    -15.000      0.593    -95.244     11.476   -123.808
    60.000    -15.000      0.616    -98.445     10.826   -124.043
    65.000    -15.000      0.620   -101.707      9.782   -121.107
    70.000    -15.000      0.600   -104.260      8.516   -117.852
    75.000    -15.000      0.553   -106.151      6.287   -119.722
    80.000    -15.000      0.477   -107.429      4.279   -129.166
    85.000    -15.000      0.383   -110.367      3.047   -137.627
    90.000    -15.000      0.268   -115.204      1.837   -143.904
    95.000    -15.000      0.149   -126.568      1.444   -136.167
   100.000    -15.000      0.063   -163.783      0.495   -147.738
   105.000    -15.000      0.040    137.474      0.245    127.074
   110.000    -15.000      0.039   -107.828      0.079   -128.040
   115.000    -15.000      0.055   -113.784      0.055   -113.784
   120.000    -15.000      0.000      0.000      0.000      0.000
   125.000    -15.000      0.000      0.000      0.000      0.000
   130.000    -15.000      0.000      0.000      0.000      0.000
   135.000    -15.000      0.000      0.000      0.000      0.000
   140.000    -15.000      0.000      0.000      0.000      0.000
   145.000    -15.000      0.000      0.000      0.000      0.000
   -25.000    -10.000      0.000      0.000      0.000      0.000
   -20.000    -10.000      0.000      0.000      0.000      0.000
   -15.000    -10.000      0.000      0.000      0.000      0.000
   -10.000    -10.000      0.083    -36.654      1.161   -104.680
    -5.000    -10.000      0.065    -13.172      2.052   -101.464
     0.000    -10.000      0.094      5.617      3.091    -98.718
     5.000    -10.000      0.118      7.079      4.179    -93.618
    10.000    -10.000      0.192    -20.375      5.378    -88.147
    15.000    -10.000      0.268    -39.939      6.965    -84.154
    20.000    -10.000      0.335    -52.344      8.718    -85.811
    25.000    -10.000      0.385    -64.037     10.494    -91.034
    30.000    -10.000      0.422    -75.663     12.079    -97.172
    35.000    -10.000      0.483    -86.224     13.348   -102.031
    40.000    -10.000      0.556    -93.352     13.648   -108.079
    45.000    -10.000      0.624    -98.631     13.947   -111.776
    50.000    -10.000      0.682   -102.862     13.566   -116.399
    55.000    -10.000      0.713   -106.295     13.107   -120.249
    60.000    -10.000      0.726   -108.032     12.700   -121.329
    65.000    -10.000      0.718   -109.457     11.620   -121.173
    70.000    -10.000      0.673   -111.071      9.890   -119.534
    75.000    -10.000      0.593   -112.475      7.649   -119.165
    80.000    -10.000      0.497   -114.837      5.388   -124.052
    85.000    -10.000      0.382   -117.688      3.284   -133.834
    90.000    -10.000      0.257   -120.315      1.790   -149.692
    95.000    -10.000      0.140   -123.254      1.190   -153.443
   100.000    -10.000      0.047   -118.892      0.560   -156.672
   105.000    -10.000      0.040    -43.310      0.125    134.368
   110.000    -10.000      0.108    -49.616      0.227    -56.509
   115.000    -10.000      0.046    -61.345      0.046    -61.345
   120.000    -10.000      0.000      0.000      0.000      0.000
   125.000    -10.000      0.000      0.000      0.000      0.000
   130.000    -10.000      0.000      0.000      0.000      0.000
   135.000    -10.000      0.000      0.000      0.000      0.000
   140.000    -10.000      0.000      0.000      0.000      0.000
   145.000    -10.000      0.000      0.000      0.000      0.000
   -25.000     -5.000      0.000      0.000      0.000      0.000
   -20.000     -5.000      0.000      0.000      0.000      0.000
   -15.000     -5.000      0.000      0.000      0.000      0.000
   -10.000     -5.000      0.190    -69.026      1.647    -90.696
    -5.000     -5.000      0.106    -65.510      2.951    -89.034
     0.000     -5.000      0.064    -17.458      4.316    -87.635
     5.000     -5.000      0.054      2.273      5.721    -85.865
    10.000     -5.000      0.130    -27.990      7.298    -84.171
    15.000     -5.000      0.216    -63.620      9.123    -82.564
    20.000     -5.000      0.300    -77.779     10.895    -83.530
    25.000     -5.000      0.383    -87.536     12.847    -88.475
    30.000     -5.000      0.469    -94.896     14.565    -93.754
    35.000     -5.000      0.555   -100.408     15.450    -99.434
    40.000     -5.000      0.618   -104.361     15.380   -104.140
    45.000     -5.000      0.678   -107.366     15.451   -108.145
    50.000     -5.000      0.732   -109.697     14.302   -113.368
    55.000     -5.000      0.759   -112.037     13.716   -117.722
    60.000     -5.000      0.760   -114.437     13.120   -120.067
    65.000     -5.000      0.739   -116.936     12.297   -121.539
    70.000     -5.000      0.684   -119.190     10.739   -122.023
    75.000     -5.000      0.593   -121.021      8.600   -121.635
    80.000     -5.000      0.473   -122.872      6.163   -123.820
    85.000     -5.000      0.346   -124.333      3.404   -129.461
    90.000     -5.000      0.227   -125.901      1.657   -145.442
    95.000     -5.000      0.135   -123.454      1.017   -176.140
   100.000     -5.000      0.078   -104.511      0.589    174.253
   105.000     -5.000      0.085    -70.467      0.233   -177.432
   110.000     -5.000      0.110    -46.825      0.116     -7.235
   115.000     -5.000      0.042    -18.221      0.042    -18.221
   120.000     -5.000      0.000      0.000      0.000      0.000
   125.000     -5.000      0.000      0.000      0.000      0.000
   130.000     -5.000      0.000      0.000      0.000      0.000
   135.000     -5.000      0.000      0.000      0.000      0.000
   140.000     -5.000      0.000      0.000      0.000      0.000
   145.000     -5.000      0.000      0.000      0.000      0.000
   -25.000      0.000      0.000      0.000      0.000      0.000
   -20.000      0.000      0.000      0.000      0.000      0.000
   -15.000      0.000      0.000      0.000      0.000      0.000
   -10.000      0.000      0.086    -52.771      1.925    -80.696
    -5.000      0.000      0.009     36.921      3.306    -78.199
     0.000      0.000      0.009     75.890      5.014    -75.293
     5.000      0.000      0.028    -18.893      6.804    -75.227
    10.000      0.000      0.071    -74.047      8.540    -78.354
    15.000      0.000      0.205    -91.721     10.567    -80.451
    20.000      0.000      0.303    -97.594     12.475    -82.004
    25.000      0.000      0.376   -101.579     14.107    -86.204
    30.000      0.000      0.446   -104.974     15.640    -91.531
    35.000      0.000      0.530   -108.696     16.248    -96.466
    40.000      0.000      0.612   -112.080     16.098   -101.211
    45.000      0.000      0.686   -114.729     15.369   -105.153
    50.000      0.000      0.731   -116.753     14.309   -109.875
    55.000      0.000      0.749   -118.890     13.216   -114.573
    60.000      0.000      0.744   -120.694     12.822   -118.559
    65.000      0.000      0.705   -121.705     11.997   -121.185
    70.000      0.000      0.609   -123.103     10.696   -122.627
    75.000      0.000      0.503   -124.880      8.780   -123.697
    80.000      0.000      0.396   -127.107      6.585   -124.137
    85.000      0.000      0.297   -130.728      3.772   -125.051
    90.000      0.000      0.213   -135.194      1.537   -137.219
    95.000      0.000      0.150   -137.950      0.630    170.155
   100.000      0.000      0.106   -133.905      0.502    169.430
   105.000      0.000      0.094   -114.464      0.313   -162.676
   110.000      0.000      0.099    -93.721      0.122   -112.622
   115.000      0.000      0.033    -64.999      0.033    -64.999
   120.000      0.000      0.000      0.000      0.000      0.000
   125.000      0.000      0.000      0.000      0.000      0.000
   130.000      0.000      0.000      0.000      0.000      0.000
   135.000      0.000      0.000      0.000      0.000      0.000
   140.000      0.000      0.000      0.000      0.000      0.000
   145.000      0.000      0.000      0.000      0.000      0.000
   -25.000      5.000      0.000      0.000      0.000      0.000
   -20.000      5.000      0.000      0.000      0.000      0.000
   -15.000      5.000      0.000      0.000      0.000      0.000
   -10.000      5.000      0.043     94.743      1.890    -73.244
    -5.000      5.000      0.042     67.486      3.751    -64.041
     0.000      5.000      0.029     61.971      5.516    -61.057
     5.000      5.000      0.029    -20.934      7.399    -64.136
    10.000      5.000      0.143    -87.589      9.570    -71.497
    15.000      5.000      0.236    -93.066     11.619    -78.243
    20.000      5.000      0.293    -99.522     13.182    -79.990
    25.000      5.000      0.344   -106.397     14.084    -83.220
    30.000      5.000      0.395   -113.192     14.789    -88.712
    35.000      5.000      0.453   -118.283     15.383    -94.143
    40.000      5.000      0.522   -121.446     15.274    -99.007
    45.000      5.000      0.591   -122.913     14.215   -102.974
    50.000      5.000      0.642   -123.303     13.334   -106.968
    55.000      5.000      0.659   -123.531     12.155   -111.677
    60.000      5.000      0.642   -124.148     11.362   -116.327
    65.000      5.000      0.598   -124.549     10.646   -120.877
    70.000      5.000      0.526   -126.105      9.528   -123.667
    75.000      5.000      0.440   -128.356      7.953   -125.336
    80.000      5.000      0.344   -132.695      6.181   -124.897
    85.000      5.000      0.251   -138.882      3.846   -125.737
    90.000      5.000      0.166   -150.438      1.578   -129.663
    95.000      5.000      0.107   -166.678      0.276    138.307
   100.000      5.000      0.074    177.307      0.508     91.326
   105.000      5.000      0.065   -155.674      0.142    107.360
   110.000      5.000      0.101   -121.802      0.248   -115.587
   115.000      5.000      0.004     96.263      0.004     96.263
   120.000      5.000      0.000      0.000      0.000      0.000
   125.000      5.000      0.000      0.000      0.000      0.000
   130.000      5.000      0.000      0.000      0.000      0.000
   135.000      5.000      0.000      0.000      0.000      0.000
   140.000      5.000      0.000      0.000      0.000      0.000
   145.000      5.000      0.000      0.000      0.000      0.000
   -25.000     10.000      0.000      0.000      0.000      0.000
   -20.000     10.000      0.000      0.000      0.000      0.000
   -15.000     10.000      0.000      0.000      0.000      0.000
   -10.000     10.000      0.050   -126.827      2.296    -69.134
    -5.000     10.000      0.106   -101.719      4.349    -61.269
     0.000     10.000      0.157    -97.484      6.159    -58.378
     5.000     10.000      0.166    -85.331      7.711    -60.548
    10.000     10.000      0.172    -85.304      9.202    -67.450
    15.000     10.000      0.191    -90.723     10.789    -75.693
    20.000     10.000      0.221    -99.268     11.865    -78.394
    25.000     10.000      0.257   -108.980     12.492    -81.381
    30.000     10.000      0.294   -117.134     12.907    -86.159
    35.000     10.000      0.347   -121.631     13.326    -91.246
    40.000     10.000      0.408   -124.465     13.178    -96.885
    45.000     10.000      0.464   -125.621     12.108   -100.563
    50.000     10.000      0.506   -125.659     11.056   -104.204
    55.000     10.000      0.533   -125.388     10.038   -109.701
    60.000     10.000      0.542   -125.480      9.465   -114.454
    65.000     10.000      0.535   -125.436      8.786   -119.097
    70.000     10.000      0.498   -126.049      8.061   -124.438
    75.000     10.000      0.433   -127.059      6.965   -125.964
    80.000     10.000      0.343   -130.199      5.443   -125.249
    85.000     10.000      0.238   -136.939      3.695   -124.066
    90.000     10.000      0.129   -152.716      1.789   -122.086
    95.000     10.000      0.062    150.177      0.266   -102.330
   100.000     10.000      0.074    100.600      0.591     52.251
   105.000     10.000      0.051     93.929      0.507     59.595
   110.000     10.000      0.036   -139.578      0.075    -95.111
   115.000     10.000      0.028    143.928      0.028    143.928
   120.000     10.000      0.000      0.000      0.000      0.000
   125.000     10.000      0.000      0.000      0.000      0.000
   130.000     10.000      0.000      0.000      0.000      0.000
   135.000     10.000      0.000      0.000      0.000      0.000
   140.000     10.000      0.000      0.000      0.000      0.000
   145.000     10.000      0.000      0.000      0.000      0.000
   -25.000     15.000      0.000      0.000      0.000      0.000
   -20.000     15.000      0.000      0.000      0.000      0.000
   -15.000     15.000      0.000      0.000      0.000      0.000
   -10.000     15.000      0.055   -116.203      1.998    -67.970
    -5.000     15.000      0.079   -102.179      4.034    -63.005
     0.000     15.000      0.102    -93.973      5.425    -59.551
     5.000     15.000      0.106    -86.297      6.431    -60.221
    10.000     15.000      0.115    -88.469      7.423    -66.689
    15.000     15.000      0.138    -93.567      8.348    -73.361
    20.000     15.000      0.177    -99.311      9.025    -76.950
    25.000     15.000      0.221   -103.593      9.497    -80.546
    30.000     15.000      0.260   -108.111      9.794    -84.845
    35.000     15.000      0.295   -112.748     10.079    -89.745
    40.000     15.000      0.324   -118.020      9.812    -95.097
    45.000     15.000      0.352   -121.868      9.240    -98.806
    50.000     15.000      0.391   -123.474      8.007   -102.440
    55.000     15.000      0.421   -123.636      7.410   -108.207
    60.000     15.000      0.438   -123.620      6.620   -114.355
    65.000     15.000      0.443   -123.250      6.317   -118.326
    70.000     15.000      0.429   -122.967      5.858   -122.488
    75.000     15.000      0.387   -121.692      5.268   -124.797
    80.000     15.000      0.318   -120.311      4.055   -124.745
    85.000     15.000      0.224   -119.636      3.010   -122.086
    90.000     15.000      0.120   -116.250      1.592   -119.983
    95.000     15.000      0.017    -38.997      0.431   -108.621
   100.000     15.000      0.090     42.435      0.341     26.825
   105.000     15.000      0.122     43.887      0.471     51.652
   110.000     15.000      0.062     23.373      0.137     42.339
   115.000     15.000      0.017      5.464      0.017      5.464
   120.000     15.000      0.000      0.000      0.000      0.000
   125.000     15.000      0.000      0.000      0.000      0.000
   130.000     15.000      0.000      0.000      0.000      0.000
   135.000     15.000      0.000      0.000      0.000      0.000
   140.000     15.000      0.000      0.000      0.000      0.000
   145.000     15.000      0.000      0.000      0.000      0.000
   -25.000     20.000      0.000      0.000      0.000      0.000
   -20.000     20.000      0.000      0.000      0.000      0.000
   -15.000     20.000      0.000      0.000      0.000      0.000
   -10.000     20.000      0.034    108.561      1.407    -69.343
    -5.000     20.000      0.028    115.272      2.434    -66.263
     0.000     20.000      0.006    -62.691      3.022    -62.308
     5.000     20.000      0.053    -72.843      3.467    -60.466
    10.000     20.000      0.086    -86.326      3.988    -63.477
    15.000     20.000      0.119    -96.069      4.570    -70.675
    20.000     20.000      0.149   -102.440      4.907    -75.939
    25.000     20.000      0.168   -105.986      5.093    -80.120
    30.000     20.000      0.173   -107.891      5.427    -84.957
    35.000     20.000      0.172   -109.567      5.428    -88.766
    40.000     20.000      0.181   -114.574      5.231    -91.658
    45.000     20.000      0.199   -119.983      4.940    -97.607
    50.000     20.000      0.209   -124.594      4.169   -102.491
    55.000     20.000      0.225   -125.421      3.904   -107.738
    60.000     20.000      0.240   -125.397      3.419   -114.626
    65.000     20.000      0.248   -124.076      3.294   -118.021
    70.000     20.000      0.236   -120.666      3.079   -120.615
    75.000     20.000      0.213   -114.501      2.862   -121.625
    80.000     20.000      0.187   -107.447      2.495   -122.942
    85.000     20.000      0.153    -97.636      1.547   -121.526
    90.000     20.000      0.110    -79.242      1.061   -112.471
    95.000     20.000      0.083    -48.302      0.493   -103.065
   100.000     20.000      0.087    -12.110      0.191    -92.204
   105.000     20.000      0.096     -0.007      0.176     25.389
   110.000     20.000      0.090    -37.304      0.104    -35.579
   115.000     20.000      0.034    -41.689      0.034    -41.689
   120.000     20.000      0.000      0.000      0.000      0.000
   125.000     20.000      0.000      0.000      0.000      0.000
   130.000     20.000      0.000      0.000      0.000      0.000
   135.000     20.000      0.000      0.000      0.000      0.000
   140.000     20.000      0.000      0.000      0.000      0.000
   145.000     20.000      0.000      0.000      0.000      0.000
   -25.000     25.000      0.000      0.000      0.000      0.000
   -20.000     25.000      0.000      0.000      0.000      0.000
   -15.000     25.000      0.000      0.000      0.000      0.000
   -10.000     25.000      0.000      0.000      0.000      0.000
    -5.000     25.000      0.000      0.000      0.000      0.000
     0.000     25.000      0.000      0.000      0.000      0.000
     5.000     25.000      0.000      0.000      0.000      0.000
    10.000     25.000      0.000      0.000      0.000      0.000
    15.000     25.000      0.000      0.000      0.000      0.000
    20.000     25.000      0.000      0.000      0.000      0.000
    25.000     25.000      0.000      0.000      0.000      0.000
    30.000     25.000      0.000      0.000      0.000      0.000
    35.000     25.000      0.000      0.000      0.000      0.000
    40.000     25.000      0.000      0.000      0.000      0.000
    45.000     25.000      0.000      0.000      0.000      0.000
    50.000     25.000      0.000      0.000      0.000      0.000
    55.000     25.000      0.000      0.000      0.000      0.000
    60.000     25.000      0.000      0.000      0.000      0.000
    65.000     25.000      0.000      0.000      0.000      0.000
    70.000     25.000      0.000      0.000      0.000      0.000
    75.000     25.000      0.000      0.000      0.000      0.000
    80.000     25.000      0.000      0.000      0.000      0.000
    85.000     25.000      0.000      0.000      0.000      0.000
    90.000     25.000      0.000      0.000      0.000      0.000
    95.000     25.000      0.000      0.000      0.000      0.000
   100.000     25.000      0.000      0.000      0.000      0.000
   105.000     25.000      0.000      0.000      0.000      0.000
   110.000     25.000      0.000      0.000      0.000      0.000
   115.000     25.000      0.000      0.000      0.000      0.000
   120.000     25.000      0.000      0.000      0.000      0.000
   125.000     25.000      0.000      0.000      0.000      0.000
   130.000     25.000      0.000      0.000      0.000      0.000
   135.000     25.000      0.000      0.000      0.000      0.000
   140.000     25.000      0.000      0.000      0.000      0.000
   145.000     25.000      0.000      0.000      0.000      0.000
   -25.000     30.000      0.000      0.000      0.000      0.000
   -20.000     30.000      0.000      0.000      0.000      0.000
   -15.000     30.000      0.000      0.000      0.000      0.000
   -10.000     30.000      0.000      0.000      0.000      0.000
    -5.000     30.000      0.000      0.000      0.000      0.000
     0.000     30.000      0.000      0.000      0.000      0.000
     5.000     30.000      0.000      0.000      0.000      0.000
    10.000     30.000      0.000      0.000      0.000      0.000
    15.000     30.000      0.000      0.000      0.000      0.000
    20.000     30.000      0.000      0.000      0.000      0.000
    25.000     30.000      0.000      0.000      0.000      0.000
    30.000     30.000      0.000      0.000      0.000      0.000
    35.000     30.000      0.000      0.000      0.000      0.000
    40.000     30.000      0.000      0.000      0.000      0.000
    45.000     30.000      0.000      0.000      0.000      0.000
    50.000     30.000      0.000      0.000      0.000      0.000
    55.000     30.000      0.000      0.000      0.000      0.000
    60.000     30.000      0.000      0.000      0.000      0.000
    65.000     30.000      0.000      0.000      0.000      0.000
    70.000     30.000      0.000      0.000      0.000      0.000
    75.000     30.000      0.000      0.000      0.000      0.000
    80.000     30.000      0.000      0.000      0.000      0.000
    85.000     30.000      0.000      0.000      0.000      0.000
    90.000     30.000      0.000      0.000      0.000      0.000
    95.000     30.000      0.000      0.000      0.000      0.000
   100.000     30.000      0.000      0.000      0.000      0.000
   105.000     30.000      0.000      0.000      0.000      0.000
   110.000     30.000      0.000      0.000      0.000      0.000
   115.000     30.000      0.000      0.000      0.000      0.000
   120.000     30.000      0.000      0.000      0.000      0.000
   125.000     30.000      0.000      0.000      0.000      0.000
   130.000     30.000      0.000      0.000      0.000      0.000
   135.000     30.000      0.000      0.000      0.000      0.000
   140.000     30.000      0.000      0.000      0.000      0.000
   145.000     30.000      0.000      0.000      0.000      0.000
   -25.000     35.000      0.000      0.000      0.000      0.000
   -20.000     35.000      0.000      0.000      0.000      0.000
   -15.000     35.000      0.000      0.000      0.000      0.000
   -10.000     35.000      0.000      0.000      0.000      0.000
    -5.000     35.000      0.000      0.000      0.000      0.000
     0.000     35.000      0.000      0.000      0.000      0.000
     5.000     35.000      0.000      0.000      0.000      0.000
    10.000     35.000      0.000      0.000      0.000      0.000
    15.000     35.000      0.000      0.000      0.000      0.000
    20.000     35.000      0.000      0.000      0.000      0.000
    25.000     35.000      0.000      0.000      0.000      0.000
    30.000     35.000      0.000      0.000      0.000      0.000
    35.000     35.000      0.000      0.000      0.000      0.000
    40.000     35.000      0.000      0.000      0.000      0.000
    45.000     35.000      0.000      0.000      0.000      0.000
    50.000     35.000      0.000      0.000      0.000      0.000
    55.000     35.000      0.000      0.000      0.000      0.000
    60.000     35.000      0.000      0.000      0.000      0.000
    65.000     35.000      0.000      0.000      0.000      0.000
    70.000     35.000      0.000      0.000      0.000      0.000
    75.000     35.000      0.000      0.000      0.000      0.000
    80.000     35.000      0.000      0.000      0.000      0.000
    85.000     35.000      0.000      0.000      0.000      0.000
    90.000     35.000      0.000      0.000      0.000      0.000
    95.000     35.000      0.000      0.000      0.000      0.000
   100.000     35.000      0.000      0.000      0.000      0.000
   105.000     35.000      0.000      0.000      0.000      0.000
   110.000     35.000      0.000      0.000      0.000      0.000
   115.000     35.000      0.000      0.000      0.000      0.000
   120.000     35.000      0.000      0.000      0.000      0.000
   125.000     35.000      0.000      0.000      0.000      0.000
   130.000     35.000      0.000      0.000      0.000      0.000
   135.000     35.000      0.000      0.000      0.000      0.000
   140.000     35.000      0.000      0.000      0.000      0.000
   145.000     35.000      0.000      0.000      0.000      0.000
