   -25.000    -20.000      0.000      0.000      0.000      0.000
   -20.000    -20.000      0.000      0.000      0.000      0.000
   -15.000    -20.000      0.000      0.000      0.000      0.000
   -10.000    -20.000      0.000      0.000      0.000      0.000
    -5.000    -20.000      0.000      0.000      0.000      0.000
     0.000    -20.000      0.000      0.000      0.000      0.000
     5.000    -20.000      0.000      0.000      0.000      0.000
    10.000    -20.000      0.000      0.000      0.000      0.000
    15.000    -20.000      0.000      0.000      0.000      0.000
    20.000    -20.000      0.000      0.000      0.000      0.000
    25.000    -20.000      0.000      0.000      0.000      0.000
    30.000    -20.000      0.000      0.000      0.000      0.000
    35.000    -20.000      0.000      0.000      0.000      0.000
    40.000    -20.000      0.000      0.000      0.000      0.000
    45.000    -20.000      0.000      0.000      0.000      0.000
    50.000    -20.000      0.000      0.000      0.000      0.000
    55.000    -20.000      0.000      0.000      0.000      0.000
    60.000    -20.000      0.000      0.000      0.000      0.000
    65.000    -20.000      0.000      0.000      0.000      0.000
    70.000    -20.000      0.000      0.000      0.000      0.000
    75.000    -20.000      0.000      0.000      0.000      0.000
    80.000    -20.000      0.000      0.000      0.000      0.000
    85.000    -20.000      0.000      0.000      0.000      0.000
    90.000    -20.000      0.000      0.000      0.000      0.000
    95.000    -20.000      0.000      0.000      0.000      0.000
   100.000    -20.000      0.000      0.000      0.000      0.000
   105.000    -20.000      0.000      0.000      0.000      0.000
   110.000    -20.000      0.000      0.000      0.000      0.000
   115.000    -20.000      0.000      0.000      0.000      0.000
   120.000    -20.000      0.000      0.000      0.000      0.000
   125.000    -20.000      0.000      0.000      0.000      0.000
   130.000    -20.000      0.000      0.000      0.000      0.000
   135.000    -20.000      0.000      0.000      0.000      0.000
   140.000    -20.000      0.000      0.000      0.000      0.000
   145.000    -20.000      0.000      0.000      0.000      0.000
   -25.000    -15.000      0.000      0.000      0.000      0.000
   -20.000    -15.000      0.000      0.000      0.000      0.000
   -15.000    -15.000      0.000      0.000      0.000      0.000
   -10.000    -15.000      0.000      0.000      0.000      0.000
    -5.000    -15.000      0.000      0.000      0.000      0.000
     0.000    -15.000      0.000      0.000      0.000      0.000
     5.000    -15.000      0.000      0.000      0.000      0.000
    10.000    -15.000      0.000      0.000      0.000      0.000
    15.000    -15.000      0.000      0.000      0.000      0.000
    20.000    -15.000      0.000      0.000      0.000      0.000
    25.000    -15.000      0.000      0.000      0.000      0.000
    30.000    -15.000      0.000      0.000      0.000      0.000
    35.000    -15.000      0.000      0.000      0.000      0.000
    40.000    -15.000      0.000      0.000      0.000      0.000
    45.000    -15.000      0.000      0.000      0.000      0.000
    50.000    -15.000      0.000      0.000      0.000      0.000
    55.000    -15.000      0.000      0.000      0.000      0.000
    60.000    -15.000      0.000      0.000      0.000      0.000
    65.000    -15.000      0.000      0.000      0.000      0.000
    70.000    -15.000      0.000      0.000      0.000      0.000
    75.000    -15.000      0.000      0.000      0.000      0.000
    80.000    -15.000      0.000      0.000      0.000      0.000
    85.000    -15.000      0.000      0.000      0.000      0.000
    90.000    -15.000      0.000      0.000      0.000      0.000
    95.000    -15.000      0.000      0.000      0.000      0.000
   100.000    -15.000      0.000      0.000      0.000      0.000
   105.000    -15.000      0.000      0.000      0.000      0.000
   110.000    -15.000      0.000      0.000      0.000      0.000
   115.000    -15.000      0.000      0.000      0.000      0.000
   120.000    -15.000      0.000      0.000      0.000      0.000
   125.000    -15.000      0.000      0.000      0.000      0.000
   130.000    -15.000      0.000      0.000      0.000      0.000
   135.000    -15.000      0.000      0.000      0.000      0.000
   140.000    -15.000      0.000      0.000      0.000      0.000
   145.000    -15.000      0.000      0.000      0.000      0.000
   -25.000    -10.000      0.000      0.000      0.000      0.000
   -20.000    -10.000      0.000      0.000      0.000      0.000
   -15.000    -10.000      0.000      0.000      0.000      0.000
   -10.000    -10.000      0.000      0.000      0.000      0.000
    -5.000    -10.000      0.000      0.000      0.000      0.000
     0.000    -10.000      0.000      0.000      0.000      0.000
     5.000    -10.000      0.000      0.000      0.000      0.000
    10.000    -10.000      0.000      0.000      0.000      0.000
    15.000    -10.000      0.000      0.000      0.000      0.000
    20.000    -10.000      0.000      0.000      0.000      0.000
    25.000    -10.000      0.000      0.000      0.000      0.000
    30.000    -10.000      0.000      0.000      0.000      0.000
    35.000    -10.000      0.000      0.000      0.000      0.000
    40.000    -10.000      0.000      0.000      0.000      0.000
    45.000    -10.000      0.000      0.000      0.000      0.000
    50.000    -10.000      0.000      0.000      0.000      0.000
    55.000    -10.000      0.000      0.000      0.000      0.000
    60.000    -10.000      0.000      0.000      0.000      0.000
    65.000    -10.000      0.000      0.000      0.000      0.000
    70.000    -10.000      0.000      0.000      0.000      0.000
    75.000    -10.000      0.000      0.000      0.000      0.000
    80.000    -10.000      0.000      0.000      0.000      0.000
    85.000    -10.000      0.000      0.000      0.000      0.000
    90.000    -10.000      0.000      0.000      0.000      0.000
    95.000    -10.000      0.000      0.000      0.000      0.000
   100.000    -10.000      0.000      0.000      0.000      0.000
   105.000    -10.000      0.000      0.000      0.000      0.000
   110.000    -10.000      0.000      0.000      0.000      0.000
   115.000    -10.000      0.000      0.000      0.000      0.000
   120.000    -10.000      0.000      0.000      0.000      0.000
   125.000    -10.000      0.000      0.000      0.000      0.000
   130.000    -10.000      0.000      0.000      0.000      0.000
   135.000    -10.000      0.000      0.000      0.000      0.000
   140.000    -10.000      0.000      0.000      0.000      0.000
   145.000    -10.000      0.000      0.000      0.000      0.000
   -25.000     -5.000      0.000      0.000      0.000      0.000
   -20.000     -5.000      0.000      0.000      0.000      0.000
   -15.000     -5.000      0.000      0.000      0.000      0.000
   -10.000     -5.000      0.051     -0.090      0.979     27.103
    -5.000     -5.000      0.092    -17.636      1.331     -0.533
     0.000     -5.000      0.129    -18.019      1.697    -22.992
     5.000     -5.000      0.149    -12.887      1.915    -33.890
    10.000     -5.000      0.148    -10.351      1.926    -36.857
    15.000     -5.000      0.138    -16.701      1.708    -39.912
    20.000     -5.000      0.136    -26.623      1.652    -20.025
    25.000     -5.000      0.138    -36.291      1.458    -22.843
    30.000     -5.000      0.139    -45.327      0.992    -27.032
    35.000     -5.000      0.147    -56.042      0.826    -77.852
    40.000     -5.000      0.149    -64.701      1.163    -88.495
    45.000     -5.000      0.140    -72.016      0.564    -76.795
    50.000     -5.000      0.125    -79.957      0.348     27.748
    55.000     -5.000      0.100    -87.098      0.238     10.969
    60.000     -5.000      0.073    -95.404      0.017   -104.522
    65.000     -5.000      0.055   -117.048      0.235   -133.242
    70.000     -5.000      0.042   -152.432      0.206     65.171
    75.000     -5.000      0.036    159.867      0.531     69.191
    80.000     -5.000      0.039    132.757      0.345     73.383
    85.000     -5.000      0.047    139.052      0.063    134.702
    90.000     -5.000      0.000      0.000      0.000      0.000
    95.000     -5.000      0.000      0.000      0.000      0.000
   100.000     -5.000      0.000      0.000      0.000      0.000
   105.000     -5.000      0.000      0.000      0.000      0.000
   110.000     -5.000      0.000      0.000      0.000      0.000
   115.000     -5.000      0.000      0.000      0.000      0.000
   120.000     -5.000      0.000      0.000      0.000      0.000
   125.000     -5.000      0.000      0.000      0.000      0.000
   130.000     -5.000      0.000      0.000      0.000      0.000
   135.000     -5.000      0.000      0.000      0.000      0.000
   140.000     -5.000      0.000      0.000      0.000      0.000
   145.000     -5.000      0.000      0.000      0.000      0.000
   -25.000      0.000      0.000      0.000      0.000      0.000
   -20.000      0.000      0.000      0.000      0.000      0.000
   -15.000      0.000      0.000      0.000      0.000      0.000
   -10.000      0.000      0.115    -19.000      1.386     12.748
    -5.000      0.000      0.209     -8.017      2.074    -11.613
     0.000      0.000      0.274     -3.197      2.795    -30.627
     5.000      0.000      0.296     -2.030      3.379    -44.125
    10.000      0.000      0.286     -3.952      3.554    -53.553
    15.000      0.000      0.258     -4.534      3.417    -55.777
    20.000      0.000      0.220    -10.974      2.871    -45.930
    25.000      0.000      0.189    -25.924      2.468    -46.784
    30.000      0.000      0.189    -50.288      1.829    -61.489
    35.000      0.000      0.207    -68.472      1.947    -86.980
    40.000      0.000      0.234    -80.172      2.278    -98.989
    45.000      0.000      0.252    -90.619      1.590   -104.510
    50.000      0.000      0.250    -97.867      0.638    -83.571
    55.000      0.000      0.233   -103.551      0.500    -66.520
    60.000      0.000      0.194   -108.086      0.663    -93.896
    65.000      0.000      0.139   -110.632      0.585   -130.388
    70.000      0.000      0.071   -105.657      0.223    104.179
    75.000      0.000      0.040    -66.225      0.598     72.965
    80.000      0.000      0.067    -34.233      0.209     41.387
    85.000      0.000      0.102    -52.040      0.126    -52.261
    90.000      0.000      0.000      0.000      0.000      0.000
    95.000      0.000      0.000      0.000      0.000      0.000
   100.000      0.000      0.000      0.000      0.000      0.000
   105.000      0.000      0.000      0.000      0.000      0.000
   110.000      0.000      0.000      0.000      0.000      0.000
   115.000      0.000      0.000      0.000      0.000      0.000
   120.000      0.000      0.000      0.000      0.000      0.000
   125.000      0.000      0.000      0.000      0.000      0.000
   130.000      0.000      0.000      0.000      0.000      0.000
   135.000      0.000      0.000      0.000      0.000      0.000
   140.000      0.000      0.000      0.000      0.000      0.000
   145.000      0.000      0.000      0.000      0.000      0.000
   -25.000      5.000      0.000      0.000      0.000      0.000
   -20.000      5.000      0.000      0.000      0.000      0.000
   -15.000      5.000      0.000      0.000      0.000      0.000
   -10.000      5.000      0.181     -0.539      1.454    -10.439
    -5.000      5.000      0.317      4.314      2.478    -25.484
     0.000      5.000      0.389      6.696      3.342    -48.340
     5.000      5.000      0.401      7.343      4.592    -65.357
    10.000      5.000      0.374      7.051      5.433    -71.449
    15.000      5.000      0.316      1.493      5.907    -73.891
    20.000      5.000      0.242     -7.468      5.265    -72.643
    25.000      5.000      0.184    -28.674      3.914    -73.033
    30.000      5.000      0.171    -61.378      3.300    -87.238
    35.000      5.000      0.225    -86.441      3.419    -99.033
    40.000      5.000      0.291    -95.883      3.543   -105.779
    45.000      5.000      0.337   -101.377      3.446   -109.866
    50.000      5.000      0.350   -106.093      2.075   -105.899
    55.000      5.000      0.333   -110.221      1.455   -100.707
    60.000      5.000      0.292   -112.098      1.319   -104.546
    65.000      5.000      0.207   -110.003      0.893   -124.944
    70.000      5.000      0.118    -98.809      0.367   -156.789
    75.000      5.000      0.057    -47.314      0.137    114.642
    80.000      5.000      0.099     12.716      0.107     55.289
    85.000      5.000      0.138     26.362      0.166     28.561
    90.000      5.000      0.000      0.000      0.000      0.000
    95.000      5.000      0.000      0.000      0.000      0.000
   100.000      5.000      0.000      0.000      0.000      0.000
   105.000      5.000      0.000      0.000      0.000      0.000
   110.000      5.000      0.000      0.000      0.000      0.000
   115.000      5.000      0.000      0.000      0.000      0.000
   120.000      5.000      0.000      0.000      0.000      0.000
   125.000      5.000      0.000      0.000      0.000      0.000
   130.000      5.000      0.000      0.000      0.000      0.000
   135.000      5.000      0.000      0.000      0.000      0.000
   140.000      5.000      0.000      0.000      0.000      0.000
   145.000      5.000      0.000      0.000      0.000      0.000
   -25.000     10.000      0.000      0.000      0.000      0.000
   -20.000     10.000      0.000      0.000      0.000      0.000
   -15.000     10.000      0.000      0.000      0.000      0.000
   -10.000     10.000      0.241      6.309      1.433    -33.361
    -5.000     10.000      0.395      7.453      2.553    -51.179
     0.000     10.000      0.461      5.588      3.998    -69.617
     5.000     10.000      0.457      2.353      5.692    -80.342
    10.000     10.000      0.400     -2.777      6.630    -84.633
    15.000     10.000      0.315    -13.935      7.164    -85.605
    20.000     10.000      0.236    -34.392      7.190    -87.671
    25.000     10.000      0.215    -65.610      5.854    -90.943
    30.000     10.000      0.258    -90.850      5.542   -102.218
    35.000     10.000      0.327   -104.451      5.235   -109.024
    40.000     10.000      0.397   -110.225      5.117   -112.230
    45.000     10.000      0.449   -112.079      4.783   -111.906
    50.000     10.000      0.467   -111.681      3.930   -108.435
    55.000     10.000      0.443   -112.924      2.810   -108.095
    60.000     10.000      0.400   -116.220      2.101   -113.312
    65.000     10.000      0.328   -119.794      1.457   -125.056
    70.000     10.000      0.236   -121.505      0.887   -144.430
    75.000     10.000      0.115   -114.398      0.513   -129.042
    80.000     10.000      0.040    -23.161      0.163    -98.445
    85.000     10.000      0.061     21.669      0.072     23.410
    90.000     10.000      0.000      0.000      0.000      0.000
    95.000     10.000      0.000      0.000      0.000      0.000
   100.000     10.000      0.000      0.000      0.000      0.000
   105.000     10.000      0.000      0.000      0.000      0.000
   110.000     10.000      0.000      0.000      0.000      0.000
   115.000     10.000      0.000      0.000      0.000      0.000
   120.000     10.000      0.000      0.000      0.000      0.000
   125.000     10.000      0.000      0.000      0.000      0.000
   130.000     10.000      0.000      0.000      0.000      0.000
   135.000     10.000      0.000      0.000      0.000      0.000
   140.000     10.000      0.000      0.000      0.000      0.000
   145.000     10.000      0.000      0.000      0.000      0.000
   -25.000     15.000      0.000      0.000      0.000      0.000
   -20.000     15.000      0.000      0.000      0.000      0.000
   -15.000     15.000      0.000      0.000      0.000      0.000
   -10.000     15.000      0.261      4.102      1.306    -56.781
    -5.000     15.000      0.399      0.762      2.637    -74.116
     0.000     15.000      0.432     -3.317      4.291    -89.195
     5.000     15.000      0.402     -9.029      5.968    -95.566
    10.000     15.000      0.342    -20.640      7.187    -96.104
    15.000     15.000      0.288    -42.070      8.103    -95.804
    20.000     15.000      0.289    -70.794      8.666    -95.799
    25.000     15.000      0.347    -92.662      8.230   -100.733
    30.000     15.000      0.428   -105.370      8.027   -108.612
    35.000     15.000      0.502   -113.178      7.261   -116.697
    40.000     15.000      0.560   -118.065      6.990   -118.225
    45.000     15.000      0.576   -121.196      6.194   -115.977
    50.000     15.000      0.569   -123.935      5.429   -114.831
    55.000     15.000      0.546   -126.558      4.173   -114.573
    60.000     15.000      0.497   -129.170      2.928   -118.950
    65.000     15.000      0.420   -132.550      2.023   -130.981
    70.000     15.000      0.332   -133.477      1.245   -149.327
    75.000     15.000      0.203   -131.832      0.767   -138.663
    80.000     15.000      0.047   -108.593      0.062    -66.550
    85.000     15.000      0.024    104.410      0.039    101.202
    90.000     15.000      0.000      0.000      0.000      0.000
    95.000     15.000      0.000      0.000      0.000      0.000
   100.000     15.000      0.000      0.000      0.000      0.000
   105.000     15.000      0.000      0.000      0.000      0.000
   110.000     15.000      0.000      0.000      0.000      0.000
   115.000     15.000      0.000      0.000      0.000      0.000
   120.000     15.000      0.000      0.000      0.000      0.000
   125.000     15.000      0.000      0.000      0.000      0.000
   130.000     15.000      0.000      0.000      0.000      0.000
   135.000     15.000      0.000      0.000      0.000      0.000
   140.000     15.000      0.000      0.000      0.000      0.000
   145.000     15.000      0.000      0.000      0.000      0.000
   -25.000     20.000      0.000      0.000      0.000      0.000
   -20.000     20.000      0.000      0.000      0.000      0.000
   -15.000     20.000      0.000      0.000      0.000      0.000
   -10.000     20.000      0.195     -4.710      1.115    -82.916
    -5.000     20.000      0.301     -9.146      2.335    -96.035
     0.000     20.000      0.341    -17.700      3.772   -103.208
     5.000     20.000      0.334    -30.345      5.502   -105.606
    10.000     20.000      0.307    -49.840      7.224   -105.558
    15.000     20.000      0.322    -73.182      8.319   -103.583
    20.000     20.000      0.392    -92.461      9.295   -103.073
    25.000     20.000      0.483   -104.923      9.563   -107.620
    30.000     20.000      0.582   -113.290      9.685   -115.537
    35.000     20.000      0.668   -118.832      9.052   -122.187
    40.000     20.000      0.723   -123.116      8.636   -123.489
    45.000     20.000      0.732   -127.191      7.488   -120.620
    50.000     20.000      0.714   -131.099      6.504   -119.042
    55.000     20.000      0.656   -135.276      4.922   -116.226
    60.000     20.000      0.571   -140.194      3.188   -120.670
    65.000     20.000      0.491   -144.222      2.105   -134.914
    70.000     20.000      0.398   -146.433      1.359   -152.875
    75.000     20.000      0.284   -146.764      0.872   -153.462
    80.000     20.000      0.145   -139.141      0.198   -155.826
    85.000     20.000      0.025   -114.585      0.025   -114.585
    90.000     20.000      0.000      0.000      0.000      0.000
    95.000     20.000      0.000      0.000      0.000      0.000
   100.000     20.000      0.000      0.000      0.000      0.000
   105.000     20.000      0.000      0.000      0.000      0.000
   110.000     20.000      0.000      0.000      0.000      0.000
   115.000     20.000      0.000      0.000      0.000      0.000
   120.000     20.000      0.000      0.000      0.000      0.000
   125.000     20.000      0.000      0.000      0.000      0.000
   130.000     20.000      0.000      0.000      0.000      0.000
   135.000     20.000      0.000      0.000      0.000      0.000
   140.000     20.000      0.000      0.000      0.000      0.000
   145.000     20.000      0.000      0.000      0.000      0.000
   -25.000     25.000      0.000      0.000      0.000      0.000
   -20.000     25.000      0.000      0.000      0.000      0.000
   -15.000     25.000      0.000      0.000      0.000      0.000
   -10.000     25.000      0.097      2.917      1.296   -116.406
    -5.000     25.000      0.172    -11.974      2.425   -118.022
     0.000     25.000      0.215    -27.596      3.677   -116.304
     5.000     25.000      0.243    -45.718      5.140   -113.878
    10.000     25.000      0.283    -69.908      6.716   -112.284
    15.000     25.000      0.359    -92.989      8.026   -111.383
    20.000     25.000      0.469   -108.483      9.022   -112.158
    25.000     25.000      0.592   -117.225      9.877   -115.794
    30.000     25.000      0.703   -122.339     10.364   -122.324
    35.000     25.000      0.799   -125.262      9.869   -127.472
    40.000     25.000      0.850   -127.250      9.261   -129.420
    45.000     25.000      0.837   -129.078      8.238   -126.969
    50.000     25.000      0.778   -131.844      7.078   -124.456
    55.000     25.000      0.694   -136.013      5.237   -118.855
    60.000     25.000      0.602   -142.042      3.114   -120.374
    65.000     25.000      0.520   -151.752      1.822   -133.534
    70.000     25.000      0.454   -162.574      1.262   -155.590
    75.000     25.000      0.387   -168.693      0.792   -174.898
    80.000     25.000      0.251   -168.837      0.427   -168.524
    85.000     25.000      0.068    130.697      0.068    130.697
    90.000     25.000      0.000      0.000      0.000      0.000
    95.000     25.000      0.000      0.000      0.000      0.000
   100.000     25.000      0.000      0.000      0.000      0.000
   105.000     25.000      0.000      0.000      0.000      0.000
   110.000     25.000      0.000      0.000      0.000      0.000
   115.000     25.000      0.000      0.000      0.000      0.000
   120.000     25.000      0.000      0.000      0.000      0.000
   125.000     25.000      0.000      0.000      0.000      0.000
   130.000     25.000      0.000      0.000      0.000      0.000
   135.000     25.000      0.000      0.000      0.000      0.000
   140.000     25.000      0.000      0.000      0.000      0.000
   145.000     25.000      0.000      0.000      0.000      0.000
   -25.000     30.000      0.000      0.000      0.000      0.000
   -20.000     30.000      0.000      0.000      0.000      0.000
   -15.000     30.000      0.000      0.000      0.000      0.000
   -10.000     30.000      0.051    -10.968      1.229   -148.889
    -5.000     30.000      0.083    -29.395      2.565   -142.298
     0.000     30.000      0.097    -55.803      3.865   -134.521
     5.000     30.000      0.135    -87.065      5.148   -127.573
    10.000     30.000      0.219   -109.520      6.370   -123.647
    15.000     30.000      0.344   -120.193      7.592   -122.016
    20.000     30.000      0.486   -124.809      8.482   -122.276
    25.000     30.000      0.621   -127.506      9.378   -125.192
    30.000     30.000      0.745   -128.539      9.881   -129.630
    35.000     30.000      0.844   -128.565      9.705   -133.345
    40.000     30.000      0.900   -128.636      9.124   -135.548
    45.000     30.000      0.903   -128.813      8.346   -132.868
    50.000     30.000      0.857   -129.565      7.230   -128.574
    55.000     30.000      0.751   -132.689      5.068   -123.117
    60.000     30.000      0.620   -140.156      3.133   -118.637
    65.000     30.000      0.507   -152.757      1.607   -125.878
    70.000     30.000      0.445   -169.206      0.986   -149.976
    75.000     30.000      0.405    177.851      0.731   -174.061
    80.000     30.000      0.264    160.930      0.313    159.916
    85.000     30.000      0.000      0.000      0.000      0.000
    90.000     30.000      0.000      0.000      0.000      0.000
    95.000     30.000      0.000      0.000      0.000      0.000
   100.000     30.000      0.000      0.000      0.000      0.000
   105.000     30.000      0.000      0.000      0.000      0.000
   110.000     30.000      0.000      0.000      0.000      0.000
   115.000     30.000      0.000      0.000      0.000      0.000
   120.000     30.000      0.000      0.000      0.000      0.000
   125.000     30.000      0.000      0.000      0.000      0.000
   130.000     30.000      0.000      0.000      0.000      0.000
   135.000     30.000      0.000      0.000      0.000      0.000
   140.000     30.000      0.000      0.000      0.000      0.000
   145.000     30.000      0.000      0.000      0.000      0.000
   -25.000     35.000      0.000      0.000      0.000      0.000
   -20.000     35.000      0.000      0.000      0.000      0.000
   -15.000     35.000      0.000      0.000      0.000      0.000
   -10.000     35.000      0.025    -99.883      1.360   -168.831
    -5.000     35.000      0.052   -100.366      2.609   -161.318
     0.000     35.000      0.102   -116.955      3.677   -150.651
     5.000     35.000      0.179   -128.642      4.706   -141.321
    10.000     35.000      0.281   -134.155      5.739   -135.366
    15.000     35.000      0.415   -135.783      6.763   -131.789
    20.000     35.000      0.544   -136.079      7.539   -130.710
    25.000     35.000      0.669   -135.104      7.950   -135.169
    30.000     35.000      0.793   -133.451      8.561   -138.688
    35.000     35.000      0.898   -131.723      8.804   -139.768
    40.000     35.000      0.958   -130.419      8.319   -141.727
    45.000     35.000      0.952   -129.118      7.704   -138.395
    50.000     35.000      0.877   -128.710      6.726   -132.854
    55.000     35.000      0.757   -129.842      4.840   -126.554
    60.000     35.000      0.598   -134.045      2.839   -118.560
    65.000     35.000      0.440   -144.410      1.219   -123.702
    70.000     35.000      0.349   -164.573      0.581   -153.433
    75.000     35.000      0.343   -176.266      0.538    178.428
    80.000     35.000      0.234   -173.031      0.282   -172.794
    85.000     35.000      0.000      0.000      0.000      0.000
    90.000     35.000      0.000      0.000      0.000      0.000
    95.000     35.000      0.000      0.000      0.000      0.000
   100.000     35.000      0.000      0.000      0.000      0.000
   105.000     35.000      0.000      0.000      0.000      0.000
   110.000     35.000      0.000      0.000      0.000      0.000
   115.000     35.000      0.000      0.000      0.000      0.000
   120.000     35.000      0.000      0.000      0.000      0.000
   125.000     35.000      0.000      0.000      0.000      0.000
   130.000     35.000      0.000      0.000      0.000      0.000
   135.000     35.000      0.000      0.000      0.000      0.000
   140.000     35.000      0.000      0.000      0.000      0.000
   145.000     35.000      0.000      0.000      0.000      0.000
   -25.000     40.000      0.000      0.000      0.000      0.000
   -20.000     40.000      0.000      0.000      0.000      0.000
   -15.000     40.000      0.000      0.000      0.000      0.000
   -10.000     40.000      0.036   -143.366      1.549   -178.060
    -5.000     40.000      0.084   -137.396      2.633   -173.434
     0.000     40.000      0.143   -138.168      3.289   -165.981
     5.000     40.000      0.216   -137.309      3.905   -156.086
    10.000     40.000      0.314   -138.143      4.675   -147.938
    15.000     40.000      0.428   -140.607      5.428   -142.148
    20.000     40.000      0.556   -141.807      6.000   -141.564
    25.000     40.000      0.682   -141.494      6.409   -145.663
    30.000     40.000      0.798   -140.144      6.887   -147.888
    35.000     40.000      0.888   -138.127      7.201   -147.465
    40.000     40.000      0.947   -135.785      6.946   -147.734
    45.000     40.000      0.945   -133.122      6.520   -143.187
    50.000     40.000      0.877   -129.915      5.795   -137.153
    55.000     40.000      0.740   -127.003      4.195   -130.523
    60.000     40.000      0.543   -126.092      2.263   -122.011
    65.000     40.000      0.328   -128.454      0.789   -120.830
    70.000     40.000      0.156   -143.410      0.182   -153.027
    75.000     40.000      0.114   -159.902      0.126   -160.225
    80.000     40.000      0.058   -161.847      0.058   -161.847
    85.000     40.000      0.000      0.000      0.000      0.000
    90.000     40.000      0.000      0.000      0.000      0.000
    95.000     40.000      0.000      0.000      0.000      0.000
   100.000     40.000      0.000      0.000      0.000      0.000
   105.000     40.000      0.000      0.000      0.000      0.000
   110.000     40.000      0.000      0.000      0.000      0.000
   115.000     40.000      0.000      0.000      0.000      0.000
   120.000     40.000      0.000      0.000      0.000      0.000
   125.000     40.000      0.000      0.000      0.000      0.000
   130.000     40.000      0.000      0.000      0.000      0.000
   135.000     40.000      0.000      0.000      0.000      0.000
   140.000     40.000      0.000      0.000      0.000      0.000
   145.000     40.000      0.000      0.000      0.000      0.000
   -25.000     45.000      0.000      0.000      0.000      0.000
   -20.000     45.000      0.000      0.000      0.000      0.000
   -15.000     45.000      0.000      0.000      0.000      0.000
   -10.000     45.000      0.064   -114.809      1.344    168.266
    -5.000     45.000      0.114   -120.124      2.176    171.454
     0.000     45.000      0.154   -133.367      2.644   -179.830
     5.000     45.000      0.216   -143.844      3.080   -168.013
    10.000     45.000      0.298   -148.284      3.601   -159.550
    15.000     45.000      0.390   -150.916      4.000   -156.398
    20.000     45.000      0.490   -150.337      4.274   -155.919
    25.000     45.000      0.597   -148.864      4.601   -157.033
    30.000     45.000      0.699   -147.067      5.007   -156.617
    35.000     45.000      0.783   -144.517      5.290   -154.570
    40.000     45.000      0.836   -141.192      5.157   -152.289
    45.000     45.000      0.837   -137.266      5.019   -146.799
    50.000     45.000      0.775   -132.585      4.422   -140.454
    55.000     45.000      0.648   -126.360      3.151   -133.852
    60.000     45.000      0.460   -117.938      1.523   -126.052
    65.000     45.000      0.236   -101.318      0.516   -114.166
    70.000     45.000      0.079    -35.069      0.159    -38.840
    75.000     45.000      0.058     39.895      0.071     40.609
    80.000     45.000      0.000      0.000      0.000      0.000
    85.000     45.000      0.000      0.000      0.000      0.000
    90.000     45.000      0.000      0.000      0.000      0.000
    95.000     45.000      0.000      0.000      0.000      0.000
   100.000     45.000      0.000      0.000      0.000      0.000
   105.000     45.000      0.000      0.000      0.000      0.000
   110.000     45.000      0.000      0.000      0.000      0.000
   115.000     45.000      0.000      0.000      0.000      0.000
   120.000     45.000      0.000      0.000      0.000      0.000
   125.000     45.000      0.000      0.000      0.000      0.000
   130.000     45.000      0.000      0.000      0.000      0.000
   135.000     45.000      0.000      0.000      0.000      0.000
   140.000     45.000      0.000      0.000      0.000      0.000
   145.000     45.000      0.000      0.000      0.000      0.000
   -25.000     50.000      0.000      0.000      0.000      0.000
   -20.000     50.000      0.000      0.000      0.000      0.000
   -15.000     50.000      0.000      0.000      0.000      0.000
   -10.000     50.000      0.080   -107.819      0.997    147.224
    -5.000     50.000      0.100   -117.802      1.627    154.224
     0.000     50.000      0.123   -133.816      1.899    167.331
     5.000     50.000      0.162   -148.241      2.080    178.973
    10.000     50.000      0.216   -155.174      2.272   -173.288
    15.000     50.000      0.285   -156.802      2.452   -168.918
    20.000     50.000      0.363   -155.288      2.708   -169.148
    25.000     50.000      0.450   -152.990      3.033   -167.725
    30.000     50.000      0.530   -150.674      3.232   -169.364
    35.000     50.000      0.594   -147.156      3.442   -163.028
    40.000     50.000      0.628   -143.103      3.473   -154.798
    45.000     50.000      0.632   -138.805      3.335   -148.432
    50.000     50.000      0.594   -134.250      2.855   -140.624
    55.000     50.000      0.497   -128.761      1.878   -134.182
    60.000     50.000      0.342   -120.880      1.133   -120.576
    65.000     50.000      0.144   -102.374      0.416   -105.791
    70.000     50.000      0.082     35.080      0.101     36.049
    75.000     50.000      0.030     36.851      0.030     36.851
    80.000     50.000      0.000      0.000      0.000      0.000
    85.000     50.000      0.000      0.000      0.000      0.000
    90.000     50.000      0.000      0.000      0.000      0.000
    95.000     50.000      0.000      0.000      0.000      0.000
   100.000     50.000      0.000      0.000      0.000      0.000
   105.000     50.000      0.000      0.000      0.000      0.000
   110.000     50.000      0.000      0.000      0.000      0.000
   115.000     50.000      0.000      0.000      0.000      0.000
   120.000     50.000      0.000      0.000      0.000      0.000
   125.000     50.000      0.000      0.000      0.000      0.000
   130.000     50.000      0.000      0.000      0.000      0.000
   135.000     50.000      0.000      0.000      0.000      0.000
   140.000     50.000      0.000      0.000      0.000      0.000
   145.000     50.000      0.000      0.000      0.000      0.000
   -25.000     55.000      0.000      0.000      0.000      0.000
   -20.000     55.000      0.000      0.000      0.000      0.000
   -15.000     55.000      0.000      0.000      0.000      0.000
   -10.000     55.000      0.018    165.198      0.498    140.706
    -5.000     55.000      0.041   -158.882      0.934    148.901
     0.000     55.000      0.064   -152.977      1.020    159.510
     5.000     55.000      0.094   -154.370      1.042    168.808
    10.000     55.000      0.131   -153.813      1.119    175.796
    15.000     55.000      0.171   -151.628      1.117   -178.396
    20.000     55.000      0.210   -149.056      1.215   -176.599
    25.000     55.000      0.248   -147.379      1.439   -174.818
    30.000     55.000      0.280   -145.097      1.639   -177.933
    35.000     55.000      0.311   -143.544      1.704   -170.336
    40.000     55.000      0.331   -143.395      1.744   -157.017
    45.000     55.000      0.334   -142.888      1.682   -149.659
    50.000     55.000      0.323   -141.667      1.331   -139.224
    55.000     55.000      0.292   -136.085      1.007   -134.752
    60.000     55.000      0.221   -126.566      0.630   -121.763
    65.000     55.000      0.123   -108.973      0.160   -107.959
    70.000     55.000      0.047     88.029      0.047     88.029
    75.000     55.000      0.000      0.000      0.000      0.000
    80.000     55.000      0.000      0.000      0.000      0.000
    85.000     55.000      0.000      0.000      0.000      0.000
    90.000     55.000      0.000      0.000      0.000      0.000
    95.000     55.000      0.000      0.000      0.000      0.000
   100.000     55.000      0.000      0.000      0.000      0.000
   105.000     55.000      0.000      0.000      0.000      0.000
   110.000     55.000      0.000      0.000      0.000      0.000
   115.000     55.000      0.000      0.000      0.000      0.000
   120.000     55.000      0.000      0.000      0.000      0.000
   125.000     55.000      0.000      0.000      0.000      0.000
   130.000     55.000      0.000      0.000      0.000      0.000
   135.000     55.000      0.000      0.000      0.000      0.000
   140.000     55.000      0.000      0.000      0.000      0.000
   145.000     55.000      0.000      0.000      0.000      0.000
   -25.000     60.000      0.000      0.000      0.000      0.000
   -20.000     60.000      0.000      0.000      0.000      0.000
   -15.000     60.000      0.000      0.000      0.000      0.000
   -10.000     60.000      0.000      0.000      0.000      0.000
    -5.000     60.000      0.000      0.000      0.000      0.000
     0.000     60.000      0.000      0.000      0.000      0.000
     5.000     60.000      0.000      0.000      0.000      0.000
    10.000     60.000      0.000      0.000      0.000      0.000
    15.000     60.000      0.000      0.000      0.000      0.000
    20.000     60.000      0.000      0.000      0.000      0.000
    25.000     60.000      0.000      0.000      0.000      0.000
    30.000     60.000      0.000      0.000      0.000      0.000
    35.000     60.000      0.000      0.000      0.000      0.000
    40.000     60.000      0.000      0.000      0.000      0.000
    45.000     60.000      0.000      0.000      0.000      0.000
    50.000     60.000      0.000      0.000      0.000      0.000
    55.000     60.000      0.000      0.000      0.000      0.000
    60.000     60.000      0.000      0.000      0.000      0.000
    65.000     60.000      0.000      0.000      0.000      0.000
    70.000     60.000      0.000      0.000      0.000      0.000
    75.000     60.000      0.000      0.000      0.000      0.000
    80.000     60.000      0.000      0.000      0.000      0.000
    85.000     60.000      0.000      0.000      0.000      0.000
    90.000     60.000      0.000      0.000      0.000      0.000
    95.000     60.000      0.000      0.000      0.000      0.000
   100.000     60.000      0.000      0.000      0.000      0.000
   105.000     60.000      0.000      0.000      0.000      0.000
   110.000     60.000      0.000      0.000      0.000      0.000
   115.000     60.000      0.000      0.000      0.000      0.000
   120.000     60.000      0.000      0.000      0.000      0.000
   125.000     60.000      0.000      0.000      0.000      0.000
   130.000     60.000      0.000      0.000      0.000      0.000
   135.000     60.000      0.000      0.000      0.000      0.000
   140.000     60.000      0.000      0.000      0.000      0.000
   145.000     60.000      0.000      0.000      0.000      0.000
   -25.000     65.000      0.000      0.000      0.000      0.000
   -20.000     65.000      0.000      0.000      0.000      0.000
   -15.000     65.000      0.000      0.000      0.000      0.000
   -10.000     65.000      0.000      0.000      0.000      0.000
    -5.000     65.000      0.000      0.000      0.000      0.000
     0.000     65.000      0.000      0.000      0.000      0.000
     5.000     65.000      0.000      0.000      0.000      0.000
    10.000     65.000      0.000      0.000      0.000      0.000
    15.000     65.000      0.000      0.000      0.000      0.000
    20.000     65.000      0.000      0.000      0.000      0.000
    25.000     65.000      0.000      0.000      0.000      0.000
    30.000     65.000      0.000      0.000      0.000      0.000
    35.000     65.000      0.000      0.000      0.000      0.000
    40.000     65.000      0.000      0.000      0.000      0.000
    45.000     65.000      0.000      0.000      0.000      0.000
    50.000     65.000      0.000      0.000      0.000      0.000
    55.000     65.000      0.000      0.000      0.000      0.000
    60.000     65.000      0.000      0.000      0.000      0.000
    65.000     65.000      0.000      0.000      0.000      0.000
    70.000     65.000      0.000      0.000      0.000      0.000
    75.000     65.000      0.000      0.000      0.000      0.000
    80.000     65.000      0.000      0.000      0.000      0.000
    85.000     65.000      0.000      0.000      0.000      0.000
    90.000     65.000      0.000      0.000      0.000      0.000
    95.000     65.000      0.000      0.000      0.000      0.000
   100.000     65.000      0.000      0.000      0.000      0.000
   105.000     65.000      0.000      0.000      0.000      0.000
   110.000     65.000      0.000      0.000      0.000      0.000
   115.000     65.000      0.000      0.000      0.000      0.000
   120.000     65.000      0.000      0.000      0.000      0.000
   125.000     65.000      0.000      0.000      0.000      0.000
   130.000     65.000      0.000      0.000      0.000      0.000
   135.000     65.000      0.000      0.000      0.000      0.000
   140.000     65.000      0.000      0.000      0.000      0.000
   145.000     65.000      0.000      0.000      0.000      0.000
   -25.000     70.000      0.000      0.000      0.000      0.000
   -20.000     70.000      0.000      0.000      0.000      0.000
   -15.000     70.000      0.000      0.000      0.000      0.000
   -10.000     70.000      0.000      0.000      0.000      0.000
    -5.000     70.000      0.000      0.000      0.000      0.000
     0.000     70.000      0.000      0.000      0.000      0.000
     5.000     70.000      0.000      0.000      0.000      0.000
    10.000     70.000      0.000      0.000      0.000      0.000
    15.000     70.000      0.000      0.000      0.000      0.000
    20.000     70.000      0.000      0.000      0.000      0.000
    25.000     70.000      0.000      0.000      0.000      0.000
    30.000     70.000      0.000      0.000      0.000      0.000
    35.000     70.000      0.000      0.000      0.000      0.000
    40.000     70.000      0.000      0.000      0.000      0.000
    45.000     70.000      0.000      0.000      0.000      0.000
    50.000     70.000      0.000      0.000      0.000      0.000
    55.000     70.000      0.000      0.000      0.000      0.000
    60.000     70.000      0.000      0.000      0.000      0.000
    65.000     70.000      0.000      0.000      0.000      0.000
    70.000     70.000      0.000      0.000      0.000      0.000
    75.000     70.000      0.000      0.000      0.000      0.000
    80.000     70.000      0.000      0.000      0.000      0.000
    85.000     70.000      0.000      0.000      0.000      0.000
    90.000     70.000      0.000      0.000      0.000      0.000
    95.000     70.000      0.000      0.000      0.000      0.000
   100.000     70.000      0.000      0.000      0.000      0.000
   105.000     70.000      0.000      0.000      0.000      0.000
   110.000     70.000      0.000      0.000      0.000      0.000
   115.000     70.000      0.000      0.000      0.000      0.000
   120.000     70.000      0.000      0.000      0.000      0.000
   125.000     70.000      0.000      0.000      0.000      0.000
   130.000     70.000      0.000      0.000      0.000      0.000
   135.000     70.000      0.000      0.000      0.000      0.000
   140.000     70.000      0.000      0.000      0.000      0.000
   145.000     70.000      0.000      0.000      0.000      0.000
