   -25.000    -20.000      0.000      0.000      0.000      0.000
   -20.000    -20.000      0.000      0.000      0.000      0.000
   -15.000    -20.000      0.000      0.000      0.000      0.000
   -10.000    -20.000      0.000      0.000      0.000      0.000
    -5.000    -20.000      0.000      0.000      0.000      0.000
     0.000    -20.000      0.000      0.000      0.000      0.000
     5.000    -20.000      0.000      0.000      0.000      0.000
    10.000    -20.000      0.000      0.000      0.000      0.000
    15.000    -20.000      0.000      0.000      0.000      0.000
    20.000    -20.000      0.000      0.000      0.000      0.000
    25.000    -20.000      0.000      0.000      0.000      0.000
    30.000    -20.000      0.000      0.000      0.000      0.000
    35.000    -20.000      0.000      0.000      0.000      0.000
    40.000    -20.000      0.000      0.000      0.000      0.000
    45.000    -20.000      0.000      0.000      0.000      0.000
    50.000    -20.000      0.000      0.000      0.000      0.000
    55.000    -20.000      0.000      0.000      0.000      0.000
    60.000    -20.000      0.000      0.000      0.000      0.000
    65.000    -20.000      0.000      0.000      0.000      0.000
    70.000    -20.000      0.000      0.000      0.000      0.000
    75.000    -20.000      0.000      0.000      0.000      0.000
    80.000    -20.000      0.000      0.000      0.000      0.000
    85.000    -20.000      0.000      0.000      0.000      0.000
    90.000    -20.000      0.000      0.000      0.000      0.000
    95.000    -20.000      0.000      0.000      0.000      0.000
   100.000    -20.000      0.000      0.000      0.000      0.000
   105.000    -20.000      0.000      0.000      0.000      0.000
   110.000    -20.000      0.000      0.000      0.000      0.000
   115.000    -20.000      0.000      0.000      0.000      0.000
   120.000    -20.000      0.000      0.000      0.000      0.000
   125.000    -20.000      0.000      0.000      0.000      0.000
   130.000    -20.000      0.000      0.000      0.000      0.000
   135.000    -20.000      0.000      0.000      0.000      0.000
   140.000    -20.000      0.000      0.000      0.000      0.000
   145.000    -20.000      0.000      0.000      0.000      0.000
   -25.000    -15.000      0.000      0.000      0.000      0.000
   -20.000    -15.000      0.000      0.000      0.000      0.000
   -15.000    -15.000      0.000      0.000      0.000      0.000
   -10.000    -15.000      0.000      0.000      0.000      0.000
    -5.000    -15.000      0.000      0.000      0.000      0.000
     0.000    -15.000      0.000      0.000      0.000      0.000
     5.000    -15.000      0.000      0.000      0.000      0.000
    10.000    -15.000      0.000      0.000      0.000      0.000
    15.000    -15.000      0.000      0.000      0.000      0.000
    20.000    -15.000      0.000      0.000      0.000      0.000
    25.000    -15.000      0.000      0.000      0.000      0.000
    30.000    -15.000      0.000      0.000      0.000      0.000
    35.000    -15.000      0.000      0.000      0.000      0.000
    40.000    -15.000      0.000      0.000      0.000      0.000
    45.000    -15.000      0.000      0.000      0.000      0.000
    50.000    -15.000      0.000      0.000      0.000      0.000
    55.000    -15.000      0.000      0.000      0.000      0.000
    60.000    -15.000      0.000      0.000      0.000      0.000
    65.000    -15.000      0.000      0.000      0.000      0.000
    70.000    -15.000      0.000      0.000      0.000      0.000
    75.000    -15.000      0.000      0.000      0.000      0.000
    80.000    -15.000      0.000      0.000      0.000      0.000
    85.000    -15.000      0.000      0.000      0.000      0.000
    90.000    -15.000      0.000      0.000      0.000      0.000
    95.000    -15.000      0.000      0.000      0.000      0.000
   100.000    -15.000      0.000      0.000      0.000      0.000
   105.000    -15.000      0.000      0.000      0.000      0.000
   110.000    -15.000      0.000      0.000      0.000      0.000
   115.000    -15.000      0.000      0.000      0.000      0.000
   120.000    -15.000      0.000      0.000      0.000      0.000
   125.000    -15.000      0.000      0.000      0.000      0.000
   130.000    -15.000      0.000      0.000      0.000      0.000
   135.000    -15.000      0.000      0.000      0.000      0.000
   140.000    -15.000      0.000      0.000      0.000      0.000
   145.000    -15.000      0.000      0.000      0.000      0.000
   -25.000    -10.000      0.000      0.000      0.000      0.000
   -20.000    -10.000      0.000      0.000      0.000      0.000
   -15.000    -10.000      0.000      0.000      0.000      0.000
   -10.000    -10.000      0.000      0.000      0.000      0.000
    -5.000    -10.000      0.000      0.000      0.000      0.000
     0.000    -10.000      0.000      0.000      0.000      0.000
     5.000    -10.000      0.000      0.000      0.000      0.000
    10.000    -10.000      0.000      0.000      0.000      0.000
    15.000    -10.000      0.000      0.000      0.000      0.000
    20.000    -10.000      0.000      0.000      0.000      0.000
    25.000    -10.000      0.000      0.000      0.000      0.000
    30.000    -10.000      0.000      0.000      0.000      0.000
    35.000    -10.000      0.000      0.000      0.000      0.000
    40.000    -10.000      0.000      0.000      0.000      0.000
    45.000    -10.000      0.000      0.000      0.000      0.000
    50.000    -10.000      0.000      0.000      0.000      0.000
    55.000    -10.000      0.000      0.000      0.000      0.000
    60.000    -10.000      0.000      0.000      0.000      0.000
    65.000    -10.000      0.000      0.000      0.000      0.000
    70.000    -10.000      0.000      0.000      0.000      0.000
    75.000    -10.000      0.000      0.000      0.000      0.000
    80.000    -10.000      0.000      0.000      0.000      0.000
    85.000    -10.000      0.000      0.000      0.000      0.000
    90.000    -10.000      0.000      0.000      0.000      0.000
    95.000    -10.000      0.000      0.000      0.000      0.000
   100.000    -10.000      0.000      0.000      0.000      0.000
   105.000    -10.000      0.000      0.000      0.000      0.000
   110.000    -10.000      0.000      0.000      0.000      0.000
   115.000    -10.000      0.000      0.000      0.000      0.000
   120.000    -10.000      0.000      0.000      0.000      0.000
   125.000    -10.000      0.000      0.000      0.000      0.000
   130.000    -10.000      0.000      0.000      0.000      0.000
   135.000    -10.000      0.000      0.000      0.000      0.000
   140.000    -10.000      0.000      0.000      0.000      0.000
   145.000    -10.000      0.000      0.000      0.000      0.000
   -25.000     -5.000      0.000      0.000      0.000      0.000
   -20.000     -5.000      0.000      0.000      0.000      0.000
   -15.000     -5.000      0.000      0.000      0.000      0.000
   -10.000     -5.000      0.000      0.000      1.090     34.774
    -5.000     -5.000      0.000      0.000      1.379     12.250
     0.000     -5.000      0.000      0.000      1.692     -8.913
     5.000     -5.000      0.000      0.000      1.956    -19.796
    10.000     -5.000      0.000      0.000      2.216    -23.959
    15.000     -5.000      0.000      0.000      2.373    -36.152
    20.000     -5.000      0.000      0.000      2.608    -32.665
    25.000     -5.000      0.000      0.000      2.886    -42.095
    30.000     -5.000      0.000      0.000      2.936    -49.669
    35.000     -5.000      0.000      0.000      3.248    -67.685
    40.000     -5.000      0.000      0.000      4.070    -74.718
    45.000     -5.000      0.000      0.000      3.802    -70.039
    50.000     -5.000      0.000      0.000      3.437    -63.515
    55.000     -5.000      0.000      0.000      3.613    -65.090
    60.000     -5.000      0.000      0.000      3.496    -66.608
    65.000     -5.000      0.000      0.000      3.543    -67.445
    70.000     -5.000      0.033    121.515      3.206    -57.174
    75.000     -5.000      0.021   -135.860      3.052    -48.560
    80.000     -5.000      0.041   -106.575      3.153    -47.507
    85.000     -5.000      0.053    -95.770      3.264    -47.525
    90.000     -5.000      0.048    -83.526      3.279    -40.885
    95.000     -5.000      0.029    -61.530      3.263    -28.773
   100.000     -5.000      0.019     23.710      3.127    -20.074
   105.000     -5.000      0.055     64.920      3.049    -20.671
   110.000     -5.000      0.082     70.583      2.601    -20.468
   115.000     -5.000      0.077     73.654      1.987     -6.317
   120.000     -5.000      0.044     85.804      1.515     10.272
   125.000     -5.000      0.019   -173.599      0.843     11.425
   130.000     -5.000      0.032   -134.356      0.394      3.612
   135.000     -5.000      0.000      0.000      0.000      0.000
   140.000     -5.000      0.000      0.000      0.000      0.000
   145.000     -5.000      0.000      0.000      0.000      0.000
   -25.000      0.000      0.000      0.000      0.000      0.000
   -20.000      0.000      0.000      0.000      0.000      0.000
   -15.000      0.000      0.000      0.000      0.000      0.000
   -10.000      0.000      0.000      0.000      1.509     19.774
    -5.000      0.000      0.000      0.000      2.143     -9.653
     0.000      0.000      0.000      0.000      3.007    -26.000
     5.000      0.000      0.000      0.000      3.726    -35.931
    10.000      0.000      0.000      0.000      3.919    -42.058
    15.000      0.000      0.000      0.000      4.347    -46.151
    20.000      0.000      0.000      0.000      4.764    -47.365
    25.000      0.000      0.000      0.000      5.269    -54.546
    30.000      0.000      0.000      0.000      5.551    -63.809
    35.000      0.000      0.000      0.000      6.363    -73.845
    40.000      0.000      0.000      0.000      7.366    -78.942
    45.000      0.000      0.000      0.000      7.248    -77.132
    50.000      0.000      0.000      0.000      6.812    -71.313
    55.000      0.000      0.000      0.000      6.740    -68.765
    60.000      0.000      0.000      0.000      6.712    -68.451
    65.000      0.000      0.000      0.000      6.287    -67.547
    70.000      0.000      0.017   -129.706      5.732    -58.524
    75.000      0.000      0.052   -110.467      5.598    -50.387
    80.000      0.000      0.065    -97.067      5.973    -48.372
    85.000      0.000      0.062    -77.212      6.125    -45.018
    90.000      0.000      0.051    -40.013      5.941    -38.011
    95.000      0.000      0.061     -0.941      5.980    -27.832
   100.000      0.000      0.084     27.124      6.013    -22.409
   105.000      0.000      0.105     46.246      5.597    -20.377
   110.000      0.000      0.113     64.262      4.626    -17.036
   115.000      0.000      0.101     79.848      3.485     -3.471
   120.000      0.000      0.080    100.453      2.631     12.653
   125.000      0.000      0.055    133.580      1.738     20.252
   130.000      0.000      0.041    170.725      0.845     34.288
   135.000      0.000      0.000      0.000      0.000      0.000
   140.000      0.000      0.000      0.000      0.000      0.000
   145.000      0.000      0.000      0.000      0.000      0.000
   -25.000      5.000      0.000      0.000      0.000      0.000
   -20.000      5.000      0.000      0.000      0.000      0.000
   -15.000      5.000      0.000      0.000      0.000      0.000
   -10.000      5.000      0.000      0.000      1.618     -8.513
    -5.000      5.000      0.000      0.000      2.868    -20.133
     0.000      5.000      0.000      0.000      3.764    -38.411
     5.000      5.000      0.000      0.000      4.981    -54.566
    10.000      5.000      0.000      0.000      5.978    -60.601
    15.000      5.000      0.000      0.000      6.968    -63.755
    20.000      5.000      0.000      0.000      7.493    -65.064
    25.000      5.000      0.000      0.000      7.585    -67.821
    30.000      5.000      0.000      0.000      8.006    -75.943
    35.000      5.000      0.000      0.000      9.035    -81.816
    40.000      5.000      0.000      0.000      9.865    -84.374
    45.000      5.000      0.000      0.000     10.370    -84.329
    50.000      5.000      0.000      0.000      9.486    -78.657
    55.000      5.000      0.000      0.000      8.973    -74.513
    60.000      5.000      0.000      0.000      8.683    -71.905
    65.000      5.000      0.000      0.000      7.912    -68.038
    70.000      5.000      0.025   -101.660      7.392    -60.713
    75.000      5.000      0.028    -80.099      7.335    -52.546
    80.000      5.000      0.034    -31.087      7.512    -46.127
    85.000      5.000      0.061     -8.160      7.656    -39.818
    90.000      5.000      0.090      5.999      7.529    -34.773
    95.000      5.000      0.114     14.844      7.522    -25.661
   100.000      5.000      0.127     20.805      7.766    -22.546
   105.000      5.000      0.116     25.050      7.226    -19.063
   110.000      5.000      0.092     39.704      5.945    -12.327
   115.000      5.000      0.077     70.960      4.595      1.155
   120.000      5.000      0.083    102.729      3.544     13.771
   125.000      5.000      0.082    126.166      2.436     23.695
   130.000      5.000      0.063    145.645      1.255     41.340
   135.000      5.000      0.000      0.000      0.000      0.000
   140.000      5.000      0.000      0.000      0.000      0.000
   145.000      5.000      0.000      0.000      0.000      0.000
   -25.000     10.000      0.000      0.000      0.000      0.000
   -20.000     10.000      0.000      0.000      0.000      0.000
   -15.000     10.000      0.000      0.000      0.000      0.000
   -10.000     10.000      0.000      0.000      1.712    -32.385
    -5.000     10.000      0.000      0.000      3.112    -40.405
     0.000     10.000      0.000      0.000      4.518    -56.481
     5.000     10.000      0.000      0.000      6.198    -68.756
    10.000     10.000      0.000      0.000      7.229    -73.479
    15.000     10.000      0.000      0.000      8.354    -75.056
    20.000     10.000      0.000      0.000      9.448    -77.978
    25.000     10.000      0.000      0.000      9.471    -79.558
    30.000     10.000      0.000      0.000     10.246    -86.669
    35.000     10.000      0.000      0.000     10.957    -90.302
    40.000     10.000      0.000      0.000     11.700    -90.558
    45.000     10.000      0.000      0.000     12.085    -89.352
    50.000     10.000      0.000      0.000     11.505    -85.258
    55.000     10.000      0.000      0.000     10.355    -80.463
    60.000     10.000      0.000      0.000      9.496    -76.382
    65.000     10.000      0.000      0.000      8.554    -70.911
    70.000     10.000      0.023     -3.199      7.937    -63.344
    75.000     10.000      0.050     16.708      8.038    -54.282
    80.000     10.000      0.078     18.470      8.149    -44.880
    85.000     10.000      0.101     11.389      8.257    -37.148
    90.000     10.000      0.119      6.277      8.311    -31.842
    95.000     10.000      0.123      0.945      8.277    -24.730
   100.000     10.000      0.123     -8.027      8.356    -22.030
   105.000     10.000      0.116    -17.482      7.832    -17.400
   110.000     10.000      0.087    -24.015      6.629     -7.319
   115.000     10.000      0.040    -38.678      5.430      7.271
   120.000     10.000      0.004   -135.099      4.264     16.878
   125.000     10.000      0.021    121.108      3.108     32.704
   130.000     10.000      0.018    116.997      1.724     39.009
   135.000     10.000      0.000      0.000      0.000      0.000
   140.000     10.000      0.000      0.000      0.000      0.000
   145.000     10.000      0.000      0.000      0.000      0.000
   -25.000     15.000      0.000      0.000      0.000      0.000
   -20.000     15.000      0.000      0.000      0.000      0.000
   -15.000     15.000      0.000      0.000      0.000      0.000
   -10.000     15.000      0.000      0.000      1.498    -47.725
    -5.000     15.000      0.000      0.000      3.005    -57.465
     0.000     15.000      0.000      0.000      4.491    -73.856
     5.000     15.000      0.000      0.000      6.224    -83.258
    10.000     15.000      0.000      0.000      7.875    -84.964
    15.000     15.000      0.000      0.000      9.388    -85.285
    20.000     15.000      0.000      0.000     11.016    -86.332
    25.000     15.000      0.000      0.000     11.643    -89.669
    30.000     15.000      0.000      0.000     12.397    -95.076
    35.000     15.000      0.000      0.000     12.484    -98.792
    40.000     15.000      0.000      0.000     12.913    -98.595
    45.000     15.000      0.000      0.000     12.698    -95.800
    50.000     15.000      0.000      0.000     12.085    -92.929
    55.000     15.000      0.000      0.000     10.714    -87.830
    60.000     15.000      0.000      0.000      9.307    -82.213
    65.000     15.000      0.000      0.000      8.242    -76.746
    70.000     15.000      0.025    -72.752      7.383    -67.557
    75.000     15.000      0.052    -14.417      7.461    -56.125
    80.000     15.000      0.090     -9.369      7.668    -42.348
    85.000     15.000      0.116    -15.063      7.873    -34.522
    90.000     15.000      0.135    -20.459      8.170    -29.010
    95.000     15.000      0.138    -22.183      8.262    -25.365
   100.000     15.000      0.131    -27.360      7.915    -20.899
   105.000     15.000      0.145    -29.743      7.245    -11.915
   110.000     15.000      0.158    -30.683      6.723      1.707
   115.000     15.000      0.132    -30.611      5.951     13.912
   120.000     15.000      0.083    -25.231      4.805     22.123
   125.000     15.000      0.030    -23.035      3.492     33.712
   130.000     15.000      0.007    150.653      1.845     39.872
   135.000     15.000      0.000      0.000      0.000      0.000
   140.000     15.000      0.000      0.000      0.000      0.000
   145.000     15.000      0.000      0.000      0.000      0.000
   -25.000     20.000      0.000      0.000      0.000      0.000
   -20.000     20.000      0.000      0.000      0.000      0.000
   -15.000     20.000      0.000      0.000      0.000      0.000
   -10.000     20.000      0.000      0.000      1.239    -77.739
    -5.000     20.000      0.000      0.000      2.525    -85.050
     0.000     20.000      0.000      0.000      3.950    -91.680
     5.000     20.000      0.000      0.000      5.819    -95.167
    10.000     20.000      0.000      0.000      7.948    -95.960
    15.000     20.000      0.000      0.000      9.516    -94.634
    20.000     20.000      0.000      0.000     11.487    -94.663
    25.000     20.000      0.000      0.000     12.658    -98.402
    30.000     20.000      0.000      0.000     13.445   -104.038
    35.000     20.000      0.000      0.000     13.377   -108.080
    40.000     20.000      0.000      0.000     13.523   -108.330
    45.000     20.000      0.000      0.000     12.769   -104.917
    50.000     20.000      0.000      0.000     11.762   -101.941
    55.000     20.000      0.000      0.000     10.068    -95.939
    60.000     20.000      0.000      0.000      8.193    -88.983
    65.000     20.000      0.009    -94.018      6.941    -82.862
    70.000     20.000      0.024    -76.655      6.017    -72.408
    75.000     20.000      0.051    -49.839      5.925    -58.392
    80.000     20.000      0.084    -49.888      6.270    -41.752
    85.000     20.000      0.118    -48.866      6.763    -30.963
    90.000     20.000      0.152    -38.118      7.076    -24.077
    95.000     20.000      0.179    -28.060      7.217    -20.566
   100.000     20.000      0.193    -22.482      6.809    -12.827
   105.000     20.000      0.202    -16.110      6.286     -0.452
   110.000     20.000      0.197    -11.300      6.265     12.542
   115.000     20.000      0.167     -8.179      6.040     22.473
   120.000     20.000      0.118     -1.475      5.276     31.426
   125.000     20.000      0.067     17.265      3.816     36.071
   130.000     20.000      0.040     62.527      2.041     45.575
   135.000     20.000      0.000      0.000      0.000      0.000
   140.000     20.000      0.000      0.000      0.000      0.000
   145.000     20.000      0.000      0.000      0.000      0.000
   -25.000     25.000      0.000      0.000      0.000      0.000
   -20.000     25.000      0.000      0.000      0.000      0.000
   -15.000     25.000      0.000      0.000      0.000      0.000
   -10.000     25.000      0.000      0.000      1.590   -112.641
    -5.000     25.000      0.000      0.000      2.826   -111.942
     0.000     25.000      0.000      0.000      4.086   -108.427
     5.000     25.000      0.000      0.000      5.651   -105.790
    10.000     25.000      0.000      0.000      7.546   -104.652
    15.000     25.000      0.000      0.000      9.285   -103.611
    20.000     25.000      0.000      0.000     11.116   -104.777
    25.000     25.000      0.000      0.000     12.512   -108.721
    30.000     25.000      0.000      0.000     13.329   -114.448
    35.000     25.000      0.000      0.000     13.285   -118.596
    40.000     25.000      0.000      0.000     12.951   -119.429
    45.000     25.000      0.000      0.000     12.124   -117.041
    50.000     25.000      0.000      0.000     10.900   -114.181
    55.000     25.000      0.000      0.000      8.941   -106.842
    60.000     25.000      0.000      0.000      6.717    -98.577
    65.000     25.000      0.026    -84.481      5.260    -90.569
    70.000     25.000      0.063    -97.748      4.299    -80.064
    75.000     25.000      0.066    -80.907      3.897    -59.877
    80.000     25.000      0.094    -64.709      4.402    -40.655
    85.000     25.000      0.129    -55.949      5.231    -24.754
    90.000     25.000      0.155    -40.334      5.821    -19.834
    95.000     25.000      0.168    -24.183      5.569    -12.497
   100.000     25.000      0.176    -15.304      5.244     -0.977
   105.000     25.000      0.191    -13.027      5.219     12.773
   110.000     25.000      0.200    -16.148      5.559     22.332
   115.000     25.000      0.192    -13.762      5.645     30.777
   120.000     25.000      0.164     -7.108      5.070     33.788
   125.000     25.000      0.126      3.623      3.765     35.336
   130.000     25.000      0.079     18.764      2.144     44.566
   135.000     25.000      0.000      0.000      0.000      0.000
   140.000     25.000      0.000      0.000      0.000      0.000
   145.000     25.000      0.000      0.000      0.000      0.000
   -25.000     30.000      0.000      0.000      0.000      0.000
   -20.000     30.000      0.000      0.000      0.000      0.000
   -15.000     30.000      0.000      0.000      0.000      0.000
   -10.000     30.000      0.000      0.000      1.807   -139.069
    -5.000     30.000      0.000      0.000      3.532   -133.986
     0.000     30.000      0.000      0.000      4.939   -126.753
     5.000     30.000      0.000      0.000      6.205   -120.128
    10.000     30.000      0.000      0.000      7.473   -116.621
    15.000     30.000      0.000      0.000      8.928   -115.854
    20.000     30.000      0.000      0.000     10.250   -116.582
    25.000     30.000      0.000      0.000     11.551   -120.989
    30.000     30.000      0.000      0.000     12.261   -126.494
    35.000     30.000      0.000      0.000     12.342   -130.399
    40.000     30.000      0.000      0.000     11.903   -132.122
    45.000     30.000      0.000      0.000     11.065   -130.347
    50.000     30.000      0.000      0.000     10.019   -126.797
    55.000     30.000      0.000      0.000      7.628   -121.573
    60.000     30.000      0.000      0.000      5.353   -114.022
    65.000     30.000      0.099    -70.312      3.688   -104.640
    70.000     30.000      0.133    -75.302      2.652    -93.383
    75.000     30.000      0.122    -69.722      2.080    -67.737
    80.000     30.000      0.104    -63.353      2.588    -31.224
    85.000     30.000      0.088    -54.832      3.788    -16.052
    90.000     30.000      0.079    -31.352      4.114     -7.069
    95.000     30.000      0.092      4.449      4.009      5.956
   100.000     30.000      0.122     19.697      3.926     19.952
   105.000     30.000      0.149     18.648      4.283     29.882
   110.000     30.000      0.173      8.865      4.693     33.144
   115.000     30.000      0.201     -1.030      4.991     38.811
   120.000     30.000      0.217     -9.938      4.518     38.196
   125.000     30.000      0.209    -16.210      3.619     39.715
   130.000     30.000      0.148    -20.105      2.027     41.933
   135.000     30.000      0.000      0.000      0.000      0.000
   140.000     30.000      0.000      0.000      0.000      0.000
   145.000     30.000      0.000      0.000      0.000      0.000
   -25.000     35.000      0.000      0.000      0.000      0.000
   -20.000     35.000      0.000      0.000      0.000      0.000
   -15.000     35.000      0.000      0.000      0.000      0.000
   -10.000     35.000      0.000      0.000      2.102   -152.150
    -5.000     35.000      0.000      0.000      3.868   -147.239
     0.000     35.000      0.000      0.000      5.090   -139.708
     5.000     35.000      0.000      0.000      6.014   -133.084
    10.000     35.000      0.000      0.000      6.942   -129.603
    15.000     35.000      0.000      0.000      8.066   -127.941
    20.000     35.000      0.000      0.000      9.065   -128.890
    25.000     35.000      0.000      0.000      9.691   -135.789
    30.000     35.000      0.000      0.000     10.537   -141.224
    35.000     35.000      0.000      0.000     10.973   -143.208
    40.000     35.000      0.000      0.000     10.556   -145.513
    45.000     35.000      0.000      0.000      9.888   -143.698
    50.000     35.000      0.000      0.000      8.928   -140.606
    55.000     35.000      0.000      0.000      6.769   -138.846
    60.000     35.000      0.011    -44.709      4.327   -135.546
    65.000     35.000      0.122    -63.840      2.413   -136.179
    70.000     35.000      0.156    -66.923      1.277   -136.529
    75.000     35.000      0.146    -67.363      0.501   -117.691
    80.000     35.000      0.119    -65.476      0.923    -15.163
    85.000     35.000      0.086    -56.896      2.204      4.823
    90.000     35.000      0.062    -22.033      2.685     15.936
    95.000     35.000      0.079     23.599      2.877     30.764
   100.000     35.000      0.116     40.885      3.115     40.987
   105.000     35.000      0.147     44.148      3.484     47.504
   110.000     35.000      0.169     37.373      3.919     49.351
   115.000     35.000      0.190     29.436      4.166     48.403
   120.000     35.000      0.181     19.687      3.930     48.318
   125.000     35.000      0.142      4.901      3.098     47.862
   130.000     35.000      0.086    -17.313      1.603     47.600
   135.000     35.000      0.000      0.000      0.000      0.000
   140.000     35.000      0.000      0.000      0.000      0.000
   145.000     35.000      0.000      0.000      0.000      0.000
   -25.000     40.000      0.000      0.000      0.000      0.000
   -20.000     40.000      0.000      0.000      0.000      0.000
   -15.000     40.000      0.000      0.000      0.000      0.000
   -10.000     40.000      0.000      0.000      2.246   -163.462
    -5.000     40.000      0.000      0.000      3.840   -160.236
     0.000     40.000      0.000      0.000      4.649   -156.025
     5.000     40.000      0.000      0.000      5.163   -150.403
    10.000     40.000      0.000      0.000      5.828   -145.798
    15.000     40.000      0.000      0.000      6.605   -143.002
    20.000     40.000      0.000      0.000      7.332   -144.661
    25.000     40.000      0.000      0.000      8.173   -151.017
    30.000     40.000      0.000      0.000      8.949   -155.516
    35.000     40.000      0.000      0.000      9.336   -156.715
    40.000     40.000      0.000      0.000      9.094   -158.769
    45.000     40.000      0.000      0.000      8.696   -156.756
    50.000     40.000      0.000      0.000      7.909   -154.008
    55.000     40.000      0.000      0.000      6.129   -155.098
    60.000     40.000      0.025    -47.166      3.818   -160.723
    65.000     40.000      0.100    -55.992      2.197   -179.238
    70.000     40.000      0.132    -56.439      1.487    155.071
    75.000     40.000      0.123    -55.288      1.056    133.733
    80.000     40.000      0.092    -48.968      0.967     89.662
    85.000     40.000      0.060    -36.712      1.676     55.137
    90.000     40.000      0.045     -4.448      2.137     52.417
    95.000     40.000      0.056     30.398      2.328     55.711
   100.000     40.000      0.073     50.735      2.559     61.121
   105.000     40.000      0.097     64.060      2.994     66.516
   110.000     40.000      0.124     66.624      3.162     64.859
   115.000     40.000      0.144     64.492      3.399     61.074
   120.000     40.000      0.133     61.525      3.285     58.478
   125.000     40.000      0.106     63.290      2.668     58.875
   130.000     40.000      0.062     66.179      1.408     59.722
   135.000     40.000      0.000      0.000      0.000      0.000
   140.000     40.000      0.000      0.000      0.000      0.000
   145.000     40.000      0.000      0.000      0.000      0.000
   -25.000     45.000      0.000      0.000      0.000      0.000
   -20.000     45.000      0.000      0.000      0.000      0.000
   -15.000     45.000      0.000      0.000      0.000      0.000
   -10.000     45.000      0.000      0.000      1.898   -179.492
    -5.000     45.000      0.000      0.000      3.152   -176.575
     0.000     45.000      0.000      0.000      3.895   -171.513
     5.000     45.000      0.000      0.000      4.409   -164.659
    10.000     45.000      0.000      0.000      4.880   -159.601
    15.000     45.000      0.000      0.000      5.280   -159.045
    20.000     45.000      0.000      0.000      5.829   -162.547
    25.000     45.000      0.000      0.000      6.563   -167.345
    30.000     45.000      0.000      0.000      7.255   -169.018
    35.000     45.000      0.000      0.000      7.599   -169.786
    40.000     45.000      0.000      0.000      7.509   -169.524
    45.000     45.000      0.000      0.000      7.318   -166.844
    50.000     45.000      0.000      0.000      6.587   -164.981
    55.000     45.000      0.022   -165.114      5.245   -167.928
    60.000     45.000      0.023   -106.205      3.459    179.038
    65.000     45.000      0.047    -65.614      2.426    156.734
    70.000     45.000      0.068    -62.731      2.020    132.525
    75.000     45.000      0.078    -65.558      1.985    120.575
    80.000     45.000      0.066    -59.058      1.832    110.647
    85.000     45.000      0.037    -34.020      1.910     91.148
    90.000     45.000      0.036     37.902      2.027     81.746
    95.000     45.000      0.072     63.941      2.076     79.429
   100.000     45.000      0.112     73.458      2.328     77.976
   105.000     45.000      0.152     81.638      2.587     78.537
   110.000     45.000      0.172     88.740      2.635     77.313
   115.000     45.000      0.174     91.130      2.697     71.744
   120.000     45.000      0.167     86.340      2.737     68.243
   125.000     45.000      0.154     83.119      2.234     67.721
   130.000     45.000      0.105     86.922      1.201     68.985
   135.000     45.000      0.000      0.000      0.000      0.000
   140.000     45.000      0.000      0.000      0.000      0.000
   145.000     45.000      0.000      0.000      0.000      0.000
   -25.000     50.000      0.000      0.000      0.000      0.000
   -20.000     50.000      0.000      0.000      0.000      0.000
   -15.000     50.000      0.000      0.000      0.000      0.000
   -10.000     50.000      0.000      0.000      1.363    153.235
    -5.000     50.000      0.000      0.000      2.299    161.562
     0.000     50.000      0.000      0.000      2.857    172.935
     5.000     50.000      0.000      0.000      3.234   -178.388
    10.000     50.000      0.000      0.000      3.505   -174.254
    15.000     50.000      0.000      0.000      3.748   -173.924
    20.000     50.000      0.000      0.000      4.327   -177.822
    25.000     50.000      0.000      0.000      4.949   -179.614
    30.000     50.000      0.000      0.000      5.445    176.513
    35.000     50.000      0.000      0.000      5.671    178.486
    40.000     50.000      0.000      0.000      5.593   -177.060
    45.000     50.000      0.000      0.000      5.353   -173.373
    50.000     50.000      0.013   -165.331      4.756   -171.399
    55.000     50.000      0.062   -153.455      3.749   -176.509
    60.000     50.000      0.064   -145.128      2.712    174.453
    65.000     50.000      0.057   -123.860      2.068    150.145
    70.000     50.000      0.060   -107.373      2.084    124.708
    75.000     50.000      0.057    -99.480      1.963    120.485
    80.000     50.000      0.021    -91.783      1.863    118.225
    85.000     50.000      0.037     73.067      1.771    108.670
    90.000     50.000      0.091     78.152      1.801    101.371
    95.000     50.000      0.134     77.293      1.811     94.612
   100.000     50.000      0.164     73.131      1.812     88.521
   105.000     50.000      0.183     71.647      1.992     83.999
   110.000     50.000      0.177     77.039      1.907     81.124
   115.000     50.000      0.162     86.743      1.937     77.791
   120.000     50.000      0.152     89.282      1.952     75.470
   125.000     50.000      0.135     84.396      1.599     73.490
   130.000     50.000      0.083     79.096      0.885     72.098
   135.000     50.000      0.000      0.000      0.000      0.000
   140.000     50.000      0.000      0.000      0.000      0.000
   145.000     50.000      0.000      0.000      0.000      0.000
   -25.000     55.000      0.000      0.000      0.000      0.000
   -20.000     55.000      0.000      0.000      0.000      0.000
   -15.000     55.000      0.000      0.000      0.000      0.000
   -10.000     55.000      0.000      0.000      0.717    138.233
    -5.000     55.000      0.000      0.000      1.335    151.710
     0.000     55.000      0.000      0.000      1.615    162.540
     5.000     55.000      0.000      0.000      1.777    169.383
    10.000     55.000      0.000      0.000      1.968    173.288
    15.000     55.000      0.000      0.000      2.052    173.672
    20.000     55.000      0.000      0.000      2.304    171.207
    25.000     55.000      0.000      0.000      2.755    172.216
    30.000     55.000      0.000      0.000      3.142    167.084
    35.000     55.000      0.000      0.000      3.207    169.706
    40.000     55.000      0.000      0.000      3.067    178.253
    45.000     55.000      0.007    -15.046      2.856   -177.016
    50.000     55.000      0.038   -139.047      2.437   -174.222
    55.000     55.000      0.068   -137.677      2.077   -177.059
    60.000     55.000      0.064   -132.120      1.526    174.526
    65.000     55.000      0.048   -127.136      1.196    145.449
    70.000     55.000      0.033   -133.509      1.304    122.452
    75.000     55.000      0.021   -151.883      1.123    121.524
    80.000     55.000      0.021     94.589      1.113    123.983
    85.000     55.000      0.065     68.258      1.110    114.369
    90.000     55.000      0.084     67.311      1.113    109.663
    95.000     55.000      0.086     73.491      1.022    102.598
   100.000     55.000      0.096     75.969      1.075     94.332
   105.000     55.000      0.111     73.759      1.085     84.823
   110.000     55.000      0.107     71.328      0.979     83.760
   115.000     55.000      0.092     72.570      1.001     82.821
   120.000     55.000      0.075     72.411      1.044     78.745
   125.000     55.000      0.063     69.711      0.819     75.089
   130.000     55.000      0.036     66.535      0.434     68.453
   135.000     55.000      0.000      0.000      0.000      0.000
   140.000     55.000      0.000      0.000      0.000      0.000
   145.000     55.000      0.000      0.000      0.000      0.000
   -25.000     60.000      0.000      0.000      0.000      0.000
   -20.000     60.000      0.000      0.000      0.000      0.000
   -15.000     60.000      0.000      0.000      0.000      0.000
   -10.000     60.000      0.000      0.000      0.000      0.000
    -5.000     60.000      0.000      0.000      0.000      0.000
     0.000     60.000      0.000      0.000      0.000      0.000
     5.000     60.000      0.000      0.000      0.000      0.000
    10.000     60.000      0.000      0.000      0.000      0.000
    15.000     60.000      0.000      0.000      0.000      0.000
    20.000     60.000      0.000      0.000      0.000      0.000
    25.000     60.000      0.000      0.000      0.000      0.000
    30.000     60.000      0.000      0.000      0.000      0.000
    35.000     60.000      0.000      0.000      0.000      0.000
    40.000     60.000      0.000      0.000      0.000      0.000
    45.000     60.000      0.000      0.000      0.000      0.000
    50.000     60.000      0.000      0.000      0.000      0.000
    55.000     60.000      0.000      0.000      0.000      0.000
    60.000     60.000      0.000      0.000      0.000      0.000
    65.000     60.000      0.000      0.000      0.000      0.000
    70.000     60.000      0.000      0.000      0.000      0.000
    75.000     60.000      0.000      0.000      0.000      0.000
    80.000     60.000      0.000      0.000      0.000      0.000
    85.000     60.000      0.000      0.000      0.000      0.000
    90.000     60.000      0.000      0.000      0.000      0.000
    95.000     60.000      0.000      0.000      0.000      0.000
   100.000     60.000      0.000      0.000      0.000      0.000
   105.000     60.000      0.000      0.000      0.000      0.000
   110.000     60.000      0.000      0.000      0.000      0.000
   115.000     60.000      0.000      0.000      0.000      0.000
   120.000     60.000      0.000      0.000      0.000      0.000
   125.000     60.000      0.000      0.000      0.000      0.000
   130.000     60.000      0.000      0.000      0.000      0.000
   135.000     60.000      0.000      0.000      0.000      0.000
   140.000     60.000      0.000      0.000      0.000      0.000
   145.000     60.000      0.000      0.000      0.000      0.000
   -25.000     65.000      0.000      0.000      0.000      0.000
   -20.000     65.000      0.000      0.000      0.000      0.000
   -15.000     65.000      0.000      0.000      0.000      0.000
   -10.000     65.000      0.000      0.000      0.000      0.000
    -5.000     65.000      0.000      0.000      0.000      0.000
     0.000     65.000      0.000      0.000      0.000      0.000
     5.000     65.000      0.000      0.000      0.000      0.000
    10.000     65.000      0.000      0.000      0.000      0.000
    15.000     65.000      0.000      0.000      0.000      0.000
    20.000     65.000      0.000      0.000      0.000      0.000
    25.000     65.000      0.000      0.000      0.000      0.000
    30.000     65.000      0.000      0.000      0.000      0.000
    35.000     65.000      0.000      0.000      0.000      0.000
    40.000     65.000      0.000      0.000      0.000      0.000
    45.000     65.000      0.000      0.000      0.000      0.000
    50.000     65.000      0.000      0.000      0.000      0.000
    55.000     65.000      0.000      0.000      0.000      0.000
    60.000     65.000      0.000      0.000      0.000      0.000
    65.000     65.000      0.000      0.000      0.000      0.000
    70.000     65.000      0.000      0.000      0.000      0.000
    75.000     65.000      0.000      0.000      0.000      0.000
    80.000     65.000      0.000      0.000      0.000      0.000
    85.000     65.000      0.000      0.000      0.000      0.000
    90.000     65.000      0.000      0.000      0.000      0.000
    95.000     65.000      0.000      0.000      0.000      0.000
   100.000     65.000      0.000      0.000      0.000      0.000
   105.000     65.000      0.000      0.000      0.000      0.000
   110.000     65.000      0.000      0.000      0.000      0.000
   115.000     65.000      0.000      0.000      0.000      0.000
   120.000     65.000      0.000      0.000      0.000      0.000
   125.000     65.000      0.000      0.000      0.000      0.000
   130.000     65.000      0.000      0.000      0.000      0.000
   135.000     65.000      0.000      0.000      0.000      0.000
   140.000     65.000      0.000      0.000      0.000      0.000
   145.000     65.000      0.000      0.000      0.000      0.000
   -25.000     70.000      0.000      0.000      0.000      0.000
   -20.000     70.000      0.000      0.000      0.000      0.000
   -15.000     70.000      0.000      0.000      0.000      0.000
   -10.000     70.000      0.000      0.000      0.000      0.000
    -5.000     70.000      0.000      0.000      0.000      0.000
     0.000     70.000      0.000      0.000      0.000      0.000
     5.000     70.000      0.000      0.000      0.000      0.000
    10.000     70.000      0.000      0.000      0.000      0.000
    15.000     70.000      0.000      0.000      0.000      0.000
    20.000     70.000      0.000      0.000      0.000      0.000
    25.000     70.000      0.000      0.000      0.000      0.000
    30.000     70.000      0.000      0.000      0.000      0.000
    35.000     70.000      0.000      0.000      0.000      0.000
    40.000     70.000      0.000      0.000      0.000      0.000
    45.000     70.000      0.000      0.000      0.000      0.000
    50.000     70.000      0.000      0.000      0.000      0.000
    55.000     70.000      0.000      0.000      0.000      0.000
    60.000     70.000      0.000      0.000      0.000      0.000
    65.000     70.000      0.000      0.000      0.000      0.000
    70.000     70.000      0.000      0.000      0.000      0.000
    75.000     70.000      0.000      0.000      0.000      0.000
    80.000     70.000      0.000      0.000      0.000      0.000
    85.000     70.000      0.000      0.000      0.000      0.000
    90.000     70.000      0.000      0.000      0.000      0.000
    95.000     70.000      0.000      0.000      0.000      0.000
   100.000     70.000      0.000      0.000      0.000      0.000
   105.000     70.000      0.000      0.000      0.000      0.000
   110.000     70.000      0.000      0.000      0.000      0.000
   115.000     70.000      0.000      0.000      0.000      0.000
   120.000     70.000      0.000      0.000      0.000      0.000
   125.000     70.000      0.000      0.000      0.000      0.000
   130.000     70.000      0.000      0.000      0.000      0.000
   135.000     70.000      0.000      0.000      0.000      0.000
   140.000     70.000      0.000      0.000      0.000      0.000
   145.000     70.000      0.000      0.000      0.000      0.000
