   -25.000    -20.000      0.000      0.000      0.000      0.000
   -20.000    -20.000      0.000      0.000      0.000      0.000
   -15.000    -20.000      0.000      0.000      0.000      0.000
   -10.000    -20.000      0.000      0.000      0.000      0.000
    -5.000    -20.000      0.000      0.000      0.000      0.000
     0.000    -20.000      0.000      0.000      0.000      0.000
     5.000    -20.000      0.000      0.000      0.000      0.000
    10.000    -20.000      0.000      0.000      0.000      0.000
    15.000    -20.000      0.000      0.000      0.000      0.000
    20.000    -20.000      0.000      0.000      0.000      0.000
    25.000    -20.000      0.000      0.000      0.000      0.000
    30.000    -20.000      0.000      0.000      0.000      0.000
    35.000    -20.000      0.000      0.000      0.000      0.000
    40.000    -20.000      0.000      0.000      0.000      0.000
    45.000    -20.000      0.000      0.000      0.000      0.000
    50.000    -20.000      0.000      0.000      0.000      0.000
    55.000    -20.000      0.000      0.000      0.000      0.000
    60.000    -20.000      0.000      0.000      0.000      0.000
    65.000    -20.000      0.000      0.000      0.000      0.000
    70.000    -20.000      0.000      0.000      0.000      0.000
    75.000    -20.000      0.000      0.000      0.000      0.000
    80.000    -20.000      0.000      0.000      0.000      0.000
    85.000    -20.000      0.000      0.000      0.000      0.000
    90.000    -20.000      0.000      0.000      0.000      0.000
    95.000    -20.000      0.000      0.000      0.000      0.000
   100.000    -20.000      0.000      0.000      0.000      0.000
   105.000    -20.000      0.000      0.000      0.000      0.000
   110.000    -20.000      0.000      0.000      0.000      0.000
   115.000    -20.000      0.000      0.000      0.000      0.000
   120.000    -20.000      0.000      0.000      0.000      0.000
   125.000    -20.000      0.000      0.000      0.000      0.000
   130.000    -20.000      0.000      0.000      0.000      0.000
   135.000    -20.000      0.000      0.000      0.000      0.000
   140.000    -20.000      0.000      0.000      0.000      0.000
   145.000    -20.000      0.000      0.000      0.000      0.000
   -25.000    -15.000      0.000      0.000      0.000      0.000
   -20.000    -15.000      0.000      0.000      0.000      0.000
   -15.000    -15.000      0.000      0.000      0.000      0.000
   -10.000    -15.000      0.000      0.000      0.000      0.000
    -5.000    -15.000      0.000      0.000      0.000      0.000
     0.000    -15.000      0.000      0.000      0.000      0.000
     5.000    -15.000      0.000      0.000      0.000      0.000
    10.000    -15.000      0.000      0.000      0.000      0.000
    15.000    -15.000      0.000      0.000      0.000      0.000
    20.000    -15.000      0.000      0.000      0.000      0.000
    25.000    -15.000      0.000      0.000      0.000      0.000
    30.000    -15.000      0.000      0.000      0.000      0.000
    35.000    -15.000      0.000      0.000      0.000      0.000
    40.000    -15.000      0.000      0.000      0.000      0.000
    45.000    -15.000      0.000      0.000      0.000      0.000
    50.000    -15.000      0.000      0.000      0.000      0.000
    55.000    -15.000      0.000      0.000      0.000      0.000
    60.000    -15.000      0.000      0.000      0.000      0.000
    65.000    -15.000      0.000      0.000      0.000      0.000
    70.000    -15.000      0.000      0.000      0.000      0.000
    75.000    -15.000      0.000      0.000      0.000      0.000
    80.000    -15.000      0.000      0.000      0.000      0.000
    85.000    -15.000      0.000      0.000      0.000      0.000
    90.000    -15.000      0.000      0.000      0.000      0.000
    95.000    -15.000      0.000      0.000      0.000      0.000
   100.000    -15.000      0.000      0.000      0.000      0.000
   105.000    -15.000      0.000      0.000      0.000      0.000
   110.000    -15.000      0.000      0.000      0.000      0.000
   115.000    -15.000      0.000      0.000      0.000      0.000
   120.000    -15.000      0.000      0.000      0.000      0.000
   125.000    -15.000      0.000      0.000      0.000      0.000
   130.000    -15.000      0.000      0.000      0.000      0.000
   135.000    -15.000      0.000      0.000      0.000      0.000
   140.000    -15.000      0.000      0.000      0.000      0.000
   145.000    -15.000      0.000      0.000      0.000      0.000
   -25.000    -10.000      0.000      0.000      0.000      0.000
   -20.000    -10.000      0.000      0.000      0.000      0.000
   -15.000    -10.000      0.000      0.000      0.000      0.000
   -10.000    -10.000      0.000      0.000      0.000      0.000
    -5.000    -10.000      0.000      0.000      0.000      0.000
     0.000    -10.000      0.000      0.000      0.000      0.000
     5.000    -10.000      0.000      0.000      0.000      0.000
    10.000    -10.000      0.000      0.000      0.000      0.000
    15.000    -10.000      0.000      0.000      0.000      0.000
    20.000    -10.000      0.000      0.000      0.000      0.000
    25.000    -10.000      0.000      0.000      0.000      0.000
    30.000    -10.000      0.000      0.000      0.000      0.000
    35.000    -10.000      0.000      0.000      0.000      0.000
    40.000    -10.000      0.000      0.000      0.000      0.000
    45.000    -10.000      0.000      0.000      0.000      0.000
    50.000    -10.000      0.000      0.000      0.000      0.000
    55.000    -10.000      0.000      0.000      0.000      0.000
    60.000    -10.000      0.000      0.000      0.000      0.000
    65.000    -10.000      0.000      0.000      0.000      0.000
    70.000    -10.000      0.000      0.000      0.000      0.000
    75.000    -10.000      0.000      0.000      0.000      0.000
    80.000    -10.000      0.000      0.000      0.000      0.000
    85.000    -10.000      0.000      0.000      0.000      0.000
    90.000    -10.000      0.000      0.000      0.000      0.000
    95.000    -10.000      0.000      0.000      0.000      0.000
   100.000    -10.000      0.000      0.000      0.000      0.000
   105.000    -10.000      0.000      0.000      0.000      0.000
   110.000    -10.000      0.000      0.000      0.000      0.000
   115.000    -10.000      0.000      0.000      0.000      0.000
   120.000    -10.000      0.000      0.000      0.000      0.000
   125.000    -10.000      0.000      0.000      0.000      0.000
   130.000    -10.000      0.000      0.000      0.000      0.000
   135.000    -10.000      0.000      0.000      0.000      0.000
   140.000    -10.000      0.000      0.000      0.000      0.000
   145.000    -10.000      0.000      0.000      0.000      0.000
   -25.000     -5.000      0.000      0.000      0.000      0.000
   -20.000     -5.000      0.000      0.000      0.000      0.000
   -15.000     -5.000      0.000      0.000      0.000      0.000
   -10.000     -5.000      0.154     34.799      0.816     36.024
    -5.000     -5.000      0.229     25.834      0.939      1.992
     0.000     -5.000      0.250     19.452      1.215    -30.193
     5.000     -5.000      0.234     13.897      1.437    -44.108
    10.000     -5.000      0.202     10.614      1.456    -46.772
    15.000     -5.000      0.159      8.174      1.264    -48.841
    20.000     -5.000      0.110     -0.550      1.220    -17.283
    25.000     -5.000      0.075    -22.164      1.104    -16.669
    30.000     -5.000      0.064    -56.075      0.723    -12.890
    35.000     -5.000      0.073    -78.552      0.506    -79.274
    40.000     -5.000      0.091    -92.266      0.853    -87.783
    45.000     -5.000      0.100    -96.867      0.332    -53.845
    50.000     -5.000      0.102    -97.132      0.569     43.025
    55.000     -5.000      0.103    -97.058      0.394     27.313
    60.000     -5.000      0.075    -91.376      0.090      4.501
    65.000     -5.000      0.047    -54.970      0.325   -112.774
    70.000     -5.000      0.066      7.242      0.119    -67.851
    75.000     -5.000      0.097     45.747      0.097     45.747
    80.000     -5.000      0.006     61.439      0.006     61.439
    85.000     -5.000      0.000      0.000      0.000      0.000
    90.000     -5.000      0.000      0.000      0.000      0.000
    95.000     -5.000      0.000      0.000      0.000      0.000
   100.000     -5.000      0.000      0.000      0.000      0.000
   105.000     -5.000      0.000      0.000      0.000      0.000
   110.000     -5.000      0.000      0.000      0.000      0.000
   115.000     -5.000      0.000      0.000      0.000      0.000
   120.000     -5.000      0.000      0.000      0.000      0.000
   125.000     -5.000      0.000      0.000      0.000      0.000
   130.000     -5.000      0.000      0.000      0.000      0.000
   135.000     -5.000      0.000      0.000      0.000      0.000
   140.000     -5.000      0.000      0.000      0.000      0.000
   145.000     -5.000      0.000      0.000      0.000      0.000
   -25.000      0.000      0.000      0.000      0.000      0.000
   -20.000      0.000      0.000      0.000      0.000      0.000
   -15.000      0.000      0.000      0.000      0.000      0.000
   -10.000      0.000      0.204     25.158      0.977     18.245
    -5.000      0.000      0.322     17.107      1.344    -19.255
     0.000      0.000      0.368     10.598      2.051    -45.050
     5.000      0.000      0.368      5.927      2.733    -58.650
    10.000      0.000      0.326     -1.455      3.007    -67.165
    15.000      0.000      0.267    -13.554      2.874    -67.253
    20.000      0.000      0.210    -31.212      2.242    -52.755
    25.000      0.000      0.184    -53.676      1.875    -48.876
    30.000      0.000      0.181    -73.127      1.267    -61.923
    35.000      0.000      0.189    -85.018      1.392    -90.777
    40.000      0.000      0.201    -91.716      1.705   -102.033
    45.000      0.000      0.193    -94.348      1.011   -107.430
    50.000      0.000      0.182    -98.453      0.261    -29.507
    55.000      0.000      0.165   -107.349      0.384    -12.121
    60.000      0.000      0.138   -117.340      0.483    -76.622
    65.000      0.000      0.091   -132.862      0.573   -121.118
    70.000      0.000      0.042    155.370      0.113   -139.558
    75.000      0.000      0.125     82.265      0.125     82.265
    80.000      0.000      0.002     54.159      0.002     54.159
    85.000      0.000      0.000      0.000      0.000      0.000
    90.000      0.000      0.000      0.000      0.000      0.000
    95.000      0.000      0.000      0.000      0.000      0.000
   100.000      0.000      0.000      0.000      0.000      0.000
   105.000      0.000      0.000      0.000      0.000      0.000
   110.000      0.000      0.000      0.000      0.000      0.000
   115.000      0.000      0.000      0.000      0.000      0.000
   120.000      0.000      0.000      0.000      0.000      0.000
   125.000      0.000      0.000      0.000      0.000      0.000
   130.000      0.000      0.000      0.000      0.000      0.000
   135.000      0.000      0.000      0.000      0.000      0.000
   140.000      0.000      0.000      0.000      0.000      0.000
   145.000      0.000      0.000      0.000      0.000      0.000
   -25.000      5.000      0.000      0.000      0.000      0.000
   -20.000      5.000      0.000      0.000      0.000      0.000
   -15.000      5.000      0.000      0.000      0.000      0.000
   -10.000      5.000      0.203      2.643      0.916    -23.118
    -5.000      5.000      0.328      3.413      1.708    -44.361
     0.000      5.000      0.381      0.467      2.782    -69.083
     5.000      5.000      0.383     -4.944      4.254    -81.023
    10.000      5.000      0.348    -13.843      5.095    -83.257
    15.000      5.000      0.304    -27.771      5.474    -82.480
    20.000      5.000      0.290    -48.185      4.703    -79.038
    25.000      5.000      0.301    -67.102      3.252    -77.419
    30.000      5.000      0.323    -81.735      2.584    -91.278
    35.000      5.000      0.341    -92.204      2.619   -102.853
    40.000      5.000      0.357    -99.368      2.669   -109.312
    45.000      5.000      0.372   -105.202      2.549   -113.222
    50.000      5.000      0.362   -109.680      1.211   -105.923
    55.000      5.000      0.325   -116.226      0.735    -88.724
    60.000      5.000      0.269   -126.098      0.771    -91.939
    65.000      5.000      0.200   -141.124      0.512   -117.390
    70.000      5.000      0.117   -166.687      0.166   -152.853
    75.000      5.000      0.036    122.672      0.036    122.672
    80.000      5.000      0.002    124.795      0.002    124.795
    85.000      5.000      0.000      0.000      0.000      0.000
    90.000      5.000      0.000      0.000      0.000      0.000
    95.000      5.000      0.000      0.000      0.000      0.000
   100.000      5.000      0.000      0.000      0.000      0.000
   105.000      5.000      0.000      0.000      0.000      0.000
   110.000      5.000      0.000      0.000      0.000      0.000
   115.000      5.000      0.000      0.000      0.000      0.000
   120.000      5.000      0.000      0.000      0.000      0.000
   125.000      5.000      0.000      0.000      0.000      0.000
   130.000      5.000      0.000      0.000      0.000      0.000
   135.000      5.000      0.000      0.000      0.000      0.000
   140.000      5.000      0.000      0.000      0.000      0.000
   145.000      5.000      0.000      0.000      0.000      0.000
   -25.000     10.000      0.000      0.000      0.000      0.000
   -20.000     10.000      0.000      0.000      0.000      0.000
   -15.000     10.000      0.000      0.000      0.000      0.000
   -10.000     10.000      0.142      7.447      1.017    -58.511
    -5.000     10.000      0.268      0.557      2.158    -76.336
     0.000     10.000      0.342     -4.950      3.805    -88.136
     5.000     10.000      0.361    -13.741      5.563    -93.009
    10.000     10.000      0.351    -26.154      6.405    -94.038
    15.000     10.000      0.339    -44.356      6.740    -92.230
    20.000     10.000      0.352    -66.087      6.571    -92.006
    25.000     10.000      0.398    -84.771      5.034    -93.895
    30.000     10.000      0.467    -97.057      4.557   -104.992
    35.000     10.000      0.521   -104.728      4.080   -111.857
    40.000     10.000      0.551   -109.130      3.822   -114.742
    45.000     10.000      0.556   -111.653      3.418   -113.179
    50.000     10.000      0.517   -113.605      2.593   -106.476
    55.000     10.000      0.439   -117.157      1.607   -101.226
    60.000     10.000      0.332   -125.368      1.059   -102.411
    65.000     10.000      0.224   -145.040      0.561   -114.298
    70.000     10.000      0.152   -168.930      0.205   -177.270
    75.000     10.000      0.041   -139.265      0.041   -139.265
    80.000     10.000      0.002   -116.104      0.002   -116.104
    85.000     10.000      0.000      0.000      0.000      0.000
    90.000     10.000      0.000      0.000      0.000      0.000
    95.000     10.000      0.000      0.000      0.000      0.000
   100.000     10.000      0.000      0.000      0.000      0.000
   105.000     10.000      0.000      0.000      0.000      0.000
   110.000     10.000      0.000      0.000      0.000      0.000
   115.000     10.000      0.000      0.000      0.000      0.000
   120.000     10.000      0.000      0.000      0.000      0.000
   125.000     10.000      0.000      0.000      0.000      0.000
   130.000     10.000      0.000      0.000      0.000      0.000
   135.000     10.000      0.000      0.000      0.000      0.000
   140.000     10.000      0.000      0.000      0.000      0.000
   145.000     10.000      0.000      0.000      0.000      0.000
   -25.000     15.000      0.000      0.000      0.000      0.000
   -20.000     15.000      0.000      0.000      0.000      0.000
   -15.000     15.000      0.000      0.000      0.000      0.000
   -10.000     15.000      0.094     10.507      1.142    -83.717
    -5.000     15.000      0.196      0.432      2.577    -95.267
     0.000     15.000      0.263     -9.144      4.370   -103.658
     5.000     15.000      0.292    -23.191      5.993   -105.554
    10.000     15.000      0.292    -40.652      6.979   -103.169
    15.000     15.000      0.314    -65.903      7.609   -100.329
    20.000     15.000      0.382    -88.020      7.873    -98.047
    25.000     15.000      0.486   -101.794      7.147   -101.658
    30.000     15.000      0.586   -109.628      6.657   -109.271
    35.000     15.000      0.665   -113.223      5.643   -118.231
    40.000     15.000      0.706   -114.309      5.183   -119.454
    45.000     15.000      0.708   -113.639      4.313   -115.502
    50.000     15.000      0.646   -113.469      3.598   -112.477
    55.000     15.000      0.525   -115.112      2.498   -108.906
    60.000     15.000      0.377   -122.921      1.455   -109.713
    65.000     15.000      0.241   -145.694      0.752   -125.070
    70.000     15.000      0.174    179.883      0.289    170.054
    75.000     15.000      0.078   -160.229      0.078   -160.229
    80.000     15.000      0.000      0.000      0.000      0.000
    85.000     15.000      0.000      0.000      0.000      0.000
    90.000     15.000      0.000      0.000      0.000      0.000
    95.000     15.000      0.000      0.000      0.000      0.000
   100.000     15.000      0.000      0.000      0.000      0.000
   105.000     15.000      0.000      0.000      0.000      0.000
   110.000     15.000      0.000      0.000      0.000      0.000
   115.000     15.000      0.000      0.000      0.000      0.000
   120.000     15.000      0.000      0.000      0.000      0.000
   125.000     15.000      0.000      0.000      0.000      0.000
   130.000     15.000      0.000      0.000      0.000      0.000
   135.000     15.000      0.000      0.000      0.000      0.000
   140.000     15.000      0.000      0.000      0.000      0.000
   145.000     15.000      0.000      0.000      0.000      0.000
   -25.000     20.000      0.000      0.000      0.000      0.000
   -20.000     20.000      0.000      0.000      0.000      0.000
   -15.000     20.000      0.000      0.000      0.000      0.000
   -10.000     20.000      0.089    -25.410      1.163   -104.126
    -5.000     20.000      0.137    -20.122      2.492   -112.444
     0.000     20.000      0.145    -24.013      3.913   -115.209
     5.000     20.000      0.151    -49.295      5.478   -113.657
    10.000     20.000      0.194    -78.333      6.924   -110.468
    15.000     20.000      0.291    -97.993      7.680   -106.036
    20.000     20.000      0.425   -109.446      8.302   -103.384
    25.000     20.000      0.573   -114.802      8.205   -106.798
    30.000     20.000      0.707   -116.970      7.950   -114.897
    35.000     20.000      0.820   -117.878      7.002   -122.481
    40.000     20.000      0.878   -118.076      6.373   -123.970
    45.000     20.000      0.882   -116.874      5.156   -119.662
    50.000     20.000      0.810   -115.057      4.256   -116.597
    55.000     20.000      0.659   -114.131      2.918   -109.502
    60.000     20.000      0.474   -116.961      1.478   -109.308
    65.000     20.000      0.289   -130.739      0.676   -128.093
    70.000     20.000      0.165   -163.696      0.247   -175.703
    75.000     20.000      0.090   -151.710      0.090   -151.710
    80.000     20.000      0.000      0.000      0.000      0.000
    85.000     20.000      0.000      0.000      0.000      0.000
    90.000     20.000      0.000      0.000      0.000      0.000
    95.000     20.000      0.000      0.000      0.000      0.000
   100.000     20.000      0.000      0.000      0.000      0.000
   105.000     20.000      0.000      0.000      0.000      0.000
   110.000     20.000      0.000      0.000      0.000      0.000
   115.000     20.000      0.000      0.000      0.000      0.000
   120.000     20.000      0.000      0.000      0.000      0.000
   125.000     20.000      0.000      0.000      0.000      0.000
   130.000     20.000      0.000      0.000      0.000      0.000
   135.000     20.000      0.000      0.000      0.000      0.000
   140.000     20.000      0.000      0.000      0.000      0.000
   145.000     20.000      0.000      0.000      0.000      0.000
   -25.000     25.000      0.000      0.000      0.000      0.000
   -20.000     25.000      0.000      0.000      0.000      0.000
   -15.000     25.000      0.000      0.000      0.000      0.000
   -10.000     25.000      0.056    -48.420      1.429   -126.452
    -5.000     25.000      0.095    -37.890      2.608   -127.100
     0.000     25.000      0.106    -48.537      3.750   -123.599
     5.000     25.000      0.130    -83.888      4.984   -118.737
    10.000     25.000      0.211   -111.888      6.252   -114.704
    15.000     25.000      0.350   -123.292      7.205   -111.680
    20.000     25.000      0.519   -127.264      7.806   -110.820
    25.000     25.000      0.693   -128.508      8.248   -113.785
    30.000     25.000      0.839   -128.723      8.301   -120.996
    35.000     25.000      0.943   -127.700      7.445   -127.367
    40.000     25.000      0.994   -125.521      6.616   -130.305
    45.000     25.000      0.979   -122.845      5.534   -127.295
    50.000     25.000      0.877   -119.622      4.495   -123.697
    55.000     25.000      0.695   -116.137      2.972   -113.068
    60.000     25.000      0.477   -113.152      1.288   -106.280
    65.000     25.000      0.256   -119.819      0.407   -112.469
    70.000     25.000      0.137   -146.895      0.171   -149.347
    75.000     25.000      0.004    160.832      0.004    160.832
    80.000     25.000      0.000      0.000      0.000      0.000
    85.000     25.000      0.000      0.000      0.000      0.000
    90.000     25.000      0.000      0.000      0.000      0.000
    95.000     25.000      0.000      0.000      0.000      0.000
   100.000     25.000      0.000      0.000      0.000      0.000
   105.000     25.000      0.000      0.000      0.000      0.000
   110.000     25.000      0.000      0.000      0.000      0.000
   115.000     25.000      0.000      0.000      0.000      0.000
   120.000     25.000      0.000      0.000      0.000      0.000
   125.000     25.000      0.000      0.000      0.000      0.000
   130.000     25.000      0.000      0.000      0.000      0.000
   135.000     25.000      0.000      0.000      0.000      0.000
   140.000     25.000      0.000      0.000      0.000      0.000
   145.000     25.000      0.000      0.000      0.000      0.000
   -25.000     30.000      0.000      0.000      0.000      0.000
   -20.000     30.000      0.000      0.000      0.000      0.000
   -15.000     30.000      0.000      0.000      0.000      0.000
   -10.000     30.000      0.058    -32.662      1.338   -153.459
    -5.000     30.000      0.075    -33.920      2.660   -146.673
     0.000     30.000      0.071    -69.925      3.803   -138.159
     5.000     30.000      0.127   -119.046      4.815   -129.730
    10.000     30.000      0.248   -137.289      5.699   -124.069
    15.000     30.000      0.398   -142.648      6.538   -120.900
    20.000     30.000      0.559   -143.284      6.997   -120.042
    25.000     30.000      0.729   -142.986      7.449   -122.854
    30.000     30.000      0.881   -141.768      7.516   -128.232
    35.000     30.000      0.986   -139.543      6.987   -133.461
    40.000     30.000      1.026   -136.706      6.204   -137.493
    45.000     30.000      0.996   -132.683      5.387   -134.671
    50.000     30.000      0.882   -126.847      4.441   -128.949
    55.000     30.000      0.697   -118.933      2.691   -119.518
    60.000     30.000      0.468   -108.395      1.369   -104.463
    65.000     30.000      0.242    -98.242      0.454    -90.267
    70.000     30.000      0.104   -103.101      0.161    -97.813
    75.000     30.000      0.003   -161.186      0.003   -161.186
    80.000     30.000      0.000      0.000      0.000      0.000
    85.000     30.000      0.000      0.000      0.000      0.000
    90.000     30.000      0.000      0.000      0.000      0.000
    95.000     30.000      0.000      0.000      0.000      0.000
   100.000     30.000      0.000      0.000      0.000      0.000
   105.000     30.000      0.000      0.000      0.000      0.000
   110.000     30.000      0.000      0.000      0.000      0.000
   115.000     30.000      0.000      0.000      0.000      0.000
   120.000     30.000      0.000      0.000      0.000      0.000
   125.000     30.000      0.000      0.000      0.000      0.000
   130.000     30.000      0.000      0.000      0.000      0.000
   135.000     30.000      0.000      0.000      0.000      0.000
   140.000     30.000      0.000      0.000      0.000      0.000
   145.000     30.000      0.000      0.000      0.000      0.000
   -25.000     35.000      0.000      0.000      0.000      0.000
   -20.000     35.000      0.000      0.000      0.000      0.000
   -15.000     35.000      0.000      0.000      0.000      0.000
   -10.000     35.000      0.043     -9.613      1.400   -172.010
    -5.000     35.000      0.034    -39.926      2.589   -164.735
     0.000     35.000      0.069   -118.037      3.468   -153.619
     5.000     35.000      0.164   -138.634      4.202   -142.923
    10.000     35.000      0.294   -147.492      4.879   -135.308
    15.000     35.000      0.433   -153.088      5.498   -130.171
    20.000     35.000      0.585   -154.759      5.847   -127.989
    25.000     35.000      0.732   -154.381      5.806   -133.309
    30.000     35.000      0.851   -152.395      6.004   -138.367
    35.000     35.000      0.938   -148.875      5.921   -140.614
    40.000     35.000      0.995   -143.746      5.279   -144.997
    45.000     35.000      1.007   -137.769      4.690   -141.392
    50.000     35.000      0.941   -130.457      3.979   -133.979
    55.000     35.000      0.777   -121.025      2.591   -124.679
    60.000     35.000      0.542   -108.477      1.286   -106.984
    65.000     35.000      0.262    -94.423      0.336    -95.364
    70.000     35.000      0.073    -89.339      0.073    -89.339
    75.000     35.000      0.000      0.000      0.000      0.000
    80.000     35.000      0.000      0.000      0.000      0.000
    85.000     35.000      0.000      0.000      0.000      0.000
    90.000     35.000      0.000      0.000      0.000      0.000
    95.000     35.000      0.000      0.000      0.000      0.000
   100.000     35.000      0.000      0.000      0.000      0.000
   105.000     35.000      0.000      0.000      0.000      0.000
   110.000     35.000      0.000      0.000      0.000      0.000
   115.000     35.000      0.000      0.000      0.000      0.000
   120.000     35.000      0.000      0.000      0.000      0.000
   125.000     35.000      0.000      0.000      0.000      0.000
   130.000     35.000      0.000      0.000      0.000      0.000
   135.000     35.000      0.000      0.000      0.000      0.000
   140.000     35.000      0.000      0.000      0.000      0.000
   145.000     35.000      0.000      0.000      0.000      0.000
   -25.000     40.000      0.000      0.000      0.000      0.000
   -20.000     40.000      0.000      0.000      0.000      0.000
   -15.000     40.000      0.000      0.000      0.000      0.000
   -10.000     40.000      0.021     75.243      1.547    177.983
    -5.000     40.000      0.047    170.260      2.543   -177.454
     0.000     40.000      0.123   -163.643      3.003   -170.022
     5.000     40.000      0.218   -156.397      3.330   -158.992
    10.000     40.000      0.321   -154.860      3.749   -148.876
    15.000     40.000      0.423   -156.500      4.111   -140.897
    20.000     40.000      0.538   -157.033      4.276   -139.444
    25.000     40.000      0.660   -157.189      4.280   -145.291
    30.000     40.000      0.772   -156.935      4.407   -149.524
    35.000     40.000      0.857   -154.720      4.447   -150.362
    40.000     40.000      0.913   -150.533      4.069   -153.086
    45.000     40.000      0.941   -144.409      3.680   -147.797
    50.000     40.000      0.877   -137.409      3.228   -139.992
    55.000     40.000      0.714   -128.528      2.145   -131.633
    60.000     40.000      0.458   -117.109      0.907   -117.177
    65.000     40.000      0.130   -107.457      0.164   -107.811
    70.000     40.000      0.001   -163.610      0.001   -163.610
    75.000     40.000      0.000      0.000      0.000      0.000
    80.000     40.000      0.000      0.000      0.000      0.000
    85.000     40.000      0.000      0.000      0.000      0.000
    90.000     40.000      0.000      0.000      0.000      0.000
    95.000     40.000      0.000      0.000      0.000      0.000
   100.000     40.000      0.000      0.000      0.000      0.000
   105.000     40.000      0.000      0.000      0.000      0.000
   110.000     40.000      0.000      0.000      0.000      0.000
   115.000     40.000      0.000      0.000      0.000      0.000
   120.000     40.000      0.000      0.000      0.000      0.000
   125.000     40.000      0.000      0.000      0.000      0.000
   130.000     40.000      0.000      0.000      0.000      0.000
   135.000     40.000      0.000      0.000      0.000      0.000
   140.000     40.000      0.000      0.000      0.000      0.000
   145.000     40.000      0.000      0.000      0.000      0.000
   -25.000     45.000      0.000      0.000      0.000      0.000
   -20.000     45.000      0.000      0.000      0.000      0.000
   -15.000     45.000      0.000      0.000      0.000      0.000
   -10.000     45.000      0.069    145.533      1.323    162.878
    -5.000     45.000      0.120    174.016      2.063    165.373
     0.000     45.000      0.183   -170.690      2.339    173.633
     5.000     45.000      0.251   -163.390      2.502   -173.179
    10.000     45.000      0.320   -158.150      2.715   -162.457
    15.000     45.000      0.388   -157.323      2.799   -158.298
    20.000     45.000      0.462   -156.879      2.759   -157.925
    25.000     45.000      0.535   -157.064      2.784   -160.621
    30.000     45.000      0.612   -157.367      2.922   -161.431
    35.000     45.000      0.688   -156.852      2.986   -160.274
    40.000     45.000      0.761   -154.362      2.733   -159.821
    45.000     45.000      0.797   -150.812      2.602   -153.257
    50.000     45.000      0.746   -146.149      2.215   -145.514
    55.000     45.000      0.553   -142.343      1.369   -139.239
    60.000     45.000      0.254   -142.024      0.339   -140.925
    65.000     45.000      0.045    168.471      0.045    168.471
    70.000     45.000      0.000      0.000      0.000      0.000
    75.000     45.000      0.000      0.000      0.000      0.000
    80.000     45.000      0.000      0.000      0.000      0.000
    85.000     45.000      0.000      0.000      0.000      0.000
    90.000     45.000      0.000      0.000      0.000      0.000
    95.000     45.000      0.000      0.000      0.000      0.000
   100.000     45.000      0.000      0.000      0.000      0.000
   105.000     45.000      0.000      0.000      0.000      0.000
   110.000     45.000      0.000      0.000      0.000      0.000
   115.000     45.000      0.000      0.000      0.000      0.000
   120.000     45.000      0.000      0.000      0.000      0.000
   125.000     45.000      0.000      0.000      0.000      0.000
   130.000     45.000      0.000      0.000      0.000      0.000
   135.000     45.000      0.000      0.000      0.000      0.000
   140.000     45.000      0.000      0.000      0.000      0.000
   145.000     45.000      0.000      0.000      0.000      0.000
   -25.000     50.000      0.000      0.000      0.000      0.000
   -20.000     50.000      0.000      0.000      0.000      0.000
   -15.000     50.000      0.000      0.000      0.000      0.000
   -10.000     50.000      0.089   -173.649      0.945    140.208
    -5.000     50.000      0.141   -168.924      1.497    145.942
     0.000     50.000      0.178   -165.927      1.624    157.410
     5.000     50.000      0.206   -162.568      1.613    168.943
    10.000     50.000      0.238   -159.654      1.603    177.533
    15.000     50.000      0.279   -158.236      1.583   -177.624
    20.000     50.000      0.329   -158.105      1.659   -179.118
    25.000     50.000      0.388   -158.120      1.791   -177.935
    30.000     50.000      0.453   -157.588      1.847    176.944
    35.000     50.000      0.520   -156.171      1.853   -174.602
    40.000     50.000      0.580   -153.719      1.718   -163.084
    45.000     50.000      0.598   -149.866      1.531   -155.278
    50.000     50.000      0.522   -145.203      1.130   -145.038
    55.000     50.000      0.329   -142.481      0.419   -144.010
    60.000     50.000      0.112   -120.428      0.112   -120.428
    65.000     50.000      0.003   -115.518      0.003   -115.518
    70.000     50.000      0.000      0.000      0.000      0.000
    75.000     50.000      0.000      0.000      0.000      0.000
    80.000     50.000      0.000      0.000      0.000      0.000
    85.000     50.000      0.000      0.000      0.000      0.000
    90.000     50.000      0.000      0.000      0.000      0.000
    95.000     50.000      0.000      0.000      0.000      0.000
   100.000     50.000      0.000      0.000      0.000      0.000
   105.000     50.000      0.000      0.000      0.000      0.000
   110.000     50.000      0.000      0.000      0.000      0.000
   115.000     50.000      0.000      0.000      0.000      0.000
   120.000     50.000      0.000      0.000      0.000      0.000
   125.000     50.000      0.000      0.000      0.000      0.000
   130.000     50.000      0.000      0.000      0.000      0.000
   135.000     50.000      0.000      0.000      0.000      0.000
   140.000     50.000      0.000      0.000      0.000      0.000
   145.000     50.000      0.000      0.000      0.000      0.000
   -25.000     55.000      0.000      0.000      0.000      0.000
   -20.000     55.000      0.000      0.000      0.000      0.000
   -15.000     55.000      0.000      0.000      0.000      0.000
   -10.000     55.000      0.047   -153.679      0.423    127.823
    -5.000     55.000      0.067   -154.052      0.812    136.867
     0.000     55.000      0.089   -149.318      0.843    145.561
     5.000     55.000      0.111   -150.240      0.797    153.300
    10.000     55.000      0.130   -154.254      0.794    159.814
    15.000     55.000      0.155   -161.648      0.709    163.482
    20.000     55.000      0.190   -167.943      0.733    164.302
    25.000     55.000      0.220   -170.418      0.863    167.077
    30.000     55.000      0.249   -166.982      1.011    161.511
    35.000     55.000      0.275   -162.884      0.928    169.828
    40.000     55.000      0.294   -156.767      0.788   -168.735
    45.000     55.000      0.290   -148.386      0.654   -158.129
    50.000     55.000      0.234   -137.334      0.294   -136.705
    55.000     55.000      0.100   -139.835      0.100   -139.835
    60.000     55.000      0.006   -108.100      0.006   -108.100
    65.000     55.000      0.000      0.000      0.000      0.000
    70.000     55.000      0.000      0.000      0.000      0.000
    75.000     55.000      0.000      0.000      0.000      0.000
    80.000     55.000      0.000      0.000      0.000      0.000
    85.000     55.000      0.000      0.000      0.000      0.000
    90.000     55.000      0.000      0.000      0.000      0.000
    95.000     55.000      0.000      0.000      0.000      0.000
   100.000     55.000      0.000      0.000      0.000      0.000
   105.000     55.000      0.000      0.000      0.000      0.000
   110.000     55.000      0.000      0.000      0.000      0.000
   115.000     55.000      0.000      0.000      0.000      0.000
   120.000     55.000      0.000      0.000      0.000      0.000
   125.000     55.000      0.000      0.000      0.000      0.000
   130.000     55.000      0.000      0.000      0.000      0.000
   135.000     55.000      0.000      0.000      0.000      0.000
   140.000     55.000      0.000      0.000      0.000      0.000
   145.000     55.000      0.000      0.000      0.000      0.000
   -25.000     60.000      0.000      0.000      0.000      0.000
   -20.000     60.000      0.000      0.000      0.000      0.000
   -15.000     60.000      0.000      0.000      0.000      0.000
   -10.000     60.000      0.000      0.000      0.000      0.000
    -5.000     60.000      0.000      0.000      0.000      0.000
     0.000     60.000      0.000      0.000      0.000      0.000
     5.000     60.000      0.000      0.000      0.000      0.000
    10.000     60.000      0.000      0.000      0.000      0.000
    15.000     60.000      0.000      0.000      0.000      0.000
    20.000     60.000      0.000      0.000      0.000      0.000
    25.000     60.000      0.000      0.000      0.000      0.000
    30.000     60.000      0.000      0.000      0.000      0.000
    35.000     60.000      0.000      0.000      0.000      0.000
    40.000     60.000      0.000      0.000      0.000      0.000
    45.000     60.000      0.000      0.000      0.000      0.000
    50.000     60.000      0.000      0.000      0.000      0.000
    55.000     60.000      0.000      0.000      0.000      0.000
    60.000     60.000      0.000      0.000      0.000      0.000
    65.000     60.000      0.000      0.000      0.000      0.000
    70.000     60.000      0.000      0.000      0.000      0.000
    75.000     60.000      0.000      0.000      0.000      0.000
    80.000     60.000      0.000      0.000      0.000      0.000
    85.000     60.000      0.000      0.000      0.000      0.000
    90.000     60.000      0.000      0.000      0.000      0.000
    95.000     60.000      0.000      0.000      0.000      0.000
   100.000     60.000      0.000      0.000      0.000      0.000
   105.000     60.000      0.000      0.000      0.000      0.000
   110.000     60.000      0.000      0.000      0.000      0.000
   115.000     60.000      0.000      0.000      0.000      0.000
   120.000     60.000      0.000      0.000      0.000      0.000
   125.000     60.000      0.000      0.000      0.000      0.000
   130.000     60.000      0.000      0.000      0.000      0.000
   135.000     60.000      0.000      0.000      0.000      0.000
   140.000     60.000      0.000      0.000      0.000      0.000
   145.000     60.000      0.000      0.000      0.000      0.000
   -25.000     65.000      0.000      0.000      0.000      0.000
   -20.000     65.000      0.000      0.000      0.000      0.000
   -15.000     65.000      0.000      0.000      0.000      0.000
   -10.000     65.000      0.000      0.000      0.000      0.000
    -5.000     65.000      0.000      0.000      0.000      0.000
     0.000     65.000      0.000      0.000      0.000      0.000
     5.000     65.000      0.000      0.000      0.000      0.000
    10.000     65.000      0.000      0.000      0.000      0.000
    15.000     65.000      0.000      0.000      0.000      0.000
    20.000     65.000      0.000      0.000      0.000      0.000
    25.000     65.000      0.000      0.000      0.000      0.000
    30.000     65.000      0.000      0.000      0.000      0.000
    35.000     65.000      0.000      0.000      0.000      0.000
    40.000     65.000      0.000      0.000      0.000      0.000
    45.000     65.000      0.000      0.000      0.000      0.000
    50.000     65.000      0.000      0.000      0.000      0.000
    55.000     65.000      0.000      0.000      0.000      0.000
    60.000     65.000      0.000      0.000      0.000      0.000
    65.000     65.000      0.000      0.000      0.000      0.000
    70.000     65.000      0.000      0.000      0.000      0.000
    75.000     65.000      0.000      0.000      0.000      0.000
    80.000     65.000      0.000      0.000      0.000      0.000
    85.000     65.000      0.000      0.000      0.000      0.000
    90.000     65.000      0.000      0.000      0.000      0.000
    95.000     65.000      0.000      0.000      0.000      0.000
   100.000     65.000      0.000      0.000      0.000      0.000
   105.000     65.000      0.000      0.000      0.000      0.000
   110.000     65.000      0.000      0.000      0.000      0.000
   115.000     65.000      0.000      0.000      0.000      0.000
   120.000     65.000      0.000      0.000      0.000      0.000
   125.000     65.000      0.000      0.000      0.000      0.000
   130.000     65.000      0.000      0.000      0.000      0.000
   135.000     65.000      0.000      0.000      0.000      0.000
   140.000     65.000      0.000      0.000      0.000      0.000
   145.000     65.000      0.000      0.000      0.000      0.000
   -25.000     70.000      0.000      0.000      0.000      0.000
   -20.000     70.000      0.000      0.000      0.000      0.000
   -15.000     70.000      0.000      0.000      0.000      0.000
   -10.000     70.000      0.000      0.000      0.000      0.000
    -5.000     70.000      0.000      0.000      0.000      0.000
     0.000     70.000      0.000      0.000      0.000      0.000
     5.000     70.000      0.000      0.000      0.000      0.000
    10.000     70.000      0.000      0.000      0.000      0.000
    15.000     70.000      0.000      0.000      0.000      0.000
    20.000     70.000      0.000      0.000      0.000      0.000
    25.000     70.000      0.000      0.000      0.000      0.000
    30.000     70.000      0.000      0.000      0.000      0.000
    35.000     70.000      0.000      0.000      0.000      0.000
    40.000     70.000      0.000      0.000      0.000      0.000
    45.000     70.000      0.000      0.000      0.000      0.000
    50.000     70.000      0.000      0.000      0.000      0.000
    55.000     70.000      0.000      0.000      0.000      0.000
    60.000     70.000      0.000      0.000      0.000      0.000
    65.000     70.000      0.000      0.000      0.000      0.000
    70.000     70.000      0.000      0.000      0.000      0.000
    75.000     70.000      0.000      0.000      0.000      0.000
    80.000     70.000      0.000      0.000      0.000      0.000
    85.000     70.000      0.000      0.000      0.000      0.000
    90.000     70.000      0.000      0.000      0.000      0.000
    95.000     70.000      0.000      0.000      0.000      0.000
   100.000     70.000      0.000      0.000      0.000      0.000
   105.000     70.000      0.000      0.000      0.000      0.000
   110.000     70.000      0.000      0.000      0.000      0.000
   115.000     70.000      0.000      0.000      0.000      0.000
   120.000     70.000      0.000      0.000      0.000      0.000
   125.000     70.000      0.000      0.000      0.000      0.000
   130.000     70.000      0.000      0.000      0.000      0.000
   135.000     70.000      0.000      0.000      0.000      0.000
   140.000     70.000      0.000      0.000      0.000      0.000
   145.000     70.000      0.000      0.000      0.000      0.000
