   -25.000    -20.000      0.000      0.000      0.000      0.000
   -20.000    -20.000      0.000      0.000      0.000      0.000
   -15.000    -20.000      0.000      0.000      0.000      0.000
   -10.000    -20.000      0.000      0.000      0.000      0.000
    -5.000    -20.000      0.000      0.000      0.000      0.000
     0.000    -20.000      0.000      0.000      0.000      0.000
     5.000    -20.000      0.000      0.000      0.000      0.000
    10.000    -20.000      0.000      0.000      0.000      0.000
    15.000    -20.000      0.000      0.000      0.000      0.000
    20.000    -20.000      0.000      0.000      0.000      0.000
    25.000    -20.000      0.000      0.000      0.000      0.000
    30.000    -20.000      0.000      0.000      0.000      0.000
    35.000    -20.000      0.000      0.000      0.000      0.000
    40.000    -20.000      0.000      0.000      0.000      0.000
    45.000    -20.000      0.000      0.000      0.000      0.000
    50.000    -20.000      0.000      0.000      0.000      0.000
    55.000    -20.000      0.000      0.000      0.000      0.000
    60.000    -20.000      0.000      0.000      0.000      0.000
    65.000    -20.000      0.000      0.000      0.000      0.000
    70.000    -20.000      0.000      0.000      0.000      0.000
    75.000    -20.000      0.000      0.000      0.000      0.000
    80.000    -20.000      0.000      0.000      0.000      0.000
    85.000    -20.000      0.000      0.000      0.000      0.000
    90.000    -20.000      0.000      0.000      0.000      0.000
    95.000    -20.000      0.000      0.000      0.000      0.000
   100.000    -20.000      0.000      0.000      0.000      0.000
   105.000    -20.000      0.000      0.000      0.000      0.000
   110.000    -20.000      0.000      0.000      0.000      0.000
   115.000    -20.000      0.000      0.000      0.000      0.000
   120.000    -20.000      0.000      0.000      0.000      0.000
   125.000    -20.000      0.000      0.000      0.000      0.000
   130.000    -20.000      0.000      0.000      0.000      0.000
   135.000    -20.000      0.000      0.000      0.000      0.000
   140.000    -20.000      0.000      0.000      0.000      0.000
   145.000    -20.000      0.000      0.000      0.000      0.000
   -25.000    -15.000      0.000      0.000      0.000      0.000
   -20.000    -15.000      0.000      0.000      0.000      0.000
   -15.000    -15.000      0.000      0.000      0.000      0.000
   -10.000    -15.000      0.000      0.000      0.000      0.000
    -5.000    -15.000      0.000      0.000      0.000      0.000
     0.000    -15.000      0.000      0.000      0.000      0.000
     5.000    -15.000      0.000      0.000      0.000      0.000
    10.000    -15.000      0.000      0.000      0.000      0.000
    15.000    -15.000      0.000      0.000      0.000      0.000
    20.000    -15.000      0.000      0.000      0.000      0.000
    25.000    -15.000      0.000      0.000      0.000      0.000
    30.000    -15.000      0.000      0.000      0.000      0.000
    35.000    -15.000      0.000      0.000      0.000      0.000
    40.000    -15.000      0.000      0.000      0.000      0.000
    45.000    -15.000      0.000      0.000      0.000      0.000
    50.000    -15.000      0.000      0.000      0.000      0.000
    55.000    -15.000      0.000      0.000      0.000      0.000
    60.000    -15.000      0.000      0.000      0.000      0.000
    65.000    -15.000      0.000      0.000      0.000      0.000
    70.000    -15.000      0.000      0.000      0.000      0.000
    75.000    -15.000      0.000      0.000      0.000      0.000
    80.000    -15.000      0.000      0.000      0.000      0.000
    85.000    -15.000      0.000      0.000      0.000      0.000
    90.000    -15.000      0.000      0.000      0.000      0.000
    95.000    -15.000      0.000      0.000      0.000      0.000
   100.000    -15.000      0.000      0.000      0.000      0.000
   105.000    -15.000      0.000      0.000      0.000      0.000
   110.000    -15.000      0.000      0.000      0.000      0.000
   115.000    -15.000      0.000      0.000      0.000      0.000
   120.000    -15.000      0.000      0.000      0.000      0.000
   125.000    -15.000      0.000      0.000      0.000      0.000
   130.000    -15.000      0.000      0.000      0.000      0.000
   135.000    -15.000      0.000      0.000      0.000      0.000
   140.000    -15.000      0.000      0.000      0.000      0.000
   145.000    -15.000      0.000      0.000      0.000      0.000
   -25.000    -10.000      0.000      0.000      0.000      0.000
   -20.000    -10.000      0.000      0.000      0.000      0.000
   -15.000    -10.000      0.000      0.000      0.000      0.000
   -10.000    -10.000      0.000      0.000      0.000      0.000
    -5.000    -10.000      0.000      0.000      0.000      0.000
     0.000    -10.000      0.000      0.000      0.000      0.000
     5.000    -10.000      0.000      0.000      0.000      0.000
    10.000    -10.000      0.000      0.000      0.000      0.000
    15.000    -10.000      0.000      0.000      0.000      0.000
    20.000    -10.000      0.000      0.000      0.000      0.000
    25.000    -10.000      0.000      0.000      0.000      0.000
    30.000    -10.000      0.000      0.000      0.000      0.000
    35.000    -10.000      0.000      0.000      0.000      0.000
    40.000    -10.000      0.000      0.000      0.000      0.000
    45.000    -10.000      0.000      0.000      0.000      0.000
    50.000    -10.000      0.000      0.000      0.000      0.000
    55.000    -10.000      0.000      0.000      0.000      0.000
    60.000    -10.000      0.000      0.000      0.000      0.000
    65.000    -10.000      0.000      0.000      0.000      0.000
    70.000    -10.000      0.000      0.000      0.000      0.000
    75.000    -10.000      0.000      0.000      0.000      0.000
    80.000    -10.000      0.000      0.000      0.000      0.000
    85.000    -10.000      0.000      0.000      0.000      0.000
    90.000    -10.000      0.000      0.000      0.000      0.000
    95.000    -10.000      0.000      0.000      0.000      0.000
   100.000    -10.000      0.000      0.000      0.000      0.000
   105.000    -10.000      0.000      0.000      0.000      0.000
   110.000    -10.000      0.000      0.000      0.000      0.000
   115.000    -10.000      0.000      0.000      0.000      0.000
   120.000    -10.000      0.000      0.000      0.000      0.000
   125.000    -10.000      0.000      0.000      0.000      0.000
   130.000    -10.000      0.000      0.000      0.000      0.000
   135.000    -10.000      0.000      0.000      0.000      0.000
   140.000    -10.000      0.000      0.000      0.000      0.000
   145.000    -10.000      0.000      0.000      0.000      0.000
   -25.000     -5.000      0.000      0.000      0.000      0.000
   -20.000     -5.000      0.000      0.000      0.000      0.000
   -15.000     -5.000      0.000      0.000      0.000      0.000
   -10.000     -5.000      0.072      4.019      1.046     25.550
    -5.000     -5.000      0.114     10.670      1.443      0.348
     0.000     -5.000      0.121     14.452      1.794    -20.645
     5.000     -5.000      0.108     17.799      1.984    -31.439
    10.000     -5.000      0.092     11.402      1.988    -34.872
    15.000     -5.000      0.092      6.505      1.773    -37.762
    20.000     -5.000      0.096      8.006      1.737    -18.530
    25.000     -5.000      0.098      1.803      1.547    -21.327
    30.000     -5.000      0.105     -8.392      1.092    -25.269
    35.000     -5.000      0.119    -23.171      0.901    -71.644
    40.000     -5.000      0.136    -32.885      1.245    -83.307
    45.000     -5.000      0.150    -43.041      0.694    -69.881
    50.000     -5.000      0.165    -53.922      0.407      4.089
    55.000     -5.000      0.170    -65.862      0.323    -19.878
    60.000     -5.000      0.160    -75.306      0.175    -78.078
    65.000     -5.000      0.142    -83.320      0.344   -114.832
    70.000     -5.000      0.122    -90.083      0.108     37.004
    75.000     -5.000      0.104    -95.520      0.431     65.534
    80.000     -5.000      0.085   -102.011      0.260     71.881
    85.000     -5.000      0.059   -115.000      0.070   -172.594
    90.000     -5.000      0.054   -134.183      0.054   -134.183
    95.000     -5.000      0.000      0.000      0.000      0.000
   100.000     -5.000      0.000      0.000      0.000      0.000
   105.000     -5.000      0.000      0.000      0.000      0.000
   110.000     -5.000      0.000      0.000      0.000      0.000
   115.000     -5.000      0.000      0.000      0.000      0.000
   120.000     -5.000      0.000      0.000      0.000      0.000
   125.000     -5.000      0.000      0.000      0.000      0.000
   130.000     -5.000      0.000      0.000      0.000      0.000
   135.000     -5.000      0.000      0.000      0.000      0.000
   140.000     -5.000      0.000      0.000      0.000      0.000
   145.000     -5.000      0.000      0.000      0.000      0.000
   -25.000      0.000      0.000      0.000      0.000      0.000
   -20.000      0.000      0.000      0.000      0.000      0.000
   -15.000      0.000      0.000      0.000      0.000      0.000
   -10.000      0.000      0.130     13.957      1.516     12.851
    -5.000      0.000      0.197      5.816      2.263    -10.116
     0.000      0.000      0.230      3.321      2.989    -28.164
     5.000      0.000      0.239      2.810      3.546    -41.297
    10.000      0.000      0.233      1.376      3.692    -50.592
    15.000      0.000      0.214     -1.163      3.545    -52.955
    20.000      0.000      0.190     -6.535      3.020    -43.646
    25.000      0.000      0.170    -15.390      2.614    -44.846
    30.000      0.000      0.161    -25.208      1.961    -58.708
    35.000      0.000      0.170    -43.978      2.074    -83.782
    40.000      0.000      0.193    -60.508      2.432    -96.161
    45.000      0.000      0.233    -74.268      1.795   -100.758
    50.000      0.000      0.274    -83.430      0.913    -83.529
    55.000      0.000      0.297    -89.461      0.782    -75.042
    60.000      0.000      0.292    -93.205      0.955    -93.685
    65.000      0.000      0.261    -94.158      0.810   -119.427
    70.000      0.000      0.213    -93.533      0.068    177.134
    75.000      0.000      0.156    -87.954      0.453     66.485
    80.000      0.000      0.109    -73.051      0.192     10.315
    85.000      0.000      0.104    -65.777      0.229    -58.368
    90.000      0.000      0.056    -94.271      0.056    -94.271
    95.000      0.000      0.000      0.000      0.000      0.000
   100.000      0.000      0.000      0.000      0.000      0.000
   105.000      0.000      0.000      0.000      0.000      0.000
   110.000      0.000      0.000      0.000      0.000      0.000
   115.000      0.000      0.000      0.000      0.000      0.000
   120.000      0.000      0.000      0.000      0.000      0.000
   125.000      0.000      0.000      0.000      0.000      0.000
   130.000      0.000      0.000      0.000      0.000      0.000
   135.000      0.000      0.000      0.000      0.000      0.000
   140.000      0.000      0.000      0.000      0.000      0.000
   145.000      0.000      0.000      0.000      0.000      0.000
   -25.000      5.000      0.000      0.000      0.000      0.000
   -20.000      5.000      0.000      0.000      0.000      0.000
   -15.000      5.000      0.000      0.000      0.000      0.000
   -10.000      5.000      0.170     -8.721      1.624    -10.259
    -5.000      5.000      0.278     -8.767      2.745    -23.815
     0.000      5.000      0.332     -7.104      3.598    -44.854
     5.000      5.000      0.346     -6.203      4.779    -61.798
    10.000      5.000      0.335     -5.882      5.580    -68.314
    15.000      5.000      0.306     -6.864      6.033    -71.215
    20.000      5.000      0.261    -12.875      5.401    -70.252
    25.000      5.000      0.217    -26.384      4.066    -70.812
    30.000      5.000      0.205    -51.439      3.468    -85.253
    35.000      5.000      0.237    -76.985      3.639    -97.634
    40.000      5.000      0.300    -93.192      3.837   -104.801
    45.000      5.000      0.362   -102.603      3.804   -109.178
    50.000      5.000      0.403   -106.227      2.478   -105.952
    55.000      5.000      0.412   -107.394      1.865   -102.182
    60.000      5.000      0.382   -106.916      1.700   -105.079
    65.000      5.000      0.310   -103.197      1.186   -119.385
    70.000      5.000      0.225    -92.365      0.507   -133.153
    75.000      5.000      0.173    -71.173      0.040    -91.702
    80.000      5.000      0.151    -41.360      0.175     -3.951
    85.000      5.000      0.130    -31.505      0.257      2.600
    90.000      5.000      0.062    -99.468      0.062    -99.468
    95.000      5.000      0.000      0.000      0.000      0.000
   100.000      5.000      0.000      0.000      0.000      0.000
   105.000      5.000      0.000      0.000      0.000      0.000
   110.000      5.000      0.000      0.000      0.000      0.000
   115.000      5.000      0.000      0.000      0.000      0.000
   120.000      5.000      0.000      0.000      0.000      0.000
   125.000      5.000      0.000      0.000      0.000      0.000
   130.000      5.000      0.000      0.000      0.000      0.000
   135.000      5.000      0.000      0.000      0.000      0.000
   140.000      5.000      0.000      0.000      0.000      0.000
   145.000      5.000      0.000      0.000      0.000      0.000
   -25.000     10.000      0.000      0.000      0.000      0.000
   -20.000     10.000      0.000      0.000      0.000      0.000
   -15.000     10.000      0.000      0.000      0.000      0.000
   -10.000     10.000      0.193    -14.205      1.617    -31.112
    -5.000     10.000      0.328    -10.958      2.812    -46.862
     0.000     10.000      0.397     -9.105      4.208    -64.903
     5.000     10.000      0.412    -10.190      5.845    -76.538
    10.000     10.000      0.390    -13.435      6.766    -81.507
    15.000     10.000      0.340    -21.437      7.319    -83.205
    20.000     10.000      0.294    -37.057      7.380    -85.907
    25.000     10.000      0.277    -59.655      6.092    -89.591
    30.000     10.000      0.318    -82.555      5.843   -101.168
    35.000     10.000      0.397    -97.296      5.624   -108.203
    40.000     10.000      0.464   -105.417      5.578   -111.665
    45.000     10.000      0.501   -110.528      5.284   -111.776
    50.000     10.000      0.503   -114.782      4.430   -109.154
    55.000     10.000      0.481   -116.857      3.286   -109.372
    60.000     10.000      0.417   -116.432      2.517   -113.829
    65.000     10.000      0.336   -112.239      1.786   -122.665
    70.000     10.000      0.248   -102.556      1.084   -135.648
    75.000     10.000      0.174    -83.206      0.646   -117.890
    80.000     10.000      0.139    -54.787      0.281    -78.457
    85.000     10.000      0.120    -47.289      0.159    -21.929
    90.000     10.000      0.089    -83.199      0.089    -83.199
    95.000     10.000      0.000      0.000      0.000      0.000
   100.000     10.000      0.000      0.000      0.000      0.000
   105.000     10.000      0.000      0.000      0.000      0.000
   110.000     10.000      0.000      0.000      0.000      0.000
   115.000     10.000      0.000      0.000      0.000      0.000
   120.000     10.000      0.000      0.000      0.000      0.000
   125.000     10.000      0.000      0.000      0.000      0.000
   130.000     10.000      0.000      0.000      0.000      0.000
   135.000     10.000      0.000      0.000      0.000      0.000
   140.000     10.000      0.000      0.000      0.000      0.000
   145.000     10.000      0.000      0.000      0.000      0.000
   -25.000     15.000      0.000      0.000      0.000      0.000
   -20.000     15.000      0.000      0.000      0.000      0.000
   -15.000     15.000      0.000      0.000      0.000      0.000
   -10.000     15.000      0.207     -5.230      1.443    -50.346
    -5.000     15.000      0.353     -4.481      2.779    -67.279
     0.000     15.000      0.423     -8.412      4.378    -83.729
     5.000     15.000      0.432    -15.782      6.060    -91.538
    10.000     15.000      0.402    -27.205      7.341    -93.177
    15.000     15.000      0.364    -44.635      8.336    -93.852
    20.000     15.000      0.365    -66.606      8.986    -94.663
    25.000     15.000      0.411    -86.370      8.629   -100.055
    30.000     15.000      0.489    -99.926      8.511   -108.115
    35.000     15.000      0.557   -107.937      7.812   -116.075
    40.000     15.000      0.599   -112.944      7.587   -117.808
    45.000     15.000      0.607   -116.364      6.801   -116.012
    50.000     15.000      0.577   -119.454      6.004   -115.274
    55.000     15.000      0.519   -122.957      4.687   -115.498
    60.000     15.000      0.449   -127.234      3.373   -120.049
    65.000     15.000      0.390   -131.159      2.412   -131.010
    70.000     15.000      0.320   -132.894      1.555   -145.987
    75.000     15.000      0.232   -127.799      0.996   -136.150
    80.000     15.000      0.150   -115.096      0.197   -101.444
    85.000     15.000      0.088    -97.155      0.052   -110.725
    90.000     15.000      0.055    -78.581      0.055    -78.581
    95.000     15.000      0.000      0.000      0.000      0.000
   100.000     15.000      0.000      0.000      0.000      0.000
   105.000     15.000      0.000      0.000      0.000      0.000
   110.000     15.000      0.000      0.000      0.000      0.000
   115.000     15.000      0.000      0.000      0.000      0.000
   120.000     15.000      0.000      0.000      0.000      0.000
   125.000     15.000      0.000      0.000      0.000      0.000
   130.000     15.000      0.000      0.000      0.000      0.000
   135.000     15.000      0.000      0.000      0.000      0.000
   140.000     15.000      0.000      0.000      0.000      0.000
   145.000     15.000      0.000      0.000      0.000      0.000
   -25.000     20.000      0.000      0.000      0.000      0.000
   -20.000     20.000      0.000      0.000      0.000      0.000
   -15.000     20.000      0.000      0.000      0.000      0.000
   -10.000     20.000      0.206      2.100      1.151    -72.655
    -5.000     20.000      0.314     -3.276      2.341    -88.326
     0.000     20.000      0.344    -10.076      3.769    -97.982
     5.000     20.000      0.334    -22.123      5.549   -102.182
    10.000     20.000      0.319    -42.826      7.375   -103.356
    15.000     20.000      0.343    -68.008      8.600   -102.252
    20.000     20.000      0.425    -88.295      9.706   -102.434
    25.000     20.000      0.532   -100.890     10.092   -107.266
    30.000     20.000      0.626   -108.794     10.307   -115.128
    35.000     20.000      0.692   -113.953      9.737   -121.604
    40.000     20.000      0.714   -118.293      9.348   -123.093
    45.000     20.000      0.695   -122.315      8.183   -120.764
    50.000     20.000      0.646   -127.457      7.144   -119.801
    55.000     20.000      0.587   -133.321      5.486   -118.030
    60.000     20.000      0.524   -140.387      3.685   -123.417
    65.000     20.000      0.460   -148.064      2.555   -137.262
    70.000     20.000      0.400   -153.892      1.759   -153.106
    75.000     20.000      0.312   -159.678      1.183   -155.098
    80.000     20.000      0.195   -163.973      0.392   -159.870
    85.000     20.000      0.079    153.918      0.082    171.819
    90.000     20.000      0.095    114.170      0.095    114.170
    95.000     20.000      0.000      0.000      0.000      0.000
   100.000     20.000      0.000      0.000      0.000      0.000
   105.000     20.000      0.000      0.000      0.000      0.000
   110.000     20.000      0.000      0.000      0.000      0.000
   115.000     20.000      0.000      0.000      0.000      0.000
   120.000     20.000      0.000      0.000      0.000      0.000
   125.000     20.000      0.000      0.000      0.000      0.000
   130.000     20.000      0.000      0.000      0.000      0.000
   135.000     20.000      0.000      0.000      0.000      0.000
   140.000     20.000      0.000      0.000      0.000      0.000
   145.000     20.000      0.000      0.000      0.000      0.000
   -25.000     25.000      0.000      0.000      0.000      0.000
   -20.000     25.000      0.000      0.000      0.000      0.000
   -15.000     25.000      0.000      0.000      0.000      0.000
   -10.000     25.000      0.133     -2.658      1.248   -110.820
    -5.000     25.000      0.208    -11.079      2.372   -113.211
     0.000     25.000      0.234    -23.697      3.674   -112.654
     5.000     25.000      0.240    -45.511      5.234   -111.435
    10.000     25.000      0.278    -72.692      6.933   -110.819
    15.000     25.000      0.363    -91.956      8.369   -110.557
    20.000     25.000      0.472   -103.766      9.489   -111.743
    25.000     25.000      0.593   -111.216     10.468   -115.535
    30.000     25.000      0.691   -116.182     11.052   -121.941
    35.000     25.000      0.755   -120.239     10.618   -126.959
    40.000     25.000      0.783   -123.658     10.040   -128.971
    45.000     25.000      0.770   -127.685      9.008   -127.030
    50.000     25.000      0.723   -132.502      7.794   -125.199
    55.000     25.000      0.649   -139.014      5.851   -121.045
    60.000     25.000      0.577   -147.114      3.638   -124.466
    65.000     25.000      0.510   -156.813      2.299   -138.561
    70.000     25.000      0.452   -166.227      1.708   -158.392
    75.000     25.000      0.387   -176.332      1.179   -175.368
    80.000     25.000      0.279    167.768      0.692   -177.851
    85.000     25.000      0.173    126.695      0.242    127.826
    90.000     25.000      0.001    -27.833      0.001    -27.833
    95.000     25.000      0.000      0.000      0.000      0.000
   100.000     25.000      0.000      0.000      0.000      0.000
   105.000     25.000      0.000      0.000      0.000      0.000
   110.000     25.000      0.000      0.000      0.000      0.000
   115.000     25.000      0.000      0.000      0.000      0.000
   120.000     25.000      0.000      0.000      0.000      0.000
   125.000     25.000      0.000      0.000      0.000      0.000
   130.000     25.000      0.000      0.000      0.000      0.000
   135.000     25.000      0.000      0.000      0.000      0.000
   140.000     25.000      0.000      0.000      0.000      0.000
   145.000     25.000      0.000      0.000      0.000      0.000
   -25.000     30.000      0.000      0.000      0.000      0.000
   -20.000     30.000      0.000      0.000      0.000      0.000
   -15.000     30.000      0.000      0.000      0.000      0.000
   -10.000     30.000      0.056    -24.093      1.198   -146.695
    -5.000     30.000      0.109    -33.254      2.531   -139.955
     0.000     30.000      0.147    -51.137      3.885   -132.372
     5.000     30.000      0.186    -73.865      5.261   -125.936
    10.000     30.000      0.261    -94.810      6.600   -122.554
    15.000     30.000      0.367   -110.575      7.952   -121.492
    20.000     30.000      0.480   -119.779      8.962   -122.142
    25.000     30.000      0.605   -124.350      9.983   -125.141
    30.000     30.000      0.708   -126.339     10.588   -129.410
    35.000     30.000      0.781   -127.204     10.482   -132.889
    40.000     30.000      0.816   -127.861      9.933   -134.918
    45.000     30.000      0.801   -129.305      9.146   -132.556
    50.000     30.000      0.743   -131.855      7.971   -128.880
    55.000     30.000      0.671   -136.438      5.722   -124.664
    60.000     30.000      0.591   -144.194      3.675   -122.614
    65.000     30.000      0.522   -156.133      2.074   -133.159
    70.000     30.000      0.482   -168.403      1.452   -156.004
    75.000     30.000      0.429   -179.489      1.159   -176.068
    80.000     30.000      0.299    168.665      0.610    164.190
    85.000     30.000      0.027     99.701      0.027     99.701
    90.000     30.000      0.001     -9.758      0.001     -9.758
    95.000     30.000      0.000      0.000      0.000      0.000
   100.000     30.000      0.000      0.000      0.000      0.000
   105.000     30.000      0.000      0.000      0.000      0.000
   110.000     30.000      0.000      0.000      0.000      0.000
   115.000     30.000      0.000      0.000      0.000      0.000
   120.000     30.000      0.000      0.000      0.000      0.000
   125.000     30.000      0.000      0.000      0.000      0.000
   130.000     30.000      0.000      0.000      0.000      0.000
   135.000     30.000      0.000      0.000      0.000      0.000
   140.000     30.000      0.000      0.000      0.000      0.000
   145.000     30.000      0.000      0.000      0.000      0.000
   -25.000     35.000      0.000      0.000      0.000      0.000
   -20.000     35.000      0.000      0.000      0.000      0.000
   -15.000     35.000      0.000      0.000      0.000      0.000
   -10.000     35.000      0.047    -90.692      1.371   -166.893
    -5.000     35.000      0.072    -93.833      2.637   -159.877
     0.000     35.000      0.109   -107.260      3.758   -149.505
     5.000     35.000      0.170   -121.181      4.866   -140.632
    10.000     35.000      0.255   -129.557      5.992   -135.119
    15.000     35.000      0.348   -133.911      7.111   -131.893
    20.000     35.000      0.452   -135.801      7.989   -130.997
    25.000     35.000      0.568   -135.379      8.518   -135.183
    30.000     35.000      0.677   -134.260      9.236   -138.364
    35.000     35.000      0.755   -132.860      9.554   -139.223
    40.000     35.000      0.810   -131.483      9.117   -140.822
    45.000     35.000      0.832   -130.312      8.529   -137.609
    50.000     35.000      0.813   -129.809      7.538   -132.525
    55.000     35.000      0.738   -131.332      5.575   -127.186
    60.000     35.000      0.622   -135.976      3.437   -121.666
    65.000     35.000      0.505   -145.654      1.697   -130.087
    70.000     35.000      0.432   -159.271      1.012   -155.922
    75.000     35.000      0.386   -169.345      0.919   -176.472
    80.000     35.000      0.278   -171.623      0.559   -172.213
    85.000     35.000      0.031   -136.211      0.031   -136.211
    90.000     35.000      0.000      0.000      0.000      0.000
    95.000     35.000      0.000      0.000      0.000      0.000
   100.000     35.000      0.000      0.000      0.000      0.000
   105.000     35.000      0.000      0.000      0.000      0.000
   110.000     35.000      0.000      0.000      0.000      0.000
   115.000     35.000      0.000      0.000      0.000      0.000
   120.000     35.000      0.000      0.000      0.000      0.000
   125.000     35.000      0.000      0.000      0.000      0.000
   130.000     35.000      0.000      0.000      0.000      0.000
   135.000     35.000      0.000      0.000      0.000      0.000
   140.000     35.000      0.000      0.000      0.000      0.000
   145.000     35.000      0.000      0.000      0.000      0.000
   -25.000     40.000      0.000      0.000      0.000      0.000
   -20.000     40.000      0.000      0.000      0.000      0.000
   -15.000     40.000      0.000      0.000      0.000      0.000
   -10.000     40.000      0.057   -154.200      1.601   -177.240
    -5.000     40.000      0.094   -139.070      2.711   -172.315
     0.000     40.000      0.139   -136.123      3.410   -164.816
     5.000     40.000      0.206   -140.649      4.103   -155.322
    10.000     40.000      0.290   -143.108      4.964   -147.657
    15.000     40.000      0.378   -143.798      5.806   -142.255
    20.000     40.000      0.473   -142.980      6.473   -141.667
    25.000     40.000      0.577   -141.205      6.984   -145.295
    30.000     40.000      0.677   -139.435      7.557   -147.134
    35.000     40.000      0.762   -137.614      7.953   -146.526
    40.000     40.000      0.819   -135.142      7.748   -146.413
    45.000     40.000      0.835   -132.662      7.342   -141.997
    50.000     40.000      0.798   -131.356      6.590   -136.452
    55.000     40.000      0.712   -130.787      4.907   -130.561
    60.000     40.000      0.579   -131.204      2.836   -123.879
    65.000     40.000      0.418   -135.727      1.197   -125.976
    70.000     40.000      0.288   -147.236      0.470   -149.476
    75.000     40.000      0.242   -158.422      0.368   -159.038
    80.000     40.000      0.184   -160.258      0.241   -160.638
    85.000     40.000      0.000     75.556      0.000     75.556
    90.000     40.000      0.000      0.000      0.000      0.000
    95.000     40.000      0.000      0.000      0.000      0.000
   100.000     40.000      0.000      0.000      0.000      0.000
   105.000     40.000      0.000      0.000      0.000      0.000
   110.000     40.000      0.000      0.000      0.000      0.000
   115.000     40.000      0.000      0.000      0.000      0.000
   120.000     40.000      0.000      0.000      0.000      0.000
   125.000     40.000      0.000      0.000      0.000      0.000
   130.000     40.000      0.000      0.000      0.000      0.000
   135.000     40.000      0.000      0.000      0.000      0.000
   140.000     40.000      0.000      0.000      0.000      0.000
   145.000     40.000      0.000      0.000      0.000      0.000
   -25.000     45.000      0.000      0.000      0.000      0.000
   -20.000     45.000      0.000      0.000      0.000      0.000
   -15.000     45.000      0.000      0.000      0.000      0.000
   -10.000     45.000      0.050   -156.347      1.385    169.469
    -5.000     45.000      0.093   -152.509      2.251    172.843
     0.000     45.000      0.137   -147.244      2.761   -178.295
     5.000     45.000      0.196   -145.923      3.263   -166.719
    10.000     45.000      0.265   -146.171      3.859   -158.640
    15.000     45.000      0.352   -145.612      4.346   -155.530
    20.000     45.000      0.453   -145.058      4.720   -154.883
    25.000     45.000      0.563   -143.668      5.151   -155.585
    30.000     45.000      0.669   -141.918      5.657   -154.898
    35.000     45.000      0.750   -140.403      6.020   -152.822
    40.000     45.000      0.789   -138.616      5.926   -150.486
    45.000     45.000      0.787   -136.383      5.795   -145.392
    50.000     45.000      0.742   -133.289      5.159   -139.426
    55.000     45.000      0.631   -130.417      3.781   -133.279
    60.000     45.000      0.458   -127.079      1.981   -126.289
    65.000     45.000      0.253   -124.348      0.767   -117.511
    70.000     45.000      0.064   -133.985      0.166    -61.461
    75.000     45.000      0.037    129.813      0.081     67.894
    80.000     45.000      0.032    167.180      0.032    167.180
    85.000     45.000      0.000      0.000      0.000      0.000
    90.000     45.000      0.000      0.000      0.000      0.000
    95.000     45.000      0.000      0.000      0.000      0.000
   100.000     45.000      0.000      0.000      0.000      0.000
   105.000     45.000      0.000      0.000      0.000      0.000
   110.000     45.000      0.000      0.000      0.000      0.000
   115.000     45.000      0.000      0.000      0.000      0.000
   120.000     45.000      0.000      0.000      0.000      0.000
   125.000     45.000      0.000      0.000      0.000      0.000
   130.000     45.000      0.000      0.000      0.000      0.000
   135.000     45.000      0.000      0.000      0.000      0.000
   140.000     45.000      0.000      0.000      0.000      0.000
   145.000     45.000      0.000      0.000      0.000      0.000
   -25.000     50.000      0.000      0.000      0.000      0.000
   -20.000     50.000      0.000      0.000      0.000      0.000
   -15.000     50.000      0.000      0.000      0.000      0.000
   -10.000     50.000      0.049   -112.979      0.990    150.008
    -5.000     50.000      0.078   -129.661      1.647    156.849
     0.000     50.000      0.101   -144.451      1.968    169.523
     5.000     50.000      0.146   -152.990      2.210   -179.250
    10.000     50.000      0.213   -153.756      2.474   -171.641
    15.000     50.000      0.289   -152.808      2.731   -167.238
    20.000     50.000      0.374   -149.774      3.063   -166.824
    25.000     50.000      0.462   -145.892      3.466   -164.882
    30.000     50.000      0.543   -142.275      3.724   -165.554
    35.000     50.000      0.609   -139.559      4.008   -159.560
    40.000     50.000      0.644   -137.313      4.092   -152.087
    45.000     50.000      0.637   -134.933      3.957   -146.279
    50.000     50.000      0.587   -132.178      3.437   -139.186
    55.000     50.000      0.486   -128.358      2.361   -132.986
    60.000     50.000      0.334   -121.364      1.467   -120.756
    65.000     50.000      0.149   -105.780      0.564   -105.788
    70.000     50.000      0.065     28.634      0.165     33.156
    75.000     50.000      0.073     41.923      0.103     40.453
    80.000     50.000      0.002    113.447      0.002    113.447
    85.000     50.000      0.000      0.000      0.000      0.000
    90.000     50.000      0.000      0.000      0.000      0.000
    95.000     50.000      0.000      0.000      0.000      0.000
   100.000     50.000      0.000      0.000      0.000      0.000
   105.000     50.000      0.000      0.000      0.000      0.000
   110.000     50.000      0.000      0.000      0.000      0.000
   115.000     50.000      0.000      0.000      0.000      0.000
   120.000     50.000      0.000      0.000      0.000      0.000
   125.000     50.000      0.000      0.000      0.000      0.000
   130.000     50.000      0.000      0.000      0.000      0.000
   135.000     50.000      0.000      0.000      0.000      0.000
   140.000     50.000      0.000      0.000      0.000      0.000
   145.000     50.000      0.000      0.000      0.000      0.000
   -25.000     55.000      0.000      0.000      0.000      0.000
   -20.000     55.000      0.000      0.000      0.000      0.000
   -15.000     55.000      0.000      0.000      0.000      0.000
   -10.000     55.000      0.043    -83.369      0.467    144.414
    -5.000     55.000      0.035   -100.844      0.922    150.955
     0.000     55.000      0.041   -151.519      1.047    161.183
     5.000     55.000      0.077   -166.889      1.113    170.444
    10.000     55.000      0.118   -167.413      1.232    177.380
    15.000     55.000      0.160   -162.677      1.271   -176.447
    20.000     55.000      0.207   -155.707      1.410   -173.596
    25.000     55.000      0.260   -150.528      1.679   -171.168
    30.000     55.000      0.307   -146.627      1.908   -173.133
    35.000     55.000      0.331   -142.803      2.003   -165.958
    40.000     55.000      0.335   -138.508      2.064   -154.066
    45.000     55.000      0.328   -133.920      2.000   -147.108
    50.000     55.000      0.302   -129.764      1.630   -137.480
    55.000     55.000      0.246   -126.896      1.251   -133.211
    60.000     55.000      0.165   -122.688      0.795   -121.955
    65.000     55.000      0.055   -115.951      0.215   -110.011
    70.000     55.000      0.109     73.354      0.154     77.738
    75.000     55.000      0.041     34.020      0.041     34.020
    80.000     55.000      0.000      0.000      0.000      0.000
    85.000     55.000      0.000      0.000      0.000      0.000
    90.000     55.000      0.000      0.000      0.000      0.000
    95.000     55.000      0.000      0.000      0.000      0.000
   100.000     55.000      0.000      0.000      0.000      0.000
   105.000     55.000      0.000      0.000      0.000      0.000
   110.000     55.000      0.000      0.000      0.000      0.000
   115.000     55.000      0.000      0.000      0.000      0.000
   120.000     55.000      0.000      0.000      0.000      0.000
   125.000     55.000      0.000      0.000      0.000      0.000
   130.000     55.000      0.000      0.000      0.000      0.000
   135.000     55.000      0.000      0.000      0.000      0.000
   140.000     55.000      0.000      0.000      0.000      0.000
   145.000     55.000      0.000      0.000      0.000      0.000
   -25.000     60.000      0.000      0.000      0.000      0.000
   -20.000     60.000      0.000      0.000      0.000      0.000
   -15.000     60.000      0.000      0.000      0.000      0.000
   -10.000     60.000      0.000      0.000      0.000      0.000
    -5.000     60.000      0.000      0.000      0.000      0.000
     0.000     60.000      0.000      0.000      0.000      0.000
     5.000     60.000      0.000      0.000      0.000      0.000
    10.000     60.000      0.000      0.000      0.000      0.000
    15.000     60.000      0.000      0.000      0.000      0.000
    20.000     60.000      0.000      0.000      0.000      0.000
    25.000     60.000      0.000      0.000      0.000      0.000
    30.000     60.000      0.000      0.000      0.000      0.000
    35.000     60.000      0.000      0.000      0.000      0.000
    40.000     60.000      0.000      0.000      0.000      0.000
    45.000     60.000      0.000      0.000      0.000      0.000
    50.000     60.000      0.000      0.000      0.000      0.000
    55.000     60.000      0.000      0.000      0.000      0.000
    60.000     60.000      0.000      0.000      0.000      0.000
    65.000     60.000      0.000      0.000      0.000      0.000
    70.000     60.000      0.000      0.000      0.000      0.000
    75.000     60.000      0.000      0.000      0.000      0.000
    80.000     60.000      0.000      0.000      0.000      0.000
    85.000     60.000      0.000      0.000      0.000      0.000
    90.000     60.000      0.000      0.000      0.000      0.000
    95.000     60.000      0.000      0.000      0.000      0.000
   100.000     60.000      0.000      0.000      0.000      0.000
   105.000     60.000      0.000      0.000      0.000      0.000
   110.000     60.000      0.000      0.000      0.000      0.000
   115.000     60.000      0.000      0.000      0.000      0.000
   120.000     60.000      0.000      0.000      0.000      0.000
   125.000     60.000      0.000      0.000      0.000      0.000
   130.000     60.000      0.000      0.000      0.000      0.000
   135.000     60.000      0.000      0.000      0.000      0.000
   140.000     60.000      0.000      0.000      0.000      0.000
   145.000     60.000      0.000      0.000      0.000      0.000
   -25.000     65.000      0.000      0.000      0.000      0.000
   -20.000     65.000      0.000      0.000      0.000      0.000
   -15.000     65.000      0.000      0.000      0.000      0.000
   -10.000     65.000      0.000      0.000      0.000      0.000
    -5.000     65.000      0.000      0.000      0.000      0.000
     0.000     65.000      0.000      0.000      0.000      0.000
     5.000     65.000      0.000      0.000      0.000      0.000
    10.000     65.000      0.000      0.000      0.000      0.000
    15.000     65.000      0.000      0.000      0.000      0.000
    20.000     65.000      0.000      0.000      0.000      0.000
    25.000     65.000      0.000      0.000      0.000      0.000
    30.000     65.000      0.000      0.000      0.000      0.000
    35.000     65.000      0.000      0.000      0.000      0.000
    40.000     65.000      0.000      0.000      0.000      0.000
    45.000     65.000      0.000      0.000      0.000      0.000
    50.000     65.000      0.000      0.000      0.000      0.000
    55.000     65.000      0.000      0.000      0.000      0.000
    60.000     65.000      0.000      0.000      0.000      0.000
    65.000     65.000      0.000      0.000      0.000      0.000
    70.000     65.000      0.000      0.000      0.000      0.000
    75.000     65.000      0.000      0.000      0.000      0.000
    80.000     65.000      0.000      0.000      0.000      0.000
    85.000     65.000      0.000      0.000      0.000      0.000
    90.000     65.000      0.000      0.000      0.000      0.000
    95.000     65.000      0.000      0.000      0.000      0.000
   100.000     65.000      0.000      0.000      0.000      0.000
   105.000     65.000      0.000      0.000      0.000      0.000
   110.000     65.000      0.000      0.000      0.000      0.000
   115.000     65.000      0.000      0.000      0.000      0.000
   120.000     65.000      0.000      0.000      0.000      0.000
   125.000     65.000      0.000      0.000      0.000      0.000
   130.000     65.000      0.000      0.000      0.000      0.000
   135.000     65.000      0.000      0.000      0.000      0.000
   140.000     65.000      0.000      0.000      0.000      0.000
   145.000     65.000      0.000      0.000      0.000      0.000
   -25.000     70.000      0.000      0.000      0.000      0.000
   -20.000     70.000      0.000      0.000      0.000      0.000
   -15.000     70.000      0.000      0.000      0.000      0.000
   -10.000     70.000      0.000      0.000      0.000      0.000
    -5.000     70.000      0.000      0.000      0.000      0.000
     0.000     70.000      0.000      0.000      0.000      0.000
     5.000     70.000      0.000      0.000      0.000      0.000
    10.000     70.000      0.000      0.000      0.000      0.000
    15.000     70.000      0.000      0.000      0.000      0.000
    20.000     70.000      0.000      0.000      0.000      0.000
    25.000     70.000      0.000      0.000      0.000      0.000
    30.000     70.000      0.000      0.000      0.000      0.000
    35.000     70.000      0.000      0.000      0.000      0.000
    40.000     70.000      0.000      0.000      0.000      0.000
    45.000     70.000      0.000      0.000      0.000      0.000
    50.000     70.000      0.000      0.000      0.000      0.000
    55.000     70.000      0.000      0.000      0.000      0.000
    60.000     70.000      0.000      0.000      0.000      0.000
    65.000     70.000      0.000      0.000      0.000      0.000
    70.000     70.000      0.000      0.000      0.000      0.000
    75.000     70.000      0.000      0.000      0.000      0.000
    80.000     70.000      0.000      0.000      0.000      0.000
    85.000     70.000      0.000      0.000      0.000      0.000
    90.000     70.000      0.000      0.000      0.000      0.000
    95.000     70.000      0.000      0.000      0.000      0.000
   100.000     70.000      0.000      0.000      0.000      0.000
   105.000     70.000      0.000      0.000      0.000      0.000
   110.000     70.000      0.000      0.000      0.000      0.000
   115.000     70.000      0.000      0.000      0.000      0.000
   120.000     70.000      0.000      0.000      0.000      0.000
   125.000     70.000      0.000      0.000      0.000      0.000
   130.000     70.000      0.000      0.000      0.000      0.000
   135.000     70.000      0.000      0.000      0.000      0.000
   140.000     70.000      0.000      0.000      0.000      0.000
   145.000     70.000      0.000      0.000      0.000      0.000
