   -25.000    -40.000      0.000      0.000      0.000      0.000
   -20.000    -40.000      0.000      0.000      0.000      0.000
   -15.000    -40.000      0.000      0.000      0.000      0.000
   -10.000    -40.000      0.000      0.000      0.000      0.000
    -5.000    -40.000      0.000      0.000      0.000      0.000
     0.000    -40.000      0.000      0.000      0.000      0.000
     5.000    -40.000      0.000      0.000      0.000      0.000
    10.000    -40.000      0.000      0.000      0.000      0.000
    15.000    -40.000      0.000      0.000      0.000      0.000
    20.000    -40.000      0.000      0.000      0.000      0.000
    25.000    -40.000      0.000      0.000      0.000      0.000
    30.000    -40.000      0.000      0.000      0.000      0.000
    35.000    -40.000      0.000      0.000      0.000      0.000
    40.000    -40.000      0.000      0.000      0.000      0.000
    45.000    -40.000      0.000      0.000      0.000      0.000
    50.000    -40.000      0.000      0.000      0.000      0.000
    55.000    -40.000      0.000      0.000      0.000      0.000
    60.000    -40.000      0.000      0.000      0.000      0.000
    65.000    -40.000      0.000      0.000      0.000      0.000
    70.000    -40.000      0.000      0.000      0.000      0.000
    75.000    -40.000      0.000      0.000      0.000      0.000
    80.000    -40.000      0.000      0.000      0.000      0.000
    85.000    -40.000      0.000      0.000      0.000      0.000
    90.000    -40.000      0.000      0.000      0.000      0.000
    95.000    -40.000      0.000      0.000      0.000      0.000
   100.000    -40.000      0.000      0.000      0.000      0.000
   105.000    -40.000      0.000      0.000      0.000      0.000
   110.000    -40.000      0.000      0.000      0.000      0.000
   115.000    -40.000      0.000      0.000      0.000      0.000
   120.000    -40.000      0.000      0.000      0.000      0.000
   125.000    -40.000      0.000      0.000      0.000      0.000
   130.000    -40.000      0.000      0.000      0.000      0.000
   135.000    -40.000      0.000      0.000      0.000      0.000
   140.000    -40.000      0.000      0.000      0.000      0.000
   145.000    -40.000      0.000      0.000      0.000      0.000
   -25.000    -35.000      0.000      0.000      0.000      0.000
   -20.000    -35.000      0.000      0.000      0.000      0.000
   -15.000    -35.000      0.000      0.000      0.000      0.000
   -10.000    -35.000      0.000      0.000      0.000      0.000
    -5.000    -35.000      0.000      0.000      0.000      0.000
     0.000    -35.000      0.000      0.000      0.000      0.000
     5.000    -35.000      0.000      0.000      0.000      0.000
    10.000    -35.000      0.000      0.000      0.000      0.000
    15.000    -35.000      0.000      0.000      0.000      0.000
    20.000    -35.000      0.000      0.000      0.000      0.000
    25.000    -35.000      0.000      0.000      0.000      0.000
    30.000    -35.000      0.000      0.000      0.000      0.000
    35.000    -35.000      0.000      0.000      0.000      0.000
    40.000    -35.000      0.000      0.000      0.000      0.000
    45.000    -35.000      0.000      0.000      0.000      0.000
    50.000    -35.000      0.000      0.000      0.000      0.000
    55.000    -35.000      0.000      0.000      0.000      0.000
    60.000    -35.000      0.000      0.000      0.000      0.000
    65.000    -35.000      0.000      0.000      0.000      0.000
    70.000    -35.000      0.000      0.000      0.000      0.000
    75.000    -35.000      0.000      0.000      0.000      0.000
    80.000    -35.000      0.000      0.000      0.000      0.000
    85.000    -35.000      0.000      0.000      0.000      0.000
    90.000    -35.000      0.000      0.000      0.000      0.000
    95.000    -35.000      0.000      0.000      0.000      0.000
   100.000    -35.000      0.000      0.000      0.000      0.000
   105.000    -35.000      0.000      0.000      0.000      0.000
   110.000    -35.000      0.000      0.000      0.000      0.000
   115.000    -35.000      0.000      0.000      0.000      0.000
   120.000    -35.000      0.000      0.000      0.000      0.000
   125.000    -35.000      0.000      0.000      0.000      0.000
   130.000    -35.000      0.000      0.000      0.000      0.000
   135.000    -35.000      0.000      0.000      0.000      0.000
   140.000    -35.000      0.000      0.000      0.000      0.000
   145.000    -35.000      0.000      0.000      0.000      0.000
   -25.000    -30.000      0.000      0.000      0.000      0.000
   -20.000    -30.000      0.000      0.000      0.000      0.000
   -15.000    -30.000      0.000      0.000      0.000      0.000
   -10.000    -30.000      0.000      0.000      0.000      0.000
    -5.000    -30.000      0.000      0.000      0.000      0.000
     0.000    -30.000      0.000      0.000      0.000      0.000
     5.000    -30.000      0.000      0.000      0.000      0.000
    10.000    -30.000      0.000      0.000      0.000      0.000
    15.000    -30.000      0.000      0.000      0.000      0.000
    20.000    -30.000      0.000      0.000      0.000      0.000
    25.000    -30.000      0.000      0.000      0.000      0.000
    30.000    -30.000      0.000      0.000      0.000      0.000
    35.000    -30.000      0.000      0.000      0.000      0.000
    40.000    -30.000      0.000      0.000      0.000      0.000
    45.000    -30.000      0.000      0.000      0.000      0.000
    50.000    -30.000      0.000      0.000      0.000      0.000
    55.000    -30.000      0.000      0.000      0.000      0.000
    60.000    -30.000      0.000      0.000      0.000      0.000
    65.000    -30.000      0.000      0.000      0.000      0.000
    70.000    -30.000      0.000      0.000      0.000      0.000
    75.000    -30.000      0.000      0.000      0.000      0.000
    80.000    -30.000      0.000      0.000      0.000      0.000
    85.000    -30.000      0.000      0.000      0.000      0.000
    90.000    -30.000      0.000      0.000      0.000      0.000
    95.000    -30.000      0.000      0.000      0.000      0.000
   100.000    -30.000      0.000      0.000      0.000      0.000
   105.000    -30.000      0.000      0.000      0.000      0.000
   110.000    -30.000      0.000      0.000      0.000      0.000
   115.000    -30.000      0.000      0.000      0.000      0.000
   120.000    -30.000      0.000      0.000      0.000      0.000
   125.000    -30.000      0.000      0.000      0.000      0.000
   130.000    -30.000      0.000      0.000      0.000      0.000
   135.000    -30.000      0.000      0.000      0.000      0.000
   140.000    -30.000      0.000      0.000      0.000      0.000
   145.000    -30.000      0.000      0.000      0.000      0.000
   -25.000    -25.000      0.000      0.000      0.000      0.000
   -20.000    -25.000      0.000      0.000      0.000      0.000
   -15.000    -25.000      0.000      0.000      0.000      0.000
   -10.000    -25.000      0.000      0.000      1.091     53.717
    -5.000    -25.000      0.000      0.000      1.911     54.038
     0.000    -25.000      0.000      0.000      2.354     54.674
     5.000    -25.000      0.000      0.000      2.379     51.623
    10.000    -25.000      0.000      0.000      2.312     42.919
    15.000    -25.000      0.000      0.000      2.648     31.678
    20.000    -25.000      0.000      0.000      2.481     23.939
    25.000    -25.000      0.000      0.000      2.162     24.705
    30.000    -25.000      0.000      0.000      1.514     14.812
    35.000    -25.000      0.000      0.000      0.698    -31.164
    40.000    -25.000      0.000      0.000      1.264    -76.903
    45.000    -25.000      0.000      0.000      2.342    -76.965
    50.000    -25.000      0.012     79.778      2.797    -73.935
    55.000    -25.000      0.015     21.842      2.767    -64.981
    60.000    -25.000      0.049      5.383      2.944    -60.302
    65.000    -25.000      0.090      9.197      3.115    -57.373
    70.000    -25.000      0.130     11.545      3.461    -58.030
    75.000    -25.000      0.161     10.948      3.460    -52.303
    80.000    -25.000      0.172     11.954      3.337    -50.390
    85.000    -25.000      0.172     12.800      3.001    -48.075
    90.000    -25.000      0.179     12.662      2.985    -44.857
    95.000    -25.000      0.176     10.986      3.127    -42.890
   100.000    -25.000      0.178      7.551      3.077    -34.446
   105.000    -25.000      0.178      3.835      3.092    -32.219
   110.000    -25.000      0.171     -2.220      2.949    -36.631
   115.000    -25.000      0.155     -6.958      2.744    -41.999
   120.000    -25.000      0.129    -15.341      2.239    -39.191
   125.000    -25.000      0.089    -24.229      1.323    -34.975
   130.000    -25.000      0.044    -33.325      0.566    -36.762
   135.000    -25.000      0.000      0.000      0.000      0.000
   140.000    -25.000      0.000      0.000      0.000      0.000
   145.000    -25.000      0.000      0.000      0.000      0.000
   -25.000    -20.000      0.000      0.000      0.000      0.000
   -20.000    -20.000      0.000      0.000      0.000      0.000
   -15.000    -20.000      0.000      0.000      0.000      0.000
   -10.000    -20.000      0.000      0.000      1.505     64.489
    -5.000    -20.000      0.000      0.000      2.713     60.389
     0.000    -20.000      0.000      0.000      3.361     52.341
     5.000    -20.000      0.000      0.000      3.746     42.052
    10.000    -20.000      0.000      0.000      3.975     32.765
    15.000    -20.000      0.000      0.000      4.059     25.295
    20.000    -20.000      0.000      0.000      3.695     18.542
    25.000    -20.000      0.000      0.000      3.024     10.722
    30.000    -20.000      0.000      0.000      2.250     -5.484
    35.000    -20.000      0.000      0.000      2.144    -55.473
    40.000    -20.000      0.000      0.000      3.006    -81.680
    45.000    -20.000      0.000      0.000      5.028    -85.353
    50.000    -20.000      0.013    -50.769      5.709    -82.404
    55.000    -20.000      0.066     24.006      5.722    -73.598
    60.000    -20.000      0.118     19.549      5.862    -64.421
    65.000    -20.000      0.181     17.269      6.136    -59.380
    70.000    -20.000      0.236     14.947      6.174    -57.799
    75.000    -20.000      0.271      9.609      6.072    -56.306
    80.000    -20.000      0.302      5.611      5.766    -54.377
    85.000    -20.000      0.320      3.723      5.430    -50.209
    90.000    -20.000      0.326      1.914      5.313    -45.048
    95.000    -20.000      0.321     -0.707      5.375    -42.789
   100.000    -20.000      0.311     -3.331      5.196    -33.413
   105.000    -20.000      0.292     -6.274      5.263    -30.339
   110.000    -20.000      0.277     -8.176      5.193    -34.855
   115.000    -20.000      0.263    -10.935      4.571    -37.805
   120.000    -20.000      0.229    -16.072      3.483    -35.138
   125.000    -20.000      0.179    -22.429      2.175    -29.481
   130.000    -20.000      0.108    -29.955      1.030    -28.342
   135.000    -20.000      0.000      0.000      0.000      0.000
   140.000    -20.000      0.000      0.000      0.000      0.000
   145.000    -20.000      0.000      0.000      0.000      0.000
   -25.000    -15.000      0.000      0.000      0.000      0.000
   -20.000    -15.000      0.000      0.000      0.000      0.000
   -15.000    -15.000      0.000      0.000      0.000      0.000
   -10.000    -15.000      0.000      0.000      1.472     66.329
    -5.000    -15.000      0.000      0.000      3.180     64.620
     0.000    -15.000      0.000      0.000      4.258     57.709
     5.000    -15.000      0.000      0.000      4.631     47.089
    10.000    -15.000      0.000      0.000      4.670     31.556
    15.000    -15.000      0.000      0.000      4.602     17.920
    20.000    -15.000      0.000      0.000      4.144      4.966
    25.000    -15.000      0.000      0.000      3.683    -18.180
    30.000    -15.000      0.000      0.000      3.560    -41.746
    35.000    -15.000      0.000      0.000      4.359    -75.124
    40.000    -15.000      0.000      0.000      6.081    -88.117
    45.000    -15.000      0.000      0.000      7.787    -91.547
    50.000    -15.000      0.000      0.000      8.663    -89.154
    55.000    -15.000      0.076     21.376      8.576    -81.838
    60.000    -15.000      0.172     19.943      8.270    -71.664
    65.000    -15.000      0.249     12.243      8.105    -64.409
    70.000    -15.000      0.316      5.285      7.832    -60.841
    75.000    -15.000      0.363      0.995      7.478    -57.853
    80.000    -15.000      0.390     -1.055      7.029    -55.715
    85.000    -15.000      0.396     -2.349      6.795    -52.816
    90.000    -15.000      0.385     -2.908      6.539    -44.091
    95.000    -15.000      0.373     -2.862      6.474    -41.012
   100.000    -15.000      0.359     -3.165      6.292    -34.524
   105.000    -15.000      0.355     -5.420      6.252    -30.471
   110.000    -15.000      0.365     -7.824      6.253    -33.837
   115.000    -15.000      0.369     -8.597      5.513    -34.011
   120.000    -15.000      0.356     -9.583      3.952    -27.093
   125.000    -15.000      0.304     -9.023      2.480    -21.555
   130.000    -15.000      0.194     -7.360      1.241    -21.497
   135.000    -15.000      0.000      0.000      0.000      0.000
   140.000    -15.000      0.000      0.000      0.000      0.000
   145.000    -15.000      0.000      0.000      0.000      0.000
   -25.000    -10.000      0.000      0.000      0.000      0.000
   -20.000    -10.000      0.000      0.000      0.000      0.000
   -15.000    -10.000      0.000      0.000      0.000      0.000
   -10.000    -10.000      0.000      0.000      1.094     62.642
    -5.000    -10.000      0.000      0.000      2.878     60.525
     0.000    -10.000      0.000      0.000      3.784     53.671
     5.000    -10.000      0.000      0.000      3.872     41.336
    10.000    -10.000      0.000      0.000      3.943     21.803
    15.000    -10.000      0.000      0.000      4.265     -1.518
    20.000    -10.000      0.000      0.000      4.573    -22.112
    25.000    -10.000      0.000      0.000      4.977    -47.597
    30.000    -10.000      0.000      0.000      6.147    -66.661
    35.000    -10.000      0.000      0.000      7.589    -83.544
    40.000    -10.000      0.000      0.000      8.901    -94.673
    45.000    -10.000      0.000      0.000     10.536    -97.327
    50.000    -10.000      0.000      0.000     11.072    -94.688
    55.000    -10.000      0.105      3.690     10.965    -88.489
    60.000    -10.000      0.208      3.428     10.518    -80.925
    65.000    -10.000      0.293      3.595      9.568    -71.701
    70.000    -10.000      0.360      1.517      8.537    -65.581
    75.000    -10.000      0.403     -2.292      7.580    -60.076
    80.000    -10.000      0.413     -5.748      7.163    -57.159
    85.000    -10.000      0.410     -7.814      7.105    -54.163
    90.000    -10.000      0.395     -8.115      6.764    -43.104
    95.000    -10.000      0.384     -5.639      6.486    -37.284
   100.000    -10.000      0.372     -1.932      6.293    -31.556
   105.000    -10.000      0.370      2.103      6.079    -29.571
   110.000    -10.000      0.376      6.562      5.741    -31.025
   115.000    -10.000      0.395     10.639      4.953    -28.170
   120.000    -10.000      0.389     10.864      3.557    -18.910
   125.000    -10.000      0.335      9.319      2.283    -14.866
   130.000    -10.000      0.211      6.083      1.234    -13.104
   135.000    -10.000      0.000      0.000      0.000      0.000
   140.000    -10.000      0.000      0.000      0.000      0.000
   145.000    -10.000      0.000      0.000      0.000      0.000
   -25.000     -5.000      0.000      0.000      0.000      0.000
   -20.000     -5.000      0.000      0.000      0.000      0.000
   -15.000     -5.000      0.000      0.000      0.000      0.000
   -10.000     -5.000      0.000      0.000      0.875     51.888
    -5.000     -5.000      0.000      0.000      2.179     47.315
     0.000     -5.000      0.000      0.000      2.959     37.175
     5.000     -5.000      0.000      0.000      3.058     22.745
    10.000     -5.000      0.000      0.000      3.155      1.333
    15.000     -5.000      0.000      0.000      3.824    -35.741
    20.000     -5.000      0.000      0.000      5.516    -56.338
    25.000     -5.000      0.000      0.000      7.322    -70.630
    30.000     -5.000      0.000      0.000      9.335    -81.425
    35.000     -5.000      0.000      0.000     11.219    -91.657
    40.000     -5.000      0.000      0.000     12.295    -97.658
    45.000     -5.000      0.000      0.000     13.268   -100.557
    50.000     -5.000      0.000      0.000     13.359   -100.730
    55.000     -5.000      0.038      3.995     12.747    -97.050
    60.000     -5.000      0.175    -16.078     11.766    -90.088
    65.000     -5.000      0.283     -5.865     10.125    -81.778
    70.000     -5.000      0.352     -4.437      8.080    -73.377
    75.000     -5.000      0.388     -5.386      6.755    -65.982
    80.000     -5.000      0.391     -7.063      6.034    -58.860
    85.000     -5.000      0.377     -8.212      6.102    -54.448
    90.000     -5.000      0.353     -7.980      5.995    -44.570
    95.000     -5.000      0.332     -3.713      5.647    -34.419
   100.000     -5.000      0.324      5.560      5.422    -28.518
   105.000     -5.000      0.337     16.662      5.304    -30.439
   110.000     -5.000      0.351     25.642      4.673    -31.001
   115.000     -5.000      0.354     32.169      3.603    -25.690
   120.000     -5.000      0.340     35.823      2.576     -9.455
   125.000     -5.000      0.298     36.615      1.721     -3.829
   130.000     -5.000      0.184     37.443      0.964     -4.419
   135.000     -5.000      0.000      0.000      0.000      0.000
   140.000     -5.000      0.000      0.000      0.000      0.000
   145.000     -5.000      0.000      0.000      0.000      0.000
   -25.000      0.000      0.000      0.000      0.000      0.000
   -20.000      0.000      0.000      0.000      0.000      0.000
   -15.000      0.000      0.000      0.000      0.000      0.000
   -10.000      0.000      0.000      0.000      0.761     31.969
    -5.000      0.000      0.000      0.000      1.819     29.767
     0.000      0.000      0.000      0.000      2.477     21.984
     5.000      0.000      0.000      0.000      2.638      1.752
    10.000      0.000      0.000      0.000      3.018    -32.104
    15.000      0.000      0.000      0.000      4.922    -62.973
    20.000      0.000      0.000      0.000      7.829    -78.354
    25.000      0.000      0.000      0.000     10.283    -85.752
    30.000      0.000      0.000      0.000     12.794    -92.657
    35.000      0.000      0.000      0.000     14.745    -98.097
    40.000      0.000      0.000      0.000     15.662   -101.637
    45.000      0.000      0.000      0.000     16.047   -104.375
    50.000      0.000      0.000      0.000     15.533   -105.769
    55.000      0.000      0.009    159.775     14.294   -104.850
    60.000      0.000      0.089      6.456     12.360    -99.958
    65.000      0.000      0.189      6.056     10.208    -93.335
    70.000      0.000      0.256      1.651      7.481    -84.809
    75.000      0.000      0.291     -1.319      5.451    -77.060
    80.000      0.000      0.296     -3.885      4.543    -66.593
    85.000      0.000      0.288     -3.206      4.150    -52.581
    90.000      0.000      0.276      3.678      4.304    -41.556
    95.000      0.000      0.270     16.484      4.360    -28.633
   100.000      0.000      0.279     32.143      4.249    -26.822
   105.000      0.000      0.314     45.188      3.863    -30.062
   110.000      0.000      0.360     52.819      3.102    -32.361
   115.000      0.000      0.378     57.640      2.033    -17.712
   120.000      0.000      0.360     61.924      1.501     11.085
   125.000      0.000      0.280     65.388      1.194     29.048
   130.000      0.000      0.152     71.219      0.807     52.305
   135.000      0.000      0.000      0.000      0.000      0.000
   140.000      0.000      0.000      0.000      0.000      0.000
   145.000      0.000      0.000      0.000      0.000      0.000
   -25.000      5.000      0.000      0.000      0.000      0.000
   -20.000      5.000      0.000      0.000      0.000      0.000
   -15.000      5.000      0.000      0.000      0.000      0.000
   -10.000      5.000      0.000      0.000      0.935     11.011
    -5.000      5.000      0.000      0.000      1.787      8.636
     0.000      5.000      0.000      0.000      2.199     -1.515
     5.000      5.000      0.000      0.000      2.457    -31.919
    10.000      5.000      0.000      0.000      3.887    -66.013
    15.000      5.000      0.000      0.000      7.180    -83.293
    20.000      5.000      0.000      0.000     10.959    -91.260
    25.000      5.000      0.000      0.000     13.543    -95.410
    30.000      5.000      0.000      0.000     15.858    -99.621
    35.000      5.000      0.000      0.000     17.828   -101.890
    40.000      5.000      0.000      0.000     18.458   -104.958
    45.000      5.000      0.000      0.000     18.006   -107.745
    50.000      5.000      0.000      0.000     16.642   -109.454
    55.000      5.000      0.025    138.982     15.267   -110.311
    60.000      5.000      0.090     98.760     12.931   -109.253
    65.000      5.000      0.097     64.614     10.312   -104.795
    70.000      5.000      0.120     33.448      6.977    -97.777
    75.000      5.000      0.149     18.798      4.372    -90.069
    80.000      5.000      0.162     14.801      2.764    -76.493
    85.000      5.000      0.171     19.766      1.999    -51.343
    90.000      5.000      0.198     31.200      2.280    -40.211
    95.000      5.000      0.239     44.315      2.712    -24.957
   100.000      5.000      0.291     54.849      2.913    -26.385
   105.000      5.000      0.352     63.020      2.331    -26.923
   110.000      5.000      0.402     68.327      1.461    -31.707
   115.000      5.000      0.412     72.562      0.687      6.199
   120.000      5.000      0.372     77.137      0.789     50.468
   125.000      5.000      0.285     81.692      0.928     70.677
   130.000      5.000      0.154     90.801      0.845     84.997
   135.000      5.000      0.000      0.000      0.000      0.000
   140.000      5.000      0.000      0.000      0.000      0.000
   145.000      5.000      0.000      0.000      0.000      0.000
   -25.000     10.000      0.000      0.000      0.000      0.000
   -20.000     10.000      0.000      0.000      0.000      0.000
   -15.000     10.000      0.000      0.000      0.000      0.000
   -10.000     10.000      0.000      0.000      0.579    -26.391
    -5.000     10.000      0.000      0.000      1.179    -17.236
     0.000     10.000      0.000      0.000      1.745    -38.830
     5.000     10.000      0.000      0.000      2.936    -67.430
    10.000     10.000      0.000      0.000      5.079    -85.667
    15.000     10.000      0.000      0.000      8.759    -94.050
    20.000     10.000      0.000      0.000     12.729    -98.160
    25.000     10.000      0.000      0.000     15.504   -101.204
    30.000     10.000      0.000      0.000     17.706   -104.082
    35.000     10.000      0.000      0.000     19.589   -105.201
    40.000     10.000      0.000      0.000     20.218   -106.560
    45.000     10.000      0.000      0.000     18.685   -110.189
    50.000     10.000      0.000      0.000     17.004   -112.582
    55.000     10.000      0.089     99.930     15.068   -115.116
    60.000     10.000      0.160    107.672     12.593   -117.048
    65.000     10.000      0.168    109.246      9.924   -116.234
    70.000     10.000      0.139    108.626      6.835   -113.007
    75.000     10.000      0.107    100.428      3.759   -108.062
    80.000     10.000      0.103     85.317      1.554   -103.528
    85.000     10.000      0.128     77.213      0.247    -58.137
    90.000     10.000      0.167     74.248      0.386    -35.082
    95.000     10.000      0.216     73.332      0.941    -19.818
   100.000     10.000      0.271     72.962      1.288    -24.875
   105.000     10.000      0.330     73.806      0.860    -28.726
   110.000     10.000      0.372     75.744      0.072     -1.167
   115.000     10.000      0.386     77.578      0.600    130.857
   120.000     10.000      0.364     79.285      0.718    124.028
   125.000     10.000      0.278     83.383      1.132    104.356
   130.000     10.000      0.148     92.274      0.764     99.644
   135.000     10.000      0.000      0.000      0.000      0.000
   140.000     10.000      0.000      0.000      0.000      0.000
   145.000     10.000      0.000      0.000      0.000      0.000
   -25.000     15.000      0.000      0.000      0.000      0.000
   -20.000     15.000      0.000      0.000      0.000      0.000
   -15.000     15.000      0.000      0.000      0.000      0.000
   -10.000     15.000      0.000      0.000      0.662    -65.869
    -5.000     15.000      0.000      0.000      1.420    -70.900
     0.000     15.000      0.000      0.000      2.298    -80.973
     5.000     15.000      0.000      0.000      4.026    -91.224
    10.000     15.000      0.000      0.000      7.087    -98.621
    15.000     15.000      0.000      0.000     10.385   -100.907
    20.000     15.000      0.000      0.000     14.041   -102.639
    25.000     15.000      0.000      0.000     16.708   -104.807
    30.000     15.000      0.000      0.000     18.801   -106.916
    35.000     15.000      0.000      0.000     20.280   -107.684
    40.000     15.000      0.000      0.000     20.140   -108.663
    45.000     15.000      0.000      0.000     17.925   -111.517
    50.000     15.000      0.000      0.000     16.144   -115.533
    55.000     15.000      0.060    111.791     13.807   -119.669
    60.000     15.000      0.135    123.616     11.716   -122.469
    65.000     15.000      0.168    132.056      9.279   -124.319
    70.000     15.000      0.168    137.426      6.778   -125.147
    75.000     15.000      0.155    139.957      3.746   -127.185
    80.000     15.000      0.139    138.156      1.239   -150.669
    85.000     15.000      0.135    127.082      0.854    137.842
    90.000     15.000      0.148    113.013      1.011    121.983
    95.000     15.000      0.191    100.283      0.464    170.362
   100.000     15.000      0.239     92.047      0.299   -168.269
   105.000     15.000      0.291     85.968      0.557    177.594
   110.000     15.000      0.341     82.830      1.006    157.129
   115.000     15.000      0.368     81.815      1.340    157.022
   120.000     15.000      0.356     81.893      1.325    151.642
   125.000     15.000      0.284     82.713      0.965    140.333
   130.000     15.000      0.155     84.923      0.491    122.708
   135.000     15.000      0.000      0.000      0.000      0.000
   140.000     15.000      0.000      0.000      0.000      0.000
   145.000     15.000      0.000      0.000      0.000      0.000
   -25.000     20.000      0.000      0.000      0.000      0.000
   -20.000     20.000      0.000      0.000      0.000      0.000
   -15.000     20.000      0.000      0.000      0.000      0.000
   -10.000     20.000      0.000      0.000      1.080    -84.057
    -5.000     20.000      0.000      0.000      2.128    -93.372
     0.000     20.000      0.000      0.000      3.511   -103.254
     5.000     20.000      0.000      0.000      5.496   -106.276
    10.000     20.000      0.000      0.000      7.961   -105.945
    15.000     20.000      0.000      0.000     10.766   -105.631
    20.000     20.000      0.000      0.000     13.818   -105.741
    25.000     20.000      0.000      0.000     16.198   -106.760
    30.000     20.000      0.000      0.000     17.934   -108.478
    35.000     20.000      0.000      0.000     19.193   -109.922
    40.000     20.000      0.000      0.000     18.595   -110.791
    45.000     20.000      0.000      0.000     16.291   -113.652
    50.000     20.000      0.023     93.008     14.169   -118.536
    55.000     20.000      0.092    116.751     11.935   -123.970
    60.000     20.000      0.137    141.216     10.010   -127.225
    65.000     20.000      0.163    153.321      8.077   -131.186
    70.000     20.000      0.170    161.226      5.950   -136.184
    75.000     20.000      0.166    165.751      3.699   -141.247
    80.000     20.000      0.157    165.978      1.681   -170.578
    85.000     20.000      0.142    158.794      1.484    133.613
    90.000     20.000      0.136    143.427      1.635    125.692
    95.000     20.000      0.148    126.721      1.401    154.501
   100.000     20.000      0.184    110.406      1.466    172.842
   105.000     20.000      0.239     98.797      1.579    165.432
   110.000     20.000      0.288     92.232      1.562    167.963
   115.000     20.000      0.311     87.846      1.656    169.862
   120.000     20.000      0.311     84.321      1.670    165.396
   125.000     20.000      0.267     80.190      1.148    171.384
   130.000     20.000      0.168     74.812      0.588    141.760
   135.000     20.000      0.000      0.000      0.000      0.000
   140.000     20.000      0.000      0.000      0.000      0.000
   145.000     20.000      0.000      0.000      0.000      0.000
   -25.000     25.000      0.000      0.000      0.000      0.000
   -20.000     25.000      0.000      0.000      0.000      0.000
   -15.000     25.000      0.000      0.000      0.000      0.000
   -10.000     25.000      0.000      0.000      0.956    -90.611
    -5.000     25.000      0.000      0.000      2.264   -100.269
     0.000     25.000      0.000      0.000      3.947   -106.213
     5.000     25.000      0.000      0.000      5.847   -108.152
    10.000     25.000      0.000      0.000      7.890   -108.129
    15.000     25.000      0.000      0.000     10.081   -107.355
    20.000     25.000      0.000      0.000     12.130   -106.869
    25.000     25.000      0.000      0.000     13.862   -107.784
    30.000     25.000      0.000      0.000     15.249   -109.699
    35.000     25.000      0.000      0.000     16.435   -111.101
    40.000     25.000      0.000      0.000     15.705   -112.121
    45.000     25.000      0.000      0.000     13.369   -115.870
    50.000     25.000      0.037     87.257     11.151   -120.649
    55.000     25.000      0.135    104.569      9.246   -127.614
    60.000     25.000      0.152    127.109      7.823   -131.703
    65.000     25.000      0.161    146.645      6.600   -136.594
    70.000     25.000      0.162    163.186      5.019   -142.859
    75.000     25.000      0.158    174.938      3.442   -149.105
    80.000     25.000      0.149   -176.539      2.034   -170.023
    85.000     25.000      0.138   -173.328      1.505    143.167
    90.000     25.000      0.124   -178.968      1.605    133.964
    95.000     25.000      0.113    165.055      1.671    160.376
   100.000     25.000      0.117    142.342      1.915    174.839
   105.000     25.000      0.138    122.461      1.945    174.011
   110.000     25.000      0.175    105.857      1.863    179.379
   115.000     25.000      0.216     92.709      1.833    170.339
   120.000     25.000      0.242     83.614      1.684    171.115
   125.000     25.000      0.227     77.435      1.272    175.845
   130.000     25.000      0.151     72.503      0.601   -179.431
   135.000     25.000      0.000      0.000      0.000      0.000
   140.000     25.000      0.000      0.000      0.000      0.000
   145.000     25.000      0.000      0.000      0.000      0.000
   -25.000     30.000      0.000      0.000      0.000      0.000
   -20.000     30.000      0.000      0.000      0.000      0.000
   -15.000     30.000      0.000      0.000      0.000      0.000
   -10.000     30.000      0.000      0.000      1.227    -92.308
    -5.000     30.000      0.000      0.000      2.361   -101.697
     0.000     30.000      0.000      0.000      3.424   -107.279
     5.000     30.000      0.000      0.000      4.572   -109.509
    10.000     30.000      0.000      0.000      6.050   -109.006
    15.000     30.000      0.000      0.000      7.511   -108.335
    20.000     30.000      0.000      0.000      8.797   -108.583
    25.000     30.000      0.000      0.000     10.141   -107.912
    30.000     30.000      0.000      0.000     11.079   -109.872
    35.000     30.000      0.000      0.000     11.846   -112.082
    40.000     30.000      0.000      0.000     11.399   -112.893
    45.000     30.000      0.000      0.000      9.639   -116.370
    50.000     30.000      0.104     81.949      7.640   -122.196
    55.000     30.000      0.153    101.242      6.265   -129.154
    60.000     30.000      0.149    124.189      5.359   -135.291
    65.000     30.000      0.143    145.144      4.545   -140.458
    70.000     30.000      0.140    161.175      3.603   -149.219
    75.000     30.000      0.138    176.138      2.841   -153.013
    80.000     30.000      0.137   -169.005      1.802   -172.833
    85.000     30.000      0.133   -159.455      1.256    153.277
    90.000     30.000      0.126   -154.248      1.233    142.976
    95.000     30.000      0.107   -152.941      1.357    156.189
   100.000     30.000      0.079   -156.209      1.644    177.117
   105.000     30.000      0.052    175.992      1.739   -175.853
   110.000     30.000      0.058    125.751      1.775   -176.406
   115.000     30.000      0.092     95.799      1.563    177.956
   120.000     30.000      0.122     82.080      1.327    175.090
   125.000     30.000      0.122     74.106      1.015   -177.561
   130.000     30.000      0.083     67.190      0.664   -155.906
   135.000     30.000      0.000      0.000      0.000      0.000
   140.000     30.000      0.000      0.000      0.000      0.000
   145.000     30.000      0.000      0.000      0.000      0.000
   -25.000     35.000      0.000      0.000      0.000      0.000
   -20.000     35.000      0.000      0.000      0.000      0.000
   -15.000     35.000      0.000      0.000      0.000      0.000
   -10.000     35.000      0.000      0.000      0.677    -95.894
    -5.000     35.000      0.000      0.000      1.287    -99.956
     0.000     35.000      0.000      0.000      1.917   -106.657
     5.000     35.000      0.000      0.000      2.618   -109.199
    10.000     35.000      0.000      0.000      3.393   -108.408
    15.000     35.000      0.000      0.000      3.919   -108.837
    20.000     35.000      0.000      0.000      4.342   -109.179
    25.000     35.000      0.000      0.000      4.929   -109.577
    30.000     35.000      0.000      0.000      5.681   -111.097
    35.000     35.000      0.000      0.000      6.256   -112.540
    40.000     35.000      0.000      0.000      5.969   -112.990
    45.000     35.000      0.016     80.807      4.875   -117.956
    50.000     35.000      0.078     95.453      3.783   -124.288
    55.000     35.000      0.101    114.310      3.347   -129.659
    60.000     35.000      0.104    130.142      2.721   -135.766
    65.000     35.000      0.099    147.470      2.376   -141.932
    70.000     35.000      0.102    167.515      1.887   -152.907
    75.000     35.000      0.100   -179.643      1.657   -153.513
    80.000     35.000      0.090   -168.783      1.141   -173.350
    85.000     35.000      0.081   -156.215      0.883    155.941
    90.000     35.000      0.080   -142.321      0.746    145.644
    95.000     35.000      0.070   -132.759      0.746    150.418
   100.000     35.000      0.055   -122.441      0.890   -175.955
   105.000     35.000      0.034   -107.617      1.070   -172.557
   110.000     35.000      0.016    -81.646      1.111   -169.849
   115.000     35.000      0.007     18.801      1.047   -171.268
   120.000     35.000      0.020     70.138      0.773   -178.212
   125.000     35.000      0.030     80.216      0.536   -164.313
   130.000     35.000      0.023    102.626      0.439   -149.129
   135.000     35.000      0.000      0.000      0.000      0.000
   140.000     35.000      0.000      0.000      0.000      0.000
   145.000     35.000      0.000      0.000      0.000      0.000
   -25.000     40.000      0.000      0.000      0.000      0.000
   -20.000     40.000      0.000      0.000      0.000      0.000
   -15.000     40.000      0.000      0.000      0.000      0.000
   -10.000     40.000      0.000      0.000      0.000      0.000
    -5.000     40.000      0.000      0.000      0.000      0.000
     0.000     40.000      0.000      0.000      0.000      0.000
     5.000     40.000      0.000      0.000      0.000      0.000
    10.000     40.000      0.000      0.000      0.000      0.000
    15.000     40.000      0.000      0.000      0.000      0.000
    20.000     40.000      0.000      0.000      0.000      0.000
    25.000     40.000      0.000      0.000      0.000      0.000
    30.000     40.000      0.000      0.000      0.000      0.000
    35.000     40.000      0.000      0.000      0.000      0.000
    40.000     40.000      0.000      0.000      0.000      0.000
    45.000     40.000      0.000      0.000      0.000      0.000
    50.000     40.000      0.000      0.000      0.000      0.000
    55.000     40.000      0.000      0.000      0.000      0.000
    60.000     40.000      0.000      0.000      0.000      0.000
    65.000     40.000      0.000      0.000      0.000      0.000
    70.000     40.000      0.000      0.000      0.000      0.000
    75.000     40.000      0.000      0.000      0.000      0.000
    80.000     40.000      0.000      0.000      0.000      0.000
    85.000     40.000      0.000      0.000      0.000      0.000
    90.000     40.000      0.000      0.000      0.000      0.000
    95.000     40.000      0.000      0.000      0.000      0.000
   100.000     40.000      0.000      0.000      0.000      0.000
   105.000     40.000      0.000      0.000      0.000      0.000
   110.000     40.000      0.000      0.000      0.000      0.000
   115.000     40.000      0.000      0.000      0.000      0.000
   120.000     40.000      0.000      0.000      0.000      0.000
   125.000     40.000      0.000      0.000      0.000      0.000
   130.000     40.000      0.000      0.000      0.000      0.000
   135.000     40.000      0.000      0.000      0.000      0.000
   140.000     40.000      0.000      0.000      0.000      0.000
   145.000     40.000      0.000      0.000      0.000      0.000
   -25.000     45.000      0.000      0.000      0.000      0.000
   -20.000     45.000      0.000      0.000      0.000      0.000
   -15.000     45.000      0.000      0.000      0.000      0.000
   -10.000     45.000      0.000      0.000      0.000      0.000
    -5.000     45.000      0.000      0.000      0.000      0.000
     0.000     45.000      0.000      0.000      0.000      0.000
     5.000     45.000      0.000      0.000      0.000      0.000
    10.000     45.000      0.000      0.000      0.000      0.000
    15.000     45.000      0.000      0.000      0.000      0.000
    20.000     45.000      0.000      0.000      0.000      0.000
    25.000     45.000      0.000      0.000      0.000      0.000
    30.000     45.000      0.000      0.000      0.000      0.000
    35.000     45.000      0.000      0.000      0.000      0.000
    40.000     45.000      0.000      0.000      0.000      0.000
    45.000     45.000      0.000      0.000      0.000      0.000
    50.000     45.000      0.000      0.000      0.000      0.000
    55.000     45.000      0.000      0.000      0.000      0.000
    60.000     45.000      0.000      0.000      0.000      0.000
    65.000     45.000      0.000      0.000      0.000      0.000
    70.000     45.000      0.000      0.000      0.000      0.000
    75.000     45.000      0.000      0.000      0.000      0.000
    80.000     45.000      0.000      0.000      0.000      0.000
    85.000     45.000      0.000      0.000      0.000      0.000
    90.000     45.000      0.000      0.000      0.000      0.000
    95.000     45.000      0.000      0.000      0.000      0.000
   100.000     45.000      0.000      0.000      0.000      0.000
   105.000     45.000      0.000      0.000      0.000      0.000
   110.000     45.000      0.000      0.000      0.000      0.000
   115.000     45.000      0.000      0.000      0.000      0.000
   120.000     45.000      0.000      0.000      0.000      0.000
   125.000     45.000      0.000      0.000      0.000      0.000
   130.000     45.000      0.000      0.000      0.000      0.000
   135.000     45.000      0.000      0.000      0.000      0.000
   140.000     45.000      0.000      0.000      0.000      0.000
   145.000     45.000      0.000      0.000      0.000      0.000
   -25.000     50.000      0.000      0.000      0.000      0.000
   -20.000     50.000      0.000      0.000      0.000      0.000
   -15.000     50.000      0.000      0.000      0.000      0.000
   -10.000     50.000      0.000      0.000      0.000      0.000
    -5.000     50.000      0.000      0.000      0.000      0.000
     0.000     50.000      0.000      0.000      0.000      0.000
     5.000     50.000      0.000      0.000      0.000      0.000
    10.000     50.000      0.000      0.000      0.000      0.000
    15.000     50.000      0.000      0.000      0.000      0.000
    20.000     50.000      0.000      0.000      0.000      0.000
    25.000     50.000      0.000      0.000      0.000      0.000
    30.000     50.000      0.000      0.000      0.000      0.000
    35.000     50.000      0.000      0.000      0.000      0.000
    40.000     50.000      0.000      0.000      0.000      0.000
    45.000     50.000      0.000      0.000      0.000      0.000
    50.000     50.000      0.000      0.000      0.000      0.000
    55.000     50.000      0.000      0.000      0.000      0.000
    60.000     50.000      0.000      0.000      0.000      0.000
    65.000     50.000      0.000      0.000      0.000      0.000
    70.000     50.000      0.000      0.000      0.000      0.000
    75.000     50.000      0.000      0.000      0.000      0.000
    80.000     50.000      0.000      0.000      0.000      0.000
    85.000     50.000      0.000      0.000      0.000      0.000
    90.000     50.000      0.000      0.000      0.000      0.000
    95.000     50.000      0.000      0.000      0.000      0.000
   100.000     50.000      0.000      0.000      0.000      0.000
   105.000     50.000      0.000      0.000      0.000      0.000
   110.000     50.000      0.000      0.000      0.000      0.000
   115.000     50.000      0.000      0.000      0.000      0.000
   120.000     50.000      0.000      0.000      0.000      0.000
   125.000     50.000      0.000      0.000      0.000      0.000
   130.000     50.000      0.000      0.000      0.000      0.000
   135.000     50.000      0.000      0.000      0.000      0.000
   140.000     50.000      0.000      0.000      0.000      0.000
   145.000     50.000      0.000      0.000      0.000      0.000
