   -25.000    -40.000      0.000      0.000      0.000      0.000
   -20.000    -40.000      0.000      0.000      0.000      0.000
   -15.000    -40.000      0.000      0.000      0.000      0.000
   -10.000    -40.000      0.000      0.000      0.000      0.000
    -5.000    -40.000      0.000      0.000      0.000      0.000
     0.000    -40.000      0.000      0.000      0.000      0.000
     5.000    -40.000      0.000      0.000      0.000      0.000
    10.000    -40.000      0.000      0.000      0.000      0.000
    15.000    -40.000      0.000      0.000      0.000      0.000
    20.000    -40.000      0.000      0.000      0.000      0.000
    25.000    -40.000      0.000      0.000      0.000      0.000
    30.000    -40.000      0.000      0.000      0.000      0.000
    35.000    -40.000      0.000      0.000      0.000      0.000
    40.000    -40.000      0.000      0.000      0.000      0.000
    45.000    -40.000      0.000      0.000      0.000      0.000
    50.000    -40.000      0.000      0.000      0.000      0.000
    55.000    -40.000      0.000      0.000      0.000      0.000
    60.000    -40.000      0.000      0.000      0.000      0.000
    65.000    -40.000      0.000      0.000      0.000      0.000
    70.000    -40.000      0.000      0.000      0.000      0.000
    75.000    -40.000      0.000      0.000      0.000      0.000
    80.000    -40.000      0.000      0.000      0.000      0.000
    85.000    -40.000      0.000      0.000      0.000      0.000
    90.000    -40.000      0.000      0.000      0.000      0.000
    95.000    -40.000      0.000      0.000      0.000      0.000
   100.000    -40.000      0.000      0.000      0.000      0.000
   105.000    -40.000      0.000      0.000      0.000      0.000
   110.000    -40.000      0.000      0.000      0.000      0.000
   115.000    -40.000      0.000      0.000      0.000      0.000
   120.000    -40.000      0.000      0.000      0.000      0.000
   125.000    -40.000      0.000      0.000      0.000      0.000
   130.000    -40.000      0.000      0.000      0.000      0.000
   135.000    -40.000      0.000      0.000      0.000      0.000
   140.000    -40.000      0.000      0.000      0.000      0.000
   145.000    -40.000      0.000      0.000      0.000      0.000
   -25.000    -35.000      0.000      0.000      0.000      0.000
   -20.000    -35.000      0.000      0.000      0.000      0.000
   -15.000    -35.000      0.000      0.000      0.000      0.000
   -10.000    -35.000      0.000      0.000      0.000      0.000
    -5.000    -35.000      0.000      0.000      0.000      0.000
     0.000    -35.000      0.000      0.000      0.000      0.000
     5.000    -35.000      0.000      0.000      0.000      0.000
    10.000    -35.000      0.000      0.000      0.000      0.000
    15.000    -35.000      0.000      0.000      0.000      0.000
    20.000    -35.000      0.000      0.000      0.000      0.000
    25.000    -35.000      0.000      0.000      0.000      0.000
    30.000    -35.000      0.000      0.000      0.000      0.000
    35.000    -35.000      0.000      0.000      0.000      0.000
    40.000    -35.000      0.000      0.000      0.000      0.000
    45.000    -35.000      0.000      0.000      0.000      0.000
    50.000    -35.000      0.000      0.000      0.000      0.000
    55.000    -35.000      0.000      0.000      0.000      0.000
    60.000    -35.000      0.000      0.000      0.000      0.000
    65.000    -35.000      0.000      0.000      0.000      0.000
    70.000    -35.000      0.000      0.000      0.000      0.000
    75.000    -35.000      0.000      0.000      0.000      0.000
    80.000    -35.000      0.000      0.000      0.000      0.000
    85.000    -35.000      0.000      0.000      0.000      0.000
    90.000    -35.000      0.000      0.000      0.000      0.000
    95.000    -35.000      0.000      0.000      0.000      0.000
   100.000    -35.000      0.000      0.000      0.000      0.000
   105.000    -35.000      0.000      0.000      0.000      0.000
   110.000    -35.000      0.000      0.000      0.000      0.000
   115.000    -35.000      0.000      0.000      0.000      0.000
   120.000    -35.000      0.000      0.000      0.000      0.000
   125.000    -35.000      0.000      0.000      0.000      0.000
   130.000    -35.000      0.000      0.000      0.000      0.000
   135.000    -35.000      0.000      0.000      0.000      0.000
   140.000    -35.000      0.000      0.000      0.000      0.000
   145.000    -35.000      0.000      0.000      0.000      0.000
   -25.000    -30.000      0.000      0.000      0.000      0.000
   -20.000    -30.000      0.000      0.000      0.000      0.000
   -15.000    -30.000      0.000      0.000      0.000      0.000
   -10.000    -30.000      0.000      0.000      0.000      0.000
    -5.000    -30.000      0.000      0.000      0.000      0.000
     0.000    -30.000      0.000      0.000      0.000      0.000
     5.000    -30.000      0.000      0.000      0.000      0.000
    10.000    -30.000      0.000      0.000      0.000      0.000
    15.000    -30.000      0.000      0.000      0.000      0.000
    20.000    -30.000      0.000      0.000      0.000      0.000
    25.000    -30.000      0.000      0.000      0.000      0.000
    30.000    -30.000      0.000      0.000      0.000      0.000
    35.000    -30.000      0.000      0.000      0.000      0.000
    40.000    -30.000      0.000      0.000      0.000      0.000
    45.000    -30.000      0.000      0.000      0.000      0.000
    50.000    -30.000      0.000      0.000      0.000      0.000
    55.000    -30.000      0.000      0.000      0.000      0.000
    60.000    -30.000      0.000      0.000      0.000      0.000
    65.000    -30.000      0.000      0.000      0.000      0.000
    70.000    -30.000      0.000      0.000      0.000      0.000
    75.000    -30.000      0.000      0.000      0.000      0.000
    80.000    -30.000      0.000      0.000      0.000      0.000
    85.000    -30.000      0.000      0.000      0.000      0.000
    90.000    -30.000      0.000      0.000      0.000      0.000
    95.000    -30.000      0.000      0.000      0.000      0.000
   100.000    -30.000      0.000      0.000      0.000      0.000
   105.000    -30.000      0.000      0.000      0.000      0.000
   110.000    -30.000      0.000      0.000      0.000      0.000
   115.000    -30.000      0.000      0.000      0.000      0.000
   120.000    -30.000      0.000      0.000      0.000      0.000
   125.000    -30.000      0.000      0.000      0.000      0.000
   130.000    -30.000      0.000      0.000      0.000      0.000
   135.000    -30.000      0.000      0.000      0.000      0.000
   140.000    -30.000      0.000      0.000      0.000      0.000
   145.000    -30.000      0.000      0.000      0.000      0.000
   -25.000    -25.000      0.000      0.000      0.000      0.000
   -20.000    -25.000      0.000      0.000      0.000      0.000
   -15.000    -25.000      0.000      0.000      0.000      0.000
   -10.000    -25.000      0.000      0.000      1.091     53.717
    -5.000    -25.000      0.000      0.000      1.911     54.038
     0.000    -25.000      0.000      0.000      2.354     54.674
     5.000    -25.000      0.000      0.000      2.379     51.623
    10.000    -25.000      0.000      0.000      2.312     42.919
    15.000    -25.000      0.000      0.000      2.648     31.678
    20.000    -25.000      0.000      0.000      2.481     23.939
    25.000    -25.000      0.000      0.000      2.162     24.705
    30.000    -25.000      0.000      0.000      1.514     14.812
    35.000    -25.000      0.000      0.000      0.698    -31.164
    40.000    -25.000      0.000      0.000      1.264    -76.903
    45.000    -25.000      0.000      0.000      2.342    -76.965
    50.000    -25.000      0.000      0.000      2.797    -73.935
    55.000    -25.000      0.000      0.000      2.736    -64.901
    60.000    -25.000      0.033     86.220      2.881    -57.930
    65.000    -25.000      0.112     64.580      3.051    -51.762
    70.000    -25.000      0.120     50.206      3.469    -52.146
    75.000    -25.000      0.124     44.741      3.551    -46.339
    80.000    -25.000      0.114     43.909      3.462    -44.633
    85.000    -25.000      0.089     38.575      3.151    -42.698
    90.000    -25.000      0.062     19.935      3.152    -40.816
    95.000    -25.000      0.053    -11.026      3.317    -40.203
   100.000    -25.000      0.068    -38.835      3.307    -33.198
   105.000    -25.000      0.087    -50.721      3.356    -31.644
   110.000    -25.000      0.089    -57.449      3.242    -35.743
   115.000    -25.000      0.065    -41.885      3.043    -40.008
   120.000    -25.000      0.057      7.493      2.526    -36.061
   125.000    -25.000      0.085     46.587      1.575    -29.631
   130.000    -25.000      0.089     61.485      0.722    -27.522
   135.000    -25.000      0.000      0.000      0.000      0.000
   140.000    -25.000      0.000      0.000      0.000      0.000
   145.000    -25.000      0.000      0.000      0.000      0.000
   -25.000    -20.000      0.000      0.000      0.000      0.000
   -20.000    -20.000      0.000      0.000      0.000      0.000
   -15.000    -20.000      0.000      0.000      0.000      0.000
   -10.000    -20.000      0.000      0.000      1.505     64.489
    -5.000    -20.000      0.000      0.000      2.713     60.389
     0.000    -20.000      0.000      0.000      3.361     52.341
     5.000    -20.000      0.000      0.000      3.746     42.052
    10.000    -20.000      0.000      0.000      3.975     32.765
    15.000    -20.000      0.000      0.000      4.059     25.295
    20.000    -20.000      0.000      0.000      3.695     18.542
    25.000    -20.000      0.000      0.000      3.024     10.722
    30.000    -20.000      0.000      0.000      2.250     -5.484
    35.000    -20.000      0.000      0.000      2.144    -55.473
    40.000    -20.000      0.000      0.000      3.006    -81.680
    45.000    -20.000      0.000      0.000      5.028    -85.353
    50.000    -20.000      0.000      0.000      5.709    -82.404
    55.000    -20.000      0.000      0.000      5.720    -73.513
    60.000    -20.000      0.000     53.842      5.829    -63.729
    65.000    -20.000      0.118     60.468      6.050    -56.147
    70.000    -20.000      0.162     42.384      6.197    -53.160
    75.000    -20.000      0.187     40.239      6.173    -50.849
    80.000    -20.000      0.191     40.845      5.924    -48.574
    85.000    -20.000      0.168     40.258      5.657    -44.675
    90.000    -20.000      0.119     34.548      5.604    -40.449
    95.000    -20.000      0.073     16.936      5.714    -39.270
   100.000    -20.000      0.065    -24.890      5.629    -31.246
   105.000    -20.000      0.102    -37.991      5.772    -28.831
   110.000    -20.000      0.142    -38.552      5.761    -33.130
   115.000    -20.000      0.166    -33.945      5.163    -35.673
   120.000    -20.000      0.168    -26.188      4.056    -32.984
   125.000    -20.000      0.146     -7.221      2.645    -27.752
   130.000    -20.000      0.107     16.828      1.294    -27.025
   135.000    -20.000      0.000      0.000      0.000      0.000
   140.000    -20.000      0.000      0.000      0.000      0.000
   145.000    -20.000      0.000      0.000      0.000      0.000
   -25.000    -15.000      0.000      0.000      0.000      0.000
   -20.000    -15.000      0.000      0.000      0.000      0.000
   -15.000    -15.000      0.000      0.000      0.000      0.000
   -10.000    -15.000      0.000      0.000      1.472     66.329
    -5.000    -15.000      0.000      0.000      3.180     64.620
     0.000    -15.000      0.000      0.000      4.258     57.709
     5.000    -15.000      0.000      0.000      4.631     47.089
    10.000    -15.000      0.000      0.000      4.670     31.556
    15.000    -15.000      0.000      0.000      4.602     17.920
    20.000    -15.000      0.000      0.000      4.144      4.966
    25.000    -15.000      0.000      0.000      3.683    -18.180
    30.000    -15.000      0.000      0.000      3.560    -41.746
    35.000    -15.000      0.000      0.000      4.359    -75.124
    40.000    -15.000      0.000      0.000      6.081    -88.117
    45.000    -15.000      0.000      0.000      7.787    -91.547
    50.000    -15.000      0.000      0.000      8.663    -89.154
    55.000    -15.000      0.000      0.000      8.569    -81.787
    60.000    -15.000      0.000     69.604      8.196    -70.881
    65.000    -15.000      0.018     38.711      8.032    -62.449
    70.000    -15.000      0.103     22.872      7.844    -57.234
    75.000    -15.000      0.161     28.645      7.575    -53.081
    80.000    -15.000      0.169     30.121      7.207    -50.305
    85.000    -15.000      0.153     30.083      7.060    -47.474
    90.000    -15.000      0.137     26.998      6.945    -39.354
    95.000    -15.000      0.126     19.222      6.956    -36.876
   100.000    -15.000      0.126      5.604      6.880    -31.275
   105.000    -15.000      0.151     -4.945      6.924    -27.872
   110.000    -15.000      0.189    -11.918      6.962    -31.154
   115.000    -15.000      0.220    -14.874      6.250    -31.376
   120.000    -15.000      0.222    -20.576      4.668    -25.633
   125.000    -15.000      0.191    -27.149      3.057    -22.244
   130.000    -15.000      0.115    -31.817      1.561    -24.471
   135.000    -15.000      0.000      0.000      0.000      0.000
   140.000    -15.000      0.000      0.000      0.000      0.000
   145.000    -15.000      0.000      0.000      0.000      0.000
   -25.000    -10.000      0.000      0.000      0.000      0.000
   -20.000    -10.000      0.000      0.000      0.000      0.000
   -15.000    -10.000      0.000      0.000      0.000      0.000
   -10.000    -10.000      0.000      0.000      1.094     62.642
    -5.000    -10.000      0.000      0.000      2.878     60.525
     0.000    -10.000      0.000      0.000      3.784     53.671
     5.000    -10.000      0.000      0.000      3.872     41.336
    10.000    -10.000      0.000      0.000      3.943     21.803
    15.000    -10.000      0.000      0.000      4.265     -1.518
    20.000    -10.000      0.000      0.000      4.573    -22.112
    25.000    -10.000      0.000      0.000      4.977    -47.597
    30.000    -10.000      0.000      0.000      6.147    -66.661
    35.000    -10.000      0.000      0.000      7.589    -83.544
    40.000    -10.000      0.000      0.000      8.901    -94.673
    45.000    -10.000      0.000      0.000     10.536    -97.327
    50.000    -10.000      0.000      0.000     11.072    -94.688
    55.000    -10.000      0.000      0.000     10.961    -88.411
    60.000    -10.000      0.000      0.000     10.499    -80.307
    65.000    -10.000      0.022     30.704      9.524    -69.729
    70.000    -10.000      0.080     27.397      8.562    -62.096
    75.000    -10.000      0.119     23.936      7.714    -55.449
    80.000    -10.000      0.142     20.244      7.386    -51.975
    85.000    -10.000      0.160     16.222      7.403    -49.002
    90.000    -10.000      0.170     13.116      7.206    -38.356
    95.000    -10.000      0.186     13.018      7.003    -32.746
   100.000    -10.000      0.194     12.695      6.889    -27.442
   105.000    -10.000      0.209     11.631      6.732    -25.536
   110.000    -10.000      0.228      8.184      6.445    -26.745
   115.000    -10.000      0.229      0.764      5.726    -24.273
   120.000    -10.000      0.201    -11.589      4.342    -16.841
   125.000    -10.000      0.157    -26.528      2.935    -14.775
   130.000    -10.000      0.093    -42.250      1.616    -14.821
   135.000    -10.000      0.000      0.000      0.000      0.000
   140.000    -10.000      0.000      0.000      0.000      0.000
   145.000    -10.000      0.000      0.000      0.000      0.000
   -25.000     -5.000      0.000      0.000      0.000      0.000
   -20.000     -5.000      0.000      0.000      0.000      0.000
   -15.000     -5.000      0.000      0.000      0.000      0.000
   -10.000     -5.000      0.000      0.000      0.875     51.888
    -5.000     -5.000      0.000      0.000      2.179     47.315
     0.000     -5.000      0.000      0.000      2.959     37.175
     5.000     -5.000      0.000      0.000      3.058     22.745
    10.000     -5.000      0.000      0.000      3.155      1.333
    15.000     -5.000      0.000      0.000      3.824    -35.741
    20.000     -5.000      0.000      0.000      5.516    -56.338
    25.000     -5.000      0.000      0.000      7.322    -70.630
    30.000     -5.000      0.000      0.000      9.335    -81.425
    35.000     -5.000      0.000      0.000     11.219    -91.657
    40.000     -5.000      0.000      0.000     12.295    -97.658
    45.000     -5.000      0.000      0.000     13.268   -100.557
    50.000     -5.000      0.000      0.000     13.359   -100.730
    55.000     -5.000      0.000      0.000     12.747    -97.050
    60.000     -5.000      0.000      0.000     11.798    -89.825
    65.000     -5.000      0.030      5.393     10.119    -79.734
    70.000     -5.000      0.109     18.806      8.155    -69.345
    75.000     -5.000      0.137      2.826      6.996    -60.881
    80.000     -5.000      0.152     -3.339      6.389    -53.640
    85.000     -5.000      0.153      0.997      6.467    -49.634
    90.000     -5.000      0.146      7.441      6.382    -40.110
    95.000     -5.000      0.162     16.584      6.064    -29.775
   100.000     -5.000      0.179     25.807      5.860    -23.350
   105.000     -5.000      0.192     30.758      5.731    -24.299
   110.000     -5.000      0.206     28.942      5.153    -23.473
   115.000     -5.000      0.210     20.480      4.228    -17.059
   120.000     -5.000      0.199      7.862      3.356     -3.411
   125.000     -5.000      0.174     -7.168      2.425     -0.202
   130.000     -5.000      0.122    -18.440      1.417     -1.780
   135.000     -5.000      0.000      0.000      0.000      0.000
   140.000     -5.000      0.000      0.000      0.000      0.000
   145.000     -5.000      0.000      0.000      0.000      0.000
   -25.000      0.000      0.000      0.000      0.000      0.000
   -20.000      0.000      0.000      0.000      0.000      0.000
   -15.000      0.000      0.000      0.000      0.000      0.000
   -10.000      0.000      0.000      0.000      0.761     31.969
    -5.000      0.000      0.000      0.000      1.819     29.767
     0.000      0.000      0.000      0.000      2.477     21.984
     5.000      0.000      0.000      0.000      2.638      1.752
    10.000      0.000      0.000      0.000      3.018    -32.104
    15.000      0.000      0.000      0.000      4.922    -62.973
    20.000      0.000      0.000      0.000      7.829    -78.354
    25.000      0.000      0.000      0.000     10.283    -85.752
    30.000      0.000      0.000      0.000     12.794    -92.657
    35.000      0.000      0.000      0.000     14.745    -98.097
    40.000      0.000      0.000      0.000     15.662   -101.637
    45.000      0.000      0.000      0.000     16.047   -104.375
    50.000      0.000      0.000      0.000     15.533   -105.769
    55.000      0.000      0.000      0.000     14.294   -104.850
    60.000      0.000      0.000      0.000     12.367    -99.622
    65.000      0.000      0.052     14.750     10.181    -91.219
    70.000      0.000      0.140    -11.997      7.630    -80.385
    75.000      0.000      0.179    -30.896      5.812    -71.163
    80.000      0.000      0.185    -37.260      5.015    -61.068
    85.000      0.000      0.156    -33.566      4.614    -48.369
    90.000      0.000      0.114    -13.523      4.667    -37.970
    95.000      0.000      0.114     22.739      4.647    -24.439
   100.000      0.000      0.148     49.964      4.448    -20.338
   105.000      0.000      0.199     58.572      3.985    -20.151
   110.000      0.000      0.259     57.663      3.227    -17.016
   115.000      0.000      0.292     50.815      2.505      3.604
   120.000      0.000      0.291     42.123      2.324     25.633
   125.000      0.000      0.243     33.555      1.980     34.908
   130.000      0.000      0.142     24.290      1.296     47.237
   135.000      0.000      0.000      0.000      0.000      0.000
   140.000      0.000      0.000      0.000      0.000      0.000
   145.000      0.000      0.000      0.000      0.000      0.000
   -25.000      5.000      0.000      0.000      0.000      0.000
   -20.000      5.000      0.000      0.000      0.000      0.000
   -15.000      5.000      0.000      0.000      0.000      0.000
   -10.000      5.000      0.000      0.000      0.935     11.011
    -5.000      5.000      0.000      0.000      1.787      8.636
     0.000      5.000      0.000      0.000      2.199     -1.515
     5.000      5.000      0.000      0.000      2.457    -31.919
    10.000      5.000      0.000      0.000      3.887    -66.013
    15.000      5.000      0.000      0.000      7.180    -83.293
    20.000      5.000      0.000      0.000     10.959    -91.260
    25.000      5.000      0.000      0.000     13.543    -95.410
    30.000      5.000      0.000      0.000     15.858    -99.621
    35.000      5.000      0.000      0.000     17.828   -101.890
    40.000      5.000      0.000      0.000     18.458   -104.958
    45.000      5.000      0.000      0.000     18.006   -107.745
    50.000      5.000      0.000      0.000     16.642   -109.454
    55.000      5.000      0.000      0.000     15.267   -110.311
    60.000      5.000      0.000      0.000     12.858   -109.308
    65.000      5.000      0.028      1.944     10.217   -103.773
    70.000      5.000      0.159    -38.946      7.105    -94.108
    75.000      5.000      0.224    -48.551      4.738    -83.803
    80.000      5.000      0.229    -53.233      3.263    -69.574
    85.000      5.000      0.182    -53.127      2.476    -47.851
    90.000      5.000      0.114    -43.967      2.579    -37.325
    95.000      5.000      0.062     -1.516      2.860    -20.199
   100.000      5.000      0.107     63.309      2.901    -16.902
   105.000      5.000      0.205     75.196      2.247     -7.763
   110.000      5.000      0.305     75.696      1.446     10.013
   115.000      5.000      0.375     72.961      1.566     53.406
   120.000      5.000      0.386     69.827      1.963     65.832
   125.000      5.000      0.321     67.336      1.945     72.334
   130.000      5.000      0.178     63.525      1.436     79.517
   135.000      5.000      0.000      0.000      0.000      0.000
   140.000      5.000      0.000      0.000      0.000      0.000
   145.000      5.000      0.000      0.000      0.000      0.000
   -25.000     10.000      0.000      0.000      0.000      0.000
   -20.000     10.000      0.000      0.000      0.000      0.000
   -15.000     10.000      0.000      0.000      0.000      0.000
   -10.000     10.000      0.000      0.000      0.579    -26.391
    -5.000     10.000      0.000      0.000      1.179    -17.236
     0.000     10.000      0.000      0.000      1.745    -38.830
     5.000     10.000      0.000      0.000      2.936    -67.430
    10.000     10.000      0.000      0.000      5.079    -85.667
    15.000     10.000      0.000      0.000      8.759    -94.050
    20.000     10.000      0.000      0.000     12.729    -98.160
    25.000     10.000      0.000      0.000     15.504   -101.204
    30.000     10.000      0.000      0.000     17.706   -104.082
    35.000     10.000      0.000      0.000     19.589   -105.201
    40.000     10.000      0.000      0.000     20.218   -106.560
    45.000     10.000      0.000      0.000     18.685   -110.189
    50.000     10.000      0.000      0.000     17.004   -112.582
    55.000     10.000      0.000      0.000     15.055   -115.142
    60.000     10.000      0.000      0.000     12.566   -117.315
    65.000     10.000      0.026     72.912      9.814   -116.637
    70.000     10.000      0.134    -63.915      6.944   -111.591
    75.000     10.000      0.209    -65.050      4.039   -103.780
    80.000     10.000      0.223    -64.929      1.902    -93.959
    85.000     10.000      0.192    -63.392      0.614    -55.474
    90.000     10.000      0.124    -56.602      0.587    -32.658
    95.000     10.000      0.048    -18.865      1.026     -7.577
   100.000     10.000      0.094     78.415      1.250     -1.524
   105.000     10.000      0.207     90.726      0.907     28.287
   110.000     10.000      0.315     92.115      1.151     84.652
   115.000     10.000      0.397     90.392      1.839    100.865
   120.000     10.000      0.428     87.528      2.003     99.946
   125.000     10.000      0.383     87.101      2.277     96.114
   130.000     10.000      0.239     88.391      1.445     94.762
   135.000     10.000      0.000      0.000      0.000      0.000
   140.000     10.000      0.000      0.000      0.000      0.000
   145.000     10.000      0.000      0.000      0.000      0.000
   -25.000     15.000      0.000      0.000      0.000      0.000
   -20.000     15.000      0.000      0.000      0.000      0.000
   -15.000     15.000      0.000      0.000      0.000      0.000
   -10.000     15.000      0.000      0.000      0.662    -65.869
    -5.000     15.000      0.000      0.000      1.420    -70.900
     0.000     15.000      0.000      0.000      2.298    -80.973
     5.000     15.000      0.000      0.000      4.026    -91.224
    10.000     15.000      0.000      0.000      7.087    -98.621
    15.000     15.000      0.000      0.000     10.385   -100.907
    20.000     15.000      0.000      0.000     14.041   -102.639
    25.000     15.000      0.000      0.000     16.708   -104.807
    30.000     15.000      0.000      0.000     18.801   -106.916
    35.000     15.000      0.000      0.000     20.280   -107.684
    40.000     15.000      0.000      0.000     20.140   -108.663
    45.000     15.000      0.000      0.000     17.925   -111.517
    50.000     15.000      0.000      0.000     16.144   -115.533
    55.000     15.000      0.000      0.000     13.804   -119.694
    60.000     15.000      0.000     97.360     11.658   -123.040
    65.000     15.000      0.041   -156.095      9.367   -125.692
    70.000     15.000      0.090   -131.247      7.026   -126.566
    75.000     15.000      0.119   -105.183      4.065   -127.678
    80.000     15.000      0.129    -93.963      1.502   -144.324
    85.000     15.000      0.102    -86.798      0.796    151.705
    90.000     15.000      0.042    -73.666      0.988    123.417
    95.000     15.000      0.033     58.702      0.495    147.522
   100.000     15.000      0.107     78.354      0.443    119.499
   105.000     15.000      0.190     84.598      0.882    122.206
   110.000     15.000      0.275     89.181      1.616    121.598
   115.000     15.000      0.343     92.565      2.063    124.675
   120.000     15.000      0.374     93.816      2.167    121.745
   125.000     15.000      0.333     94.391      1.819    114.782
   130.000     15.000      0.206     95.027      1.065    107.018
   135.000     15.000      0.000      0.000      0.000      0.000
   140.000     15.000      0.000      0.000      0.000      0.000
   145.000     15.000      0.000      0.000      0.000      0.000
   -25.000     20.000      0.000      0.000      0.000      0.000
   -20.000     20.000      0.000      0.000      0.000      0.000
   -15.000     20.000      0.000      0.000      0.000      0.000
   -10.000     20.000      0.000      0.000      1.080    -84.057
    -5.000     20.000      0.000      0.000      2.128    -93.372
     0.000     20.000      0.000      0.000      3.511   -103.254
     5.000     20.000      0.000      0.000      5.496   -106.276
    10.000     20.000      0.000      0.000      7.961   -105.945
    15.000     20.000      0.000      0.000     10.766   -105.631
    20.000     20.000      0.000      0.000     13.818   -105.741
    25.000     20.000      0.000      0.000     16.198   -106.760
    30.000     20.000      0.000      0.000     17.934   -108.478
    35.000     20.000      0.000      0.000     19.193   -109.922
    40.000     20.000      0.000      0.000     18.595   -110.791
    45.000     20.000      0.000      0.000     16.291   -113.652
    50.000     20.000      0.000      0.000     14.169   -118.536
    55.000     20.000      0.000      0.000     11.932   -124.023
    60.000     20.000      0.001   -173.855     10.114   -128.155
    65.000     20.000      0.109    158.526      8.341   -133.864
    70.000     20.000      0.172    174.423      6.407   -139.829
    75.000     20.000      0.165    179.153      4.210   -145.355
    80.000     20.000      0.129    179.893      2.164   -170.007
    85.000     20.000      0.083    177.720      1.690    143.677
    90.000     20.000      0.043    152.294      1.757    131.092
    95.000     20.000      0.044    102.908      1.521    151.580
   100.000     20.000      0.082     81.787      1.491    162.099
   105.000     20.000      0.132     75.809      1.649    148.529
   110.000     20.000      0.189     75.459      1.671    143.717
   115.000     20.000      0.231     77.154      1.811    142.166
   120.000     20.000      0.240     80.440      1.932    138.376
   125.000     20.000      0.211     85.366      1.390    138.458
   130.000     20.000      0.130     90.457      0.924    119.271
   135.000     20.000      0.000      0.000      0.000      0.000
   140.000     20.000      0.000      0.000      0.000      0.000
   145.000     20.000      0.000      0.000      0.000      0.000
   -25.000     25.000      0.000      0.000      0.000      0.000
   -20.000     25.000      0.000      0.000      0.000      0.000
   -15.000     25.000      0.000      0.000      0.000      0.000
   -10.000     25.000      0.000      0.000      0.956    -90.611
    -5.000     25.000      0.000      0.000      2.264   -100.269
     0.000     25.000      0.000      0.000      3.947   -106.213
     5.000     25.000      0.000      0.000      5.847   -108.152
    10.000     25.000      0.000      0.000      7.890   -108.129
    15.000     25.000      0.000      0.000     10.081   -107.355
    20.000     25.000      0.000      0.000     12.130   -106.869
    25.000     25.000      0.000      0.000     13.862   -107.784
    30.000     25.000      0.000      0.000     15.249   -109.699
    35.000     25.000      0.000      0.000     16.435   -111.101
    40.000     25.000      0.000      0.000     15.705   -112.121
    45.000     25.000      0.000      0.000     13.369   -115.870
    50.000     25.000      0.000      0.000     11.151   -120.649
    55.000     25.000      0.000      0.000      9.214   -128.126
    60.000     25.000      0.048    179.822      8.016   -133.642
    65.000     25.000      0.154    170.311      7.001   -140.127
    70.000     25.000      0.211    172.663      5.580   -147.257
    75.000     25.000      0.215    170.672      4.048   -154.023
    80.000     25.000      0.191    167.547      2.625   -172.084
    85.000     25.000      0.157    165.672      1.901    151.921
    90.000     25.000      0.110    163.719      1.851    141.191
    95.000     25.000      0.062    148.445      1.852    160.830
   100.000     25.000      0.042     88.172      1.954    171.449
   105.000     25.000      0.080     54.793      1.880    166.703
   110.000     25.000      0.128     49.895      1.699    166.994
   115.000     25.000      0.168     50.874      1.724    152.791
   120.000     25.000      0.178     53.527      1.592    149.997
   125.000     25.000      0.145     57.508      1.192    150.959
   130.000     25.000      0.078     64.871      0.567    148.999
   135.000     25.000      0.000      0.000      0.000      0.000
   140.000     25.000      0.000      0.000      0.000      0.000
   145.000     25.000      0.000      0.000      0.000      0.000
   -25.000     30.000      0.000      0.000      0.000      0.000
   -20.000     30.000      0.000      0.000      0.000      0.000
   -15.000     30.000      0.000      0.000      0.000      0.000
   -10.000     30.000      0.000      0.000      1.227    -92.308
    -5.000     30.000      0.000      0.000      2.361   -101.697
     0.000     30.000      0.000      0.000      3.424   -107.279
     5.000     30.000      0.000      0.000      4.572   -109.509
    10.000     30.000      0.000      0.000      6.050   -109.006
    15.000     30.000      0.000      0.000      7.511   -108.335
    20.000     30.000      0.000      0.000      8.797   -108.583
    25.000     30.000      0.000      0.000     10.141   -107.912
    30.000     30.000      0.000      0.000     11.079   -109.872
    35.000     30.000      0.000      0.000     11.846   -112.082
    40.000     30.000      0.000      0.000     11.399   -112.893
    45.000     30.000      0.000      0.000      9.639   -116.370
    50.000     30.000      0.000      0.000      7.626   -122.247
    55.000     30.000      0.000    125.331      6.217   -130.303
    60.000     30.000      0.050    167.271      5.471   -138.411
    65.000     30.000      0.136   -179.987      4.855   -144.779
    70.000     30.000      0.187   -178.561      4.065   -153.817
    75.000     30.000      0.191    179.260      3.333   -157.816
    80.000     30.000      0.165    177.688      2.287   -174.982
    85.000     30.000      0.136    176.513      1.634    159.254
    90.000     30.000      0.101    172.982      1.496    149.812
    95.000     30.000      0.063    161.265      1.551    158.686
   100.000     30.000      0.031    117.646      1.739    176.000
   105.000     30.000      0.047     55.869      1.720   -178.472
   110.000     30.000      0.089     43.991      1.649    178.546
   115.000     30.000      0.138     43.195      1.371    167.481
   120.000     30.000      0.163     41.562      1.119    157.991
   125.000     30.000      0.143     41.459      0.784    160.741
   130.000     30.000      0.072     39.111      0.439   -169.735
   135.000     30.000      0.000      0.000      0.000      0.000
   140.000     30.000      0.000      0.000      0.000      0.000
   145.000     30.000      0.000      0.000      0.000      0.000
   -25.000     35.000      0.000      0.000      0.000      0.000
   -20.000     35.000      0.000      0.000      0.000      0.000
   -15.000     35.000      0.000      0.000      0.000      0.000
   -10.000     35.000      0.000      0.000      0.677    -95.894
    -5.000     35.000      0.000      0.000      1.287    -99.956
     0.000     35.000      0.000      0.000      1.917   -106.657
     5.000     35.000      0.000      0.000      2.618   -109.199
    10.000     35.000      0.000      0.000      3.393   -108.408
    15.000     35.000      0.000      0.000      3.919   -108.837
    20.000     35.000      0.000      0.000      4.342   -109.179
    25.000     35.000      0.000      0.000      4.929   -109.577
    30.000     35.000      0.000      0.000      5.681   -111.097
    35.000     35.000      0.000      0.000      6.256   -112.540
    40.000     35.000      0.000      0.000      5.969   -112.990
    45.000     35.000      0.000      0.000      4.875   -117.956
    50.000     35.000      0.000      0.000      3.734   -124.602
    55.000     35.000      0.000    143.459      3.318   -131.120
    60.000     35.000      0.041    155.050      2.743   -139.612
    65.000     35.000      0.074    175.652      2.499   -146.855
    70.000     35.000      0.098   -174.679      2.103   -157.967
    75.000     35.000      0.097   -173.210      1.890   -158.594
    80.000     35.000      0.080   -173.679      1.389   -175.848
    85.000     35.000      0.063    179.249      1.094    159.659
    90.000     35.000      0.050    171.647      0.910    151.543
    95.000     35.000      0.036    158.427      0.872    154.900
   100.000     35.000      0.023    139.433      0.981   -176.080
   105.000     35.000      0.021     95.918      1.107   -172.929
   110.000     35.000      0.038     62.953      1.076   -171.275
   115.000     35.000      0.075     51.541      0.925   -175.401
   120.000     35.000      0.110     47.438      0.603    169.291
   125.000     35.000      0.111     46.258      0.318   -179.644
   130.000     35.000      0.065     44.749      0.271   -149.652
   135.000     35.000      0.000      0.000      0.000      0.000
   140.000     35.000      0.000      0.000      0.000      0.000
   145.000     35.000      0.000      0.000      0.000      0.000
   -25.000     40.000      0.000      0.000      0.000      0.000
   -20.000     40.000      0.000      0.000      0.000      0.000
   -15.000     40.000      0.000      0.000      0.000      0.000
   -10.000     40.000      0.000      0.000      0.000      0.000
    -5.000     40.000      0.000      0.000      0.000      0.000
     0.000     40.000      0.000      0.000      0.000      0.000
     5.000     40.000      0.000      0.000      0.000      0.000
    10.000     40.000      0.000      0.000      0.000      0.000
    15.000     40.000      0.000      0.000      0.000      0.000
    20.000     40.000      0.000      0.000      0.000      0.000
    25.000     40.000      0.000      0.000      0.000      0.000
    30.000     40.000      0.000      0.000      0.000      0.000
    35.000     40.000      0.000      0.000      0.000      0.000
    40.000     40.000      0.000      0.000      0.000      0.000
    45.000     40.000      0.000      0.000      0.000      0.000
    50.000     40.000      0.000      0.000      0.000      0.000
    55.000     40.000      0.000      0.000      0.000      0.000
    60.000     40.000      0.000      0.000      0.000      0.000
    65.000     40.000      0.000      0.000      0.000      0.000
    70.000     40.000      0.000      0.000      0.000      0.000
    75.000     40.000      0.000      0.000      0.000      0.000
    80.000     40.000      0.000      0.000      0.000      0.000
    85.000     40.000      0.000      0.000      0.000      0.000
    90.000     40.000      0.000      0.000      0.000      0.000
    95.000     40.000      0.000      0.000      0.000      0.000
   100.000     40.000      0.000      0.000      0.000      0.000
   105.000     40.000      0.000      0.000      0.000      0.000
   110.000     40.000      0.000      0.000      0.000      0.000
   115.000     40.000      0.000      0.000      0.000      0.000
   120.000     40.000      0.000      0.000      0.000      0.000
   125.000     40.000      0.000      0.000      0.000      0.000
   130.000     40.000      0.000      0.000      0.000      0.000
   135.000     40.000      0.000      0.000      0.000      0.000
   140.000     40.000      0.000      0.000      0.000      0.000
   145.000     40.000      0.000      0.000      0.000      0.000
   -25.000     45.000      0.000      0.000      0.000      0.000
   -20.000     45.000      0.000      0.000      0.000      0.000
   -15.000     45.000      0.000      0.000      0.000      0.000
   -10.000     45.000      0.000      0.000      0.000      0.000
    -5.000     45.000      0.000      0.000      0.000      0.000
     0.000     45.000      0.000      0.000      0.000      0.000
     5.000     45.000      0.000      0.000      0.000      0.000
    10.000     45.000      0.000      0.000      0.000      0.000
    15.000     45.000      0.000      0.000      0.000      0.000
    20.000     45.000      0.000      0.000      0.000      0.000
    25.000     45.000      0.000      0.000      0.000      0.000
    30.000     45.000      0.000      0.000      0.000      0.000
    35.000     45.000      0.000      0.000      0.000      0.000
    40.000     45.000      0.000      0.000      0.000      0.000
    45.000     45.000      0.000      0.000      0.000      0.000
    50.000     45.000      0.000      0.000      0.000      0.000
    55.000     45.000      0.000      0.000      0.000      0.000
    60.000     45.000      0.000      0.000      0.000      0.000
    65.000     45.000      0.000      0.000      0.000      0.000
    70.000     45.000      0.000      0.000      0.000      0.000
    75.000     45.000      0.000      0.000      0.000      0.000
    80.000     45.000      0.000      0.000      0.000      0.000
    85.000     45.000      0.000      0.000      0.000      0.000
    90.000     45.000      0.000      0.000      0.000      0.000
    95.000     45.000      0.000      0.000      0.000      0.000
   100.000     45.000      0.000      0.000      0.000      0.000
   105.000     45.000      0.000      0.000      0.000      0.000
   110.000     45.000      0.000      0.000      0.000      0.000
   115.000     45.000      0.000      0.000      0.000      0.000
   120.000     45.000      0.000      0.000      0.000      0.000
   125.000     45.000      0.000      0.000      0.000      0.000
   130.000     45.000      0.000      0.000      0.000      0.000
   135.000     45.000      0.000      0.000      0.000      0.000
   140.000     45.000      0.000      0.000      0.000      0.000
   145.000     45.000      0.000      0.000      0.000      0.000
   -25.000     50.000      0.000      0.000      0.000      0.000
   -20.000     50.000      0.000      0.000      0.000      0.000
   -15.000     50.000      0.000      0.000      0.000      0.000
   -10.000     50.000      0.000      0.000      0.000      0.000
    -5.000     50.000      0.000      0.000      0.000      0.000
     0.000     50.000      0.000      0.000      0.000      0.000
     5.000     50.000      0.000      0.000      0.000      0.000
    10.000     50.000      0.000      0.000      0.000      0.000
    15.000     50.000      0.000      0.000      0.000      0.000
    20.000     50.000      0.000      0.000      0.000      0.000
    25.000     50.000      0.000      0.000      0.000      0.000
    30.000     50.000      0.000      0.000      0.000      0.000
    35.000     50.000      0.000      0.000      0.000      0.000
    40.000     50.000      0.000      0.000      0.000      0.000
    45.000     50.000      0.000      0.000      0.000      0.000
    50.000     50.000      0.000      0.000      0.000      0.000
    55.000     50.000      0.000      0.000      0.000      0.000
    60.000     50.000      0.000      0.000      0.000      0.000
    65.000     50.000      0.000      0.000      0.000      0.000
    70.000     50.000      0.000      0.000      0.000      0.000
    75.000     50.000      0.000      0.000      0.000      0.000
    80.000     50.000      0.000      0.000      0.000      0.000
    85.000     50.000      0.000      0.000      0.000      0.000
    90.000     50.000      0.000      0.000      0.000      0.000
    95.000     50.000      0.000      0.000      0.000      0.000
   100.000     50.000      0.000      0.000      0.000      0.000
   105.000     50.000      0.000      0.000      0.000      0.000
   110.000     50.000      0.000      0.000      0.000      0.000
   115.000     50.000      0.000      0.000      0.000      0.000
   120.000     50.000      0.000      0.000      0.000      0.000
   125.000     50.000      0.000      0.000      0.000      0.000
   130.000     50.000      0.000      0.000      0.000      0.000
   135.000     50.000      0.000      0.000      0.000      0.000
   140.000     50.000      0.000      0.000      0.000      0.000
   145.000     50.000      0.000      0.000      0.000      0.000
