   -25.000    -40.000      0.000      0.000      0.000      0.000
   -20.000    -40.000      0.000      0.000      0.000      0.000
   -15.000    -40.000      0.000      0.000      0.000      0.000
   -10.000    -40.000      0.000      0.000      0.000      0.000
    -5.000    -40.000      0.000      0.000      0.000      0.000
     0.000    -40.000      0.000      0.000      0.000      0.000
     5.000    -40.000      0.000      0.000      0.000      0.000
    10.000    -40.000      0.000      0.000      0.000      0.000
    15.000    -40.000      0.000      0.000      0.000      0.000
    20.000    -40.000      0.000      0.000      0.000      0.000
    25.000    -40.000      0.000      0.000      0.000      0.000
    30.000    -40.000      0.000      0.000      0.000      0.000
    35.000    -40.000      0.000      0.000      0.000      0.000
    40.000    -40.000      0.000      0.000      0.000      0.000
    45.000    -40.000      0.000      0.000      0.000      0.000
    50.000    -40.000      0.000      0.000      0.000      0.000
    55.000    -40.000      0.000      0.000      0.000      0.000
    60.000    -40.000      0.000      0.000      0.000      0.000
    65.000    -40.000      0.000      0.000      0.000      0.000
    70.000    -40.000      0.000      0.000      0.000      0.000
    75.000    -40.000      0.000      0.000      0.000      0.000
    80.000    -40.000      0.000      0.000      0.000      0.000
    85.000    -40.000      0.000      0.000      0.000      0.000
    90.000    -40.000      0.000      0.000      0.000      0.000
    95.000    -40.000      0.000      0.000      0.000      0.000
   100.000    -40.000      0.000      0.000      0.000      0.000
   105.000    -40.000      0.000      0.000      0.000      0.000
   110.000    -40.000      0.000      0.000      0.000      0.000
   115.000    -40.000      0.000      0.000      0.000      0.000
   120.000    -40.000      0.000      0.000      0.000      0.000
   125.000    -40.000      0.000      0.000      0.000      0.000
   130.000    -40.000      0.000      0.000      0.000      0.000
   135.000    -40.000      0.000      0.000      0.000      0.000
   140.000    -40.000      0.000      0.000      0.000      0.000
   145.000    -40.000      0.000      0.000      0.000      0.000
   -25.000    -35.000      0.000      0.000      0.000      0.000
   -20.000    -35.000      0.000      0.000      0.000      0.000
   -15.000    -35.000      0.000      0.000      0.000      0.000
   -10.000    -35.000      0.000      0.000      0.000      0.000
    -5.000    -35.000      0.000      0.000      0.000      0.000
     0.000    -35.000      0.000      0.000      0.000      0.000
     5.000    -35.000      0.000      0.000      0.000      0.000
    10.000    -35.000      0.000      0.000      0.000      0.000
    15.000    -35.000      0.000      0.000      0.000      0.000
    20.000    -35.000      0.000      0.000      0.000      0.000
    25.000    -35.000      0.000      0.000      0.000      0.000
    30.000    -35.000      0.000      0.000      0.000      0.000
    35.000    -35.000      0.000      0.000      0.000      0.000
    40.000    -35.000      0.000      0.000      0.000      0.000
    45.000    -35.000      0.000      0.000      0.000      0.000
    50.000    -35.000      0.000      0.000      0.000      0.000
    55.000    -35.000      0.000      0.000      0.000      0.000
    60.000    -35.000      0.000      0.000      0.000      0.000
    65.000    -35.000      0.000      0.000      0.000      0.000
    70.000    -35.000      0.000      0.000      0.000      0.000
    75.000    -35.000      0.000      0.000      0.000      0.000
    80.000    -35.000      0.000      0.000      0.000      0.000
    85.000    -35.000      0.000      0.000      0.000      0.000
    90.000    -35.000      0.000      0.000      0.000      0.000
    95.000    -35.000      0.000      0.000      0.000      0.000
   100.000    -35.000      0.000      0.000      0.000      0.000
   105.000    -35.000      0.000      0.000      0.000      0.000
   110.000    -35.000      0.000      0.000      0.000      0.000
   115.000    -35.000      0.000      0.000      0.000      0.000
   120.000    -35.000      0.000      0.000      0.000      0.000
   125.000    -35.000      0.000      0.000      0.000      0.000
   130.000    -35.000      0.000      0.000      0.000      0.000
   135.000    -35.000      0.000      0.000      0.000      0.000
   140.000    -35.000      0.000      0.000      0.000      0.000
   145.000    -35.000      0.000      0.000      0.000      0.000
   -25.000    -30.000      0.000      0.000      0.000      0.000
   -20.000    -30.000      0.000      0.000      0.000      0.000
   -15.000    -30.000      0.000      0.000      0.000      0.000
   -10.000    -30.000      0.000      0.000      0.000      0.000
    -5.000    -30.000      0.000      0.000      0.000      0.000
     0.000    -30.000      0.000      0.000      0.000      0.000
     5.000    -30.000      0.000      0.000      0.000      0.000
    10.000    -30.000      0.000      0.000      0.000      0.000
    15.000    -30.000      0.000      0.000      0.000      0.000
    20.000    -30.000      0.000      0.000      0.000      0.000
    25.000    -30.000      0.000      0.000      0.000      0.000
    30.000    -30.000      0.000      0.000      0.000      0.000
    35.000    -30.000      0.000      0.000      0.000      0.000
    40.000    -30.000      0.000      0.000      0.000      0.000
    45.000    -30.000      0.000      0.000      0.000      0.000
    50.000    -30.000      0.000      0.000      0.000      0.000
    55.000    -30.000      0.000      0.000      0.000      0.000
    60.000    -30.000      0.000      0.000      0.000      0.000
    65.000    -30.000      0.000      0.000      0.000      0.000
    70.000    -30.000      0.000      0.000      0.000      0.000
    75.000    -30.000      0.000      0.000      0.000      0.000
    80.000    -30.000      0.000      0.000      0.000      0.000
    85.000    -30.000      0.000      0.000      0.000      0.000
    90.000    -30.000      0.000      0.000      0.000      0.000
    95.000    -30.000      0.000      0.000      0.000      0.000
   100.000    -30.000      0.000      0.000      0.000      0.000
   105.000    -30.000      0.000      0.000      0.000      0.000
   110.000    -30.000      0.000      0.000      0.000      0.000
   115.000    -30.000      0.000      0.000      0.000      0.000
   120.000    -30.000      0.000      0.000      0.000      0.000
   125.000    -30.000      0.000      0.000      0.000      0.000
   130.000    -30.000      0.000      0.000      0.000      0.000
   135.000    -30.000      0.000      0.000      0.000      0.000
   140.000    -30.000      0.000      0.000      0.000      0.000
   145.000    -30.000      0.000      0.000      0.000      0.000
   -25.000    -25.000      0.000      0.000      0.000      0.000
   -20.000    -25.000      0.000      0.000      0.000      0.000
   -15.000    -25.000      0.000      0.000      0.000      0.000
   -10.000    -25.000      0.163     37.102      0.444     72.289
    -5.000    -25.000      0.286     43.348      0.785     71.363
     0.000    -25.000      0.352     47.602      1.012     71.608
     5.000    -25.000      0.376     50.406      0.958     65.689
    10.000    -25.000      0.345     52.542      0.798     44.815
    15.000    -25.000      0.282     55.208      1.025     23.413
    20.000    -25.000      0.212     60.188      1.010     12.614
    25.000    -25.000      0.151     67.438      0.997     35.744
    30.000    -25.000      0.116     80.044      0.691     64.381
    35.000    -25.000      0.081     98.677      0.675    140.711
    40.000    -25.000      0.050    139.479      0.834    153.458
    45.000    -25.000      0.055   -154.976      0.733   -170.580
    50.000    -25.000      0.079   -128.440      0.689   -154.838
    55.000    -25.000      0.108   -125.474      0.409    171.769
    60.000    -25.000      0.136   -125.956      0.311    163.139
    65.000    -25.000      0.147   -126.846      0.235    166.875
    70.000    -25.000      0.141   -124.295      0.331   -126.853
    75.000    -25.000      0.072    -91.020      0.074    -91.168
    80.000    -25.000      0.014    -64.791      0.014    -64.791
    85.000    -25.000      0.000      0.000      0.000      0.000
    90.000    -25.000      0.000      0.000      0.000      0.000
    95.000    -25.000      0.000      0.000      0.000      0.000
   100.000    -25.000      0.000      0.000      0.000      0.000
   105.000    -25.000      0.000      0.000      0.000      0.000
   110.000    -25.000      0.000      0.000      0.000      0.000
   115.000    -25.000      0.000      0.000      0.000      0.000
   120.000    -25.000      0.000      0.000      0.000      0.000
   125.000    -25.000      0.000      0.000      0.000      0.000
   130.000    -25.000      0.000      0.000      0.000      0.000
   135.000    -25.000      0.000      0.000      0.000      0.000
   140.000    -25.000      0.000      0.000      0.000      0.000
   145.000    -25.000      0.000      0.000      0.000      0.000
   -25.000    -20.000      0.000      0.000      0.000      0.000
   -20.000    -20.000      0.000      0.000      0.000      0.000
   -15.000    -20.000      0.000      0.000      0.000      0.000
   -10.000    -20.000      0.292     35.816      0.451    103.234
    -5.000    -20.000      0.478     42.053      0.810     96.465
     0.000    -20.000      0.564     45.827      0.835     80.567
     5.000    -20.000      0.572     49.846      0.774     48.198
    10.000    -20.000      0.532     53.753      0.935     17.157
    15.000    -20.000      0.459     57.551      1.238     -0.329
    20.000    -20.000      0.358     62.319      1.292    -11.177
    25.000    -20.000      0.253     70.525      1.063      1.922
    30.000    -20.000      0.134     88.725      0.490     43.505
    35.000    -20.000      0.084    157.017      0.705   -176.390
    40.000    -20.000      0.152   -160.233      1.403   -176.439
    45.000    -20.000      0.227   -147.106      1.857   -148.966
    50.000    -20.000      0.281   -138.446      1.788   -151.408
    55.000    -20.000      0.297   -131.586      1.152   -157.252
    60.000    -20.000      0.272   -125.009      0.450   -159.036
    65.000    -20.000      0.226   -118.818      0.181   -102.709
    70.000    -20.000      0.174   -109.623      0.211    -96.191
    75.000    -20.000      0.120    -94.768      0.156    -93.481
    80.000    -20.000      0.023   -109.332      0.023   -109.332
    85.000    -20.000      0.000      0.000      0.000      0.000
    90.000    -20.000      0.000      0.000      0.000      0.000
    95.000    -20.000      0.000      0.000      0.000      0.000
   100.000    -20.000      0.000      0.000      0.000      0.000
   105.000    -20.000      0.000      0.000      0.000      0.000
   110.000    -20.000      0.000      0.000      0.000      0.000
   115.000    -20.000      0.000      0.000      0.000      0.000
   120.000    -20.000      0.000      0.000      0.000      0.000
   125.000    -20.000      0.000      0.000      0.000      0.000
   130.000    -20.000      0.000      0.000      0.000      0.000
   135.000    -20.000      0.000      0.000      0.000      0.000
   140.000    -20.000      0.000      0.000      0.000      0.000
   145.000    -20.000      0.000      0.000      0.000      0.000
   -25.000    -15.000      0.000      0.000      0.000      0.000
   -20.000    -15.000      0.000      0.000      0.000      0.000
   -15.000    -15.000      0.000      0.000      0.000      0.000
   -10.000    -15.000      0.316     48.035      0.701    128.582
    -5.000    -15.000      0.522     45.640      1.463    113.523
     0.000    -15.000      0.628     45.033      1.572    104.190
     5.000    -15.000      0.625     44.868      1.090     85.990
    10.000    -15.000      0.561     45.883      0.835     25.052
    15.000    -15.000      0.447     47.344      1.228    -10.649
    20.000    -15.000      0.305     50.472      1.501    -35.108
    25.000    -15.000      0.131     61.277      1.525    -54.900
    30.000    -15.000      0.078   -175.204      1.041    -78.632
    35.000    -15.000      0.227   -150.934      1.758   -129.012
    40.000    -15.000      0.355   -142.768      2.343   -141.206
    45.000    -15.000      0.443   -138.994      3.029   -137.204
    50.000    -15.000      0.476   -135.047      2.940   -139.923
    55.000    -15.000      0.429   -129.720      2.133   -140.492
    60.000    -15.000      0.332   -121.128      0.969   -132.725
    65.000    -15.000      0.221   -105.944      0.370    -99.117
    70.000    -15.000      0.140    -79.927      0.221    -77.958
    75.000    -15.000      0.091    -61.329      0.125    -45.889
    80.000    -15.000      0.002    129.661      0.002    129.661
    85.000    -15.000      0.000      0.000      0.000      0.000
    90.000    -15.000      0.000      0.000      0.000      0.000
    95.000    -15.000      0.000      0.000      0.000      0.000
   100.000    -15.000      0.000      0.000      0.000      0.000
   105.000    -15.000      0.000      0.000      0.000      0.000
   110.000    -15.000      0.000      0.000      0.000      0.000
   115.000    -15.000      0.000      0.000      0.000      0.000
   120.000    -15.000      0.000      0.000      0.000      0.000
   125.000    -15.000      0.000      0.000      0.000      0.000
   130.000    -15.000      0.000      0.000      0.000      0.000
   135.000    -15.000      0.000      0.000      0.000      0.000
   140.000    -15.000      0.000      0.000      0.000      0.000
   145.000    -15.000      0.000      0.000      0.000      0.000
   -25.000    -10.000      0.000      0.000      0.000      0.000
   -20.000    -10.000      0.000      0.000      0.000      0.000
   -15.000    -10.000      0.000      0.000      0.000      0.000
   -10.000    -10.000      0.279     51.874      0.797    159.687
    -5.000    -10.000      0.468     46.294      1.481    126.770
     0.000    -10.000      0.574     42.224      1.464    117.879
     5.000    -10.000      0.578     39.368      0.782    112.167
    10.000    -10.000      0.497     37.547      0.350    -51.550
    15.000    -10.000      0.349     36.561      1.392    -50.407
    20.000    -10.000      0.169     35.009      2.162    -60.573
    25.000    -10.000      0.025   -121.516      2.503    -77.248
    30.000    -10.000      0.227   -134.995      2.844    -90.425
    35.000    -10.000      0.413   -134.427      3.473   -110.779
    40.000    -10.000      0.547   -133.507      3.724   -129.405
    45.000    -10.000      0.612   -131.224      4.093   -131.540
    50.000    -10.000      0.622   -127.302      3.799   -132.888
    55.000    -10.000      0.555   -122.845      3.057   -129.170
    60.000    -10.000      0.429   -116.234      2.173   -118.576
    65.000    -10.000      0.277   -104.867      1.089    -94.863
    70.000    -10.000      0.109    -73.531      0.456    -75.753
    75.000    -10.000      0.078     25.506      0.139     25.984
    80.000    -10.000      0.063     53.512      0.065     53.192
    85.000    -10.000      0.000      0.000      0.000      0.000
    90.000    -10.000      0.000      0.000      0.000      0.000
    95.000    -10.000      0.000      0.000      0.000      0.000
   100.000    -10.000      0.000      0.000      0.000      0.000
   105.000    -10.000      0.000      0.000      0.000      0.000
   110.000    -10.000      0.000      0.000      0.000      0.000
   115.000    -10.000      0.000      0.000      0.000      0.000
   120.000    -10.000      0.000      0.000      0.000      0.000
   125.000    -10.000      0.000      0.000      0.000      0.000
   130.000    -10.000      0.000      0.000      0.000      0.000
   135.000    -10.000      0.000      0.000      0.000      0.000
   140.000    -10.000      0.000      0.000      0.000      0.000
   145.000    -10.000      0.000      0.000      0.000      0.000
   -25.000     -5.000      0.000      0.000      0.000      0.000
   -20.000     -5.000      0.000      0.000      0.000      0.000
   -15.000     -5.000      0.000      0.000      0.000      0.000
   -10.000     -5.000      0.180     23.582      0.778    160.381
    -5.000     -5.000      0.318     30.515      0.999    135.636
     0.000     -5.000      0.394     33.659      0.785    128.018
     5.000     -5.000      0.396     33.012      0.246    170.705
    10.000     -5.000      0.309     26.594      0.822    -82.198
    15.000     -5.000      0.180     12.315      2.129    -82.680
    20.000     -5.000      0.106    -62.643      3.292    -81.888
    25.000     -5.000      0.239   -111.089      4.088    -88.401
    30.000     -5.000      0.422   -121.284      4.890    -97.028
    35.000     -5.000      0.597   -124.864      5.576   -107.819
    40.000     -5.000      0.734   -125.534      5.423   -117.643
    45.000     -5.000      0.811   -124.811      5.362   -124.455
    50.000     -5.000      0.821   -123.234      4.858   -129.043
    55.000     -5.000      0.756   -120.382      4.042   -127.562
    60.000     -5.000      0.607   -116.435      2.962   -118.318
    65.000     -5.000      0.389   -111.359      1.718   -104.762
    70.000     -5.000      0.157   -103.081      0.449    -93.145
    75.000     -5.000      0.050     79.257      0.029     35.743
    80.000     -5.000      0.158     78.511      0.163     78.423
    85.000     -5.000      0.000      0.000      0.000      0.000
    90.000     -5.000      0.000      0.000      0.000      0.000
    95.000     -5.000      0.000      0.000      0.000      0.000
   100.000     -5.000      0.000      0.000      0.000      0.000
   105.000     -5.000      0.000      0.000      0.000      0.000
   110.000     -5.000      0.000      0.000      0.000      0.000
   115.000     -5.000      0.000      0.000      0.000      0.000
   120.000     -5.000      0.000      0.000      0.000      0.000
   125.000     -5.000      0.000      0.000      0.000      0.000
   130.000     -5.000      0.000      0.000      0.000      0.000
   135.000     -5.000      0.000      0.000      0.000      0.000
   140.000     -5.000      0.000      0.000      0.000      0.000
   145.000     -5.000      0.000      0.000      0.000      0.000
   -25.000      0.000      0.000      0.000      0.000      0.000
   -20.000      0.000      0.000      0.000      0.000      0.000
   -15.000      0.000      0.000      0.000      0.000      0.000
   -10.000      0.000      0.111     15.375      0.508    157.522
    -5.000      0.000      0.208     14.059      0.543    126.180
     0.000      0.000      0.252      8.778      0.297    131.732
     5.000      0.000      0.241     -3.910      0.522    -97.669
    10.000      0.000      0.210    -30.818      1.596    -86.012
    15.000      0.000      0.221    -69.929      3.159    -87.014
    20.000      0.000      0.328    -98.786      4.869    -90.844
    25.000      0.000      0.481   -112.511      5.781    -96.200
    30.000      0.000      0.647   -118.762      6.841   -103.422
    35.000      0.000      0.788   -122.520      7.509   -109.425
    40.000      0.000      0.896   -124.661      7.278   -113.993
    45.000      0.000      0.972   -124.607      6.915   -121.204
    50.000      0.000      0.988   -123.293      6.025   -127.054
    55.000      0.000      0.924   -121.505      4.918   -128.202
    60.000      0.000      0.767   -119.488      3.476   -123.245
    65.000      0.000      0.536   -116.136      2.242   -113.112
    70.000      0.000      0.277   -114.641      0.735   -101.624
    75.000      0.000      0.095   -158.520      0.135   -171.498
    80.000      0.000      0.090   -139.476      0.093   -139.326
    85.000      0.000      0.000      0.000      0.000      0.000
    90.000      0.000      0.000      0.000      0.000      0.000
    95.000      0.000      0.000      0.000      0.000      0.000
   100.000      0.000      0.000      0.000      0.000      0.000
   105.000      0.000      0.000      0.000      0.000      0.000
   110.000      0.000      0.000      0.000      0.000      0.000
   115.000      0.000      0.000      0.000      0.000      0.000
   120.000      0.000      0.000      0.000      0.000      0.000
   125.000      0.000      0.000      0.000      0.000      0.000
   130.000      0.000      0.000      0.000      0.000      0.000
   135.000      0.000      0.000      0.000      0.000      0.000
   140.000      0.000      0.000      0.000      0.000      0.000
   145.000      0.000      0.000      0.000      0.000      0.000
   -25.000      5.000      0.000      0.000      0.000      0.000
   -20.000      5.000      0.000      0.000      0.000      0.000
   -15.000      5.000      0.000      0.000      0.000      0.000
   -10.000      5.000      0.068     20.028      0.153     83.045
    -5.000      5.000      0.116    -20.114      0.092    -22.066
     0.000      5.000      0.175    -42.083      0.448    -59.430
     5.000      5.000      0.242    -58.634      1.221    -82.904
    10.000      5.000      0.324    -74.478      2.596    -91.290
    15.000      5.000      0.430    -90.134      4.692    -93.378
    20.000      5.000      0.540   -102.812      6.801    -96.723
    25.000      5.000      0.677   -112.760      7.604   -101.190
    30.000      5.000      0.813   -119.480      8.369   -106.733
    35.000      5.000      0.948   -123.216      8.843   -109.316
    40.000      5.000      1.059   -125.312      8.480   -113.857
    45.000      5.000      1.112   -126.106      7.643   -119.462
    50.000      5.000      1.097   -125.376      6.351   -125.121
    55.000      5.000      1.035   -123.030      5.464   -127.163
    60.000      5.000      0.897   -119.777      4.148   -127.077
    65.000      5.000      0.683   -115.792      2.806   -119.146
    70.000      5.000      0.414   -110.137      1.062   -106.172
    75.000      5.000      0.136   -100.854      0.190    -96.070
    80.000      5.000      0.038    -98.917      0.039    -98.723
    85.000      5.000      0.000      0.000      0.000      0.000
    90.000      5.000      0.000      0.000      0.000      0.000
    95.000      5.000      0.000      0.000      0.000      0.000
   100.000      5.000      0.000      0.000      0.000      0.000
   105.000      5.000      0.000      0.000      0.000      0.000
   110.000      5.000      0.000      0.000      0.000      0.000
   115.000      5.000      0.000      0.000      0.000      0.000
   120.000      5.000      0.000      0.000      0.000      0.000
   125.000      5.000      0.000      0.000      0.000      0.000
   130.000      5.000      0.000      0.000      0.000      0.000
   135.000      5.000      0.000      0.000      0.000      0.000
   140.000      5.000      0.000      0.000      0.000      0.000
   145.000      5.000      0.000      0.000      0.000      0.000
   -25.000     10.000      0.000      0.000      0.000      0.000
   -20.000     10.000      0.000      0.000      0.000      0.000
   -15.000     10.000      0.000      0.000      0.000      0.000
   -10.000     10.000      0.072    -75.224      0.216   -161.322
    -5.000     10.000      0.129    -71.585      0.332   -112.236
     0.000     10.000      0.192    -76.241      0.810    -94.004
     5.000     10.000      0.279    -83.540      1.744    -95.068
    10.000     10.000      0.368    -93.131      3.234    -98.543
    15.000     10.000      0.498   -102.489      5.321    -99.701
    20.000     10.000      0.631   -108.993      7.546   -100.433
    25.000     10.000      0.767   -114.084      8.668   -103.971
    30.000     10.000      0.896   -118.227      9.193   -108.514
    35.000     10.000      0.998   -121.473      9.457   -110.104
    40.000     10.000      1.092   -123.835      9.137   -112.403
    45.000     10.000      1.159   -125.329      7.460   -119.541
    50.000     10.000      1.182   -125.413      6.232   -123.642
    55.000     10.000      1.151   -124.358      5.276   -128.264
    60.000     10.000      1.044   -122.568      4.079   -132.961
    65.000     10.000      0.876   -119.416      2.887   -131.229
    70.000     10.000      0.626   -114.792      1.529   -123.649
    75.000     10.000      0.307   -104.630      0.398   -104.954
    80.000     10.000      0.081   -105.011      0.083   -105.129
    85.000     10.000      0.000      0.000      0.000      0.000
    90.000     10.000      0.000      0.000      0.000      0.000
    95.000     10.000      0.000      0.000      0.000      0.000
   100.000     10.000      0.000      0.000      0.000      0.000
   105.000     10.000      0.000      0.000      0.000      0.000
   110.000     10.000      0.000      0.000      0.000      0.000
   115.000     10.000      0.000      0.000      0.000      0.000
   120.000     10.000      0.000      0.000      0.000      0.000
   125.000     10.000      0.000      0.000      0.000      0.000
   130.000     10.000      0.000      0.000      0.000      0.000
   135.000     10.000      0.000      0.000      0.000      0.000
   140.000     10.000      0.000      0.000      0.000      0.000
   145.000     10.000      0.000      0.000      0.000      0.000
   -25.000     15.000      0.000      0.000      0.000      0.000
   -20.000     15.000      0.000      0.000      0.000      0.000
   -15.000     15.000      0.000      0.000      0.000      0.000
   -10.000     15.000      0.079    -92.002      0.562   -122.685
    -5.000     15.000      0.151    -97.514      1.198   -115.061
     0.000     15.000      0.228   -102.995      1.793   -109.960
     5.000     15.000      0.310   -106.228      2.757   -106.323
    10.000     15.000      0.410   -107.785      4.562   -104.915
    15.000     15.000      0.542   -109.268      6.346   -104.074
    20.000     15.000      0.665   -111.632      8.408   -103.585
    25.000     15.000      0.779   -114.843      9.461   -105.742
    30.000     15.000      0.888   -118.084      9.820   -108.466
    35.000     15.000      0.983   -120.570      9.693   -110.819
    40.000     15.000      1.054   -122.782      8.844   -112.540
    45.000     15.000      1.096   -125.007      6.680   -118.036
    50.000     15.000      1.111   -127.171      5.624   -124.904
    55.000     15.000      1.110   -128.268      4.404   -132.296
    60.000     15.000      1.059   -129.087      3.547   -135.256
    65.000     15.000      0.956   -128.478      2.557   -136.350
    70.000     15.000      0.762   -126.408      1.757   -131.860
    75.000     15.000      0.463   -120.211      0.657   -122.241
    80.000     15.000      0.008    -93.960      0.008    -93.960
    85.000     15.000      0.000      0.000      0.000      0.000
    90.000     15.000      0.000      0.000      0.000      0.000
    95.000     15.000      0.000      0.000      0.000      0.000
   100.000     15.000      0.000      0.000      0.000      0.000
   105.000     15.000      0.000      0.000      0.000      0.000
   110.000     15.000      0.000      0.000      0.000      0.000
   115.000     15.000      0.000      0.000      0.000      0.000
   120.000     15.000      0.000      0.000      0.000      0.000
   125.000     15.000      0.000      0.000      0.000      0.000
   130.000     15.000      0.000      0.000      0.000      0.000
   135.000     15.000      0.000      0.000      0.000      0.000
   140.000     15.000      0.000      0.000      0.000      0.000
   145.000     15.000      0.000      0.000      0.000      0.000
   -25.000     20.000      0.000      0.000      0.000      0.000
   -20.000     20.000      0.000      0.000      0.000      0.000
   -15.000     20.000      0.000      0.000      0.000      0.000
   -10.000     20.000      0.082   -135.288      0.928   -112.006
    -5.000     20.000      0.183   -123.727      1.862   -116.527
     0.000     20.000      0.278   -119.966      2.780   -117.613
     5.000     20.000      0.377   -116.606      3.844   -113.448
    10.000     20.000      0.469   -114.681      5.129   -108.824
    15.000     20.000      0.565   -113.454      6.688   -106.716
    20.000     20.000      0.641   -113.196      8.379   -105.517
    25.000     20.000      0.708   -114.359      9.128   -106.017
    30.000     20.000      0.775   -116.361      9.305   -108.484
    35.000     20.000      0.838   -119.275      9.175   -111.755
    40.000     20.000      0.914   -122.732      8.061   -113.167
    45.000     20.000      0.973   -126.939      5.927   -118.317
    50.000     20.000      1.021   -129.914      4.738   -126.086
    55.000     20.000      1.035   -131.900      3.549   -134.828
    60.000     20.000      0.984   -134.075      2.605   -136.406
    65.000     20.000      0.879   -134.896      1.857   -140.114
    70.000     20.000      0.676   -135.162      1.148   -146.497
    75.000     20.000      0.377   -132.224      0.502   -131.444
    80.000     20.000      0.014   -129.539      0.014   -129.539
    85.000     20.000      0.000      0.000      0.000      0.000
    90.000     20.000      0.000      0.000      0.000      0.000
    95.000     20.000      0.000      0.000      0.000      0.000
   100.000     20.000      0.000      0.000      0.000      0.000
   105.000     20.000      0.000      0.000      0.000      0.000
   110.000     20.000      0.000      0.000      0.000      0.000
   115.000     20.000      0.000      0.000      0.000      0.000
   120.000     20.000      0.000      0.000      0.000      0.000
   125.000     20.000      0.000      0.000      0.000      0.000
   130.000     20.000      0.000      0.000      0.000      0.000
   135.000     20.000      0.000      0.000      0.000      0.000
   140.000     20.000      0.000      0.000      0.000      0.000
   145.000     20.000      0.000      0.000      0.000      0.000
   -25.000     25.000      0.000      0.000      0.000      0.000
   -20.000     25.000      0.000      0.000      0.000      0.000
   -15.000     25.000      0.000      0.000      0.000      0.000
   -10.000     25.000      0.105   -139.897      0.801   -105.773
    -5.000     25.000      0.194   -134.857      1.774   -114.513
     0.000     25.000      0.270   -128.387      2.884   -116.982
     5.000     25.000      0.331   -121.839      3.956   -114.769
    10.000     25.000      0.381   -116.810      5.053   -110.929
    15.000     25.000      0.442   -114.312      6.318   -108.042
    20.000     25.000      0.519   -114.093      7.306   -105.581
    25.000     25.000      0.590   -114.867      7.802   -105.644
    30.000     25.000      0.662   -116.924      7.923   -108.550
    35.000     25.000      0.724   -120.397      7.954   -111.882
    40.000     25.000      0.778   -124.192      6.830   -113.289
    45.000     25.000      0.818   -127.831      4.824   -119.130
    50.000     25.000      0.826   -131.054      3.441   -125.301
    55.000     25.000      0.800   -134.396      2.371   -136.706
    60.000     25.000      0.727   -137.871      1.637   -137.068
    65.000     25.000      0.604   -140.013      1.222   -139.444
    70.000     25.000      0.428   -140.942      0.627   -149.145
    75.000     25.000      0.201   -129.020      0.207   -129.027
    80.000     25.000      0.023   -116.451      0.023   -116.451
    85.000     25.000      0.000      0.000      0.000      0.000
    90.000     25.000      0.000      0.000      0.000      0.000
    95.000     25.000      0.000      0.000      0.000      0.000
   100.000     25.000      0.000      0.000      0.000      0.000
   105.000     25.000      0.000      0.000      0.000      0.000
   110.000     25.000      0.000      0.000      0.000      0.000
   115.000     25.000      0.000      0.000      0.000      0.000
   120.000     25.000      0.000      0.000      0.000      0.000
   125.000     25.000      0.000      0.000      0.000      0.000
   130.000     25.000      0.000      0.000      0.000      0.000
   135.000     25.000      0.000      0.000      0.000      0.000
   140.000     25.000      0.000      0.000      0.000      0.000
   145.000     25.000      0.000      0.000      0.000      0.000
   -25.000     30.000      0.000      0.000      0.000      0.000
   -20.000     30.000      0.000      0.000      0.000      0.000
   -15.000     30.000      0.000      0.000      0.000      0.000
   -10.000     30.000      0.073   -130.724      0.975    -96.467
    -5.000     30.000      0.123   -126.138      1.806   -107.643
     0.000     30.000      0.175   -120.775      2.480   -114.046
     5.000     30.000      0.229   -116.779      3.119   -114.733
    10.000     30.000      0.280   -115.584      3.943   -110.796
    15.000     30.000      0.329   -116.597      4.739   -107.909
    20.000     30.000      0.383   -118.367      5.365   -106.723
    25.000     30.000      0.438   -120.442      5.779   -105.154
    30.000     30.000      0.487   -122.345      5.751   -108.195
    35.000     30.000      0.535   -124.522      5.737   -112.537
    40.000     30.000      0.552   -126.879      5.017   -112.958
    45.000     30.000      0.539   -130.185      3.529   -117.329
    50.000     30.000      0.503   -133.681      2.178   -124.343
    55.000     30.000      0.448   -136.295      1.309   -131.930
    60.000     30.000      0.371   -137.659      0.820   -135.661
    65.000     30.000      0.266   -141.449      0.487   -132.444
    70.000     30.000      0.142   -155.480      0.177    167.304
    75.000     30.000      0.109   -124.773      0.112   -124.710
    80.000     30.000      0.000      0.000      0.000      0.000
    85.000     30.000      0.000      0.000      0.000      0.000
    90.000     30.000      0.000      0.000      0.000      0.000
    95.000     30.000      0.000      0.000      0.000      0.000
   100.000     30.000      0.000      0.000      0.000      0.000
   105.000     30.000      0.000      0.000      0.000      0.000
   110.000     30.000      0.000      0.000      0.000      0.000
   115.000     30.000      0.000      0.000      0.000      0.000
   120.000     30.000      0.000      0.000      0.000      0.000
   125.000     30.000      0.000      0.000      0.000      0.000
   130.000     30.000      0.000      0.000      0.000      0.000
   135.000     30.000      0.000      0.000      0.000      0.000
   140.000     30.000      0.000      0.000      0.000      0.000
   145.000     30.000      0.000      0.000      0.000      0.000
   -25.000     35.000      0.000      0.000      0.000      0.000
   -20.000     35.000      0.000      0.000      0.000      0.000
   -15.000     35.000      0.000      0.000      0.000      0.000
   -10.000     35.000      0.007      0.923      0.553    -95.646
    -5.000     35.000      0.024   -136.561      1.059   -104.808
     0.000     35.000      0.067   -135.325      1.475   -111.526
     5.000     35.000      0.108   -131.710      1.824   -111.927
    10.000     35.000      0.155   -126.107      2.241   -108.464
    15.000     35.000      0.208   -121.661      2.537   -107.139
    20.000     35.000      0.256   -119.760      2.692   -106.784
    25.000     35.000      0.274   -121.113      2.719   -106.154
    30.000     35.000      0.274   -124.743      2.807   -109.106
    35.000     35.000      0.270   -127.992      2.963   -112.428
    40.000     35.000      0.256   -129.667      2.617   -113.224
    45.000     35.000      0.231   -132.472      1.708   -120.439
    50.000     35.000      0.199   -136.516      0.945   -127.578
    55.000     35.000      0.163   -143.716      0.738   -125.630
    60.000     35.000      0.124   -150.976      0.313   -119.318
    65.000     35.000      0.077   -163.050      0.197   -115.232
    70.000     35.000      0.079    107.994      0.130     90.174
    75.000     35.000      0.014   -126.963      0.014   -126.963
    80.000     35.000      0.000      0.000      0.000      0.000
    85.000     35.000      0.000      0.000      0.000      0.000
    90.000     35.000      0.000      0.000      0.000      0.000
    95.000     35.000      0.000      0.000      0.000      0.000
   100.000     35.000      0.000      0.000      0.000      0.000
   105.000     35.000      0.000      0.000      0.000      0.000
   110.000     35.000      0.000      0.000      0.000      0.000
   115.000     35.000      0.000      0.000      0.000      0.000
   120.000     35.000      0.000      0.000      0.000      0.000
   125.000     35.000      0.000      0.000      0.000      0.000
   130.000     35.000      0.000      0.000      0.000      0.000
   135.000     35.000      0.000      0.000      0.000      0.000
   140.000     35.000      0.000      0.000      0.000      0.000
   145.000     35.000      0.000      0.000      0.000      0.000
   -25.000     40.000      0.000      0.000      0.000      0.000
   -20.000     40.000      0.000      0.000      0.000      0.000
   -15.000     40.000      0.000      0.000      0.000      0.000
   -10.000     40.000      0.000      0.000      0.000      0.000
    -5.000     40.000      0.000      0.000      0.000      0.000
     0.000     40.000      0.000      0.000      0.000      0.000
     5.000     40.000      0.000      0.000      0.000      0.000
    10.000     40.000      0.000      0.000      0.000      0.000
    15.000     40.000      0.000      0.000      0.000      0.000
    20.000     40.000      0.000      0.000      0.000      0.000
    25.000     40.000      0.000      0.000      0.000      0.000
    30.000     40.000      0.000      0.000      0.000      0.000
    35.000     40.000      0.000      0.000      0.000      0.000
    40.000     40.000      0.000      0.000      0.000      0.000
    45.000     40.000      0.000      0.000      0.000      0.000
    50.000     40.000      0.000      0.000      0.000      0.000
    55.000     40.000      0.000      0.000      0.000      0.000
    60.000     40.000      0.000      0.000      0.000      0.000
    65.000     40.000      0.000      0.000      0.000      0.000
    70.000     40.000      0.000      0.000      0.000      0.000
    75.000     40.000      0.000      0.000      0.000      0.000
    80.000     40.000      0.000      0.000      0.000      0.000
    85.000     40.000      0.000      0.000      0.000      0.000
    90.000     40.000      0.000      0.000      0.000      0.000
    95.000     40.000      0.000      0.000      0.000      0.000
   100.000     40.000      0.000      0.000      0.000      0.000
   105.000     40.000      0.000      0.000      0.000      0.000
   110.000     40.000      0.000      0.000      0.000      0.000
   115.000     40.000      0.000      0.000      0.000      0.000
   120.000     40.000      0.000      0.000      0.000      0.000
   125.000     40.000      0.000      0.000      0.000      0.000
   130.000     40.000      0.000      0.000      0.000      0.000
   135.000     40.000      0.000      0.000      0.000      0.000
   140.000     40.000      0.000      0.000      0.000      0.000
   145.000     40.000      0.000      0.000      0.000      0.000
   -25.000     45.000      0.000      0.000      0.000      0.000
   -20.000     45.000      0.000      0.000      0.000      0.000
   -15.000     45.000      0.000      0.000      0.000      0.000
   -10.000     45.000      0.000      0.000      0.000      0.000
    -5.000     45.000      0.000      0.000      0.000      0.000
     0.000     45.000      0.000      0.000      0.000      0.000
     5.000     45.000      0.000      0.000      0.000      0.000
    10.000     45.000      0.000      0.000      0.000      0.000
    15.000     45.000      0.000      0.000      0.000      0.000
    20.000     45.000      0.000      0.000      0.000      0.000
    25.000     45.000      0.000      0.000      0.000      0.000
    30.000     45.000      0.000      0.000      0.000      0.000
    35.000     45.000      0.000      0.000      0.000      0.000
    40.000     45.000      0.000      0.000      0.000      0.000
    45.000     45.000      0.000      0.000      0.000      0.000
    50.000     45.000      0.000      0.000      0.000      0.000
    55.000     45.000      0.000      0.000      0.000      0.000
    60.000     45.000      0.000      0.000      0.000      0.000
    65.000     45.000      0.000      0.000      0.000      0.000
    70.000     45.000      0.000      0.000      0.000      0.000
    75.000     45.000      0.000      0.000      0.000      0.000
    80.000     45.000      0.000      0.000      0.000      0.000
    85.000     45.000      0.000      0.000      0.000      0.000
    90.000     45.000      0.000      0.000      0.000      0.000
    95.000     45.000      0.000      0.000      0.000      0.000
   100.000     45.000      0.000      0.000      0.000      0.000
   105.000     45.000      0.000      0.000      0.000      0.000
   110.000     45.000      0.000      0.000      0.000      0.000
   115.000     45.000      0.000      0.000      0.000      0.000
   120.000     45.000      0.000      0.000      0.000      0.000
   125.000     45.000      0.000      0.000      0.000      0.000
   130.000     45.000      0.000      0.000      0.000      0.000
   135.000     45.000      0.000      0.000      0.000      0.000
   140.000     45.000      0.000      0.000      0.000      0.000
   145.000     45.000      0.000      0.000      0.000      0.000
   -25.000     50.000      0.000      0.000      0.000      0.000
   -20.000     50.000      0.000      0.000      0.000      0.000
   -15.000     50.000      0.000      0.000      0.000      0.000
   -10.000     50.000      0.000      0.000      0.000      0.000
    -5.000     50.000      0.000      0.000      0.000      0.000
     0.000     50.000      0.000      0.000      0.000      0.000
     5.000     50.000      0.000      0.000      0.000      0.000
    10.000     50.000      0.000      0.000      0.000      0.000
    15.000     50.000      0.000      0.000      0.000      0.000
    20.000     50.000      0.000      0.000      0.000      0.000
    25.000     50.000      0.000      0.000      0.000      0.000
    30.000     50.000      0.000      0.000      0.000      0.000
    35.000     50.000      0.000      0.000      0.000      0.000
    40.000     50.000      0.000      0.000      0.000      0.000
    45.000     50.000      0.000      0.000      0.000      0.000
    50.000     50.000      0.000      0.000      0.000      0.000
    55.000     50.000      0.000      0.000      0.000      0.000
    60.000     50.000      0.000      0.000      0.000      0.000
    65.000     50.000      0.000      0.000      0.000      0.000
    70.000     50.000      0.000      0.000      0.000      0.000
    75.000     50.000      0.000      0.000      0.000      0.000
    80.000     50.000      0.000      0.000      0.000      0.000
    85.000     50.000      0.000      0.000      0.000      0.000
    90.000     50.000      0.000      0.000      0.000      0.000
    95.000     50.000      0.000      0.000      0.000      0.000
   100.000     50.000      0.000      0.000      0.000      0.000
   105.000     50.000      0.000      0.000      0.000      0.000
   110.000     50.000      0.000      0.000      0.000      0.000
   115.000     50.000      0.000      0.000      0.000      0.000
   120.000     50.000      0.000      0.000      0.000      0.000
   125.000     50.000      0.000      0.000      0.000      0.000
   130.000     50.000      0.000      0.000      0.000      0.000
   135.000     50.000      0.000      0.000      0.000      0.000
   140.000     50.000      0.000      0.000      0.000      0.000
   145.000     50.000      0.000      0.000      0.000      0.000
