           1   67.3768845       9.22834587       57.5000000       81.0000000       316.000000       35199.6719       1.69178760    
           2   62.4384422       9.46996021       57.5000000       81.0000000       316.000000       61397.7891       2.95093727    
           3   57.5000000       9.57607555       57.5000000       81.0000000       316.000000       78391.2969       3.76768947    
           4   52.5615578       9.65448856       57.5000000       81.0000000       316.000000       93903.3125       4.51323748    
           5   47.6231155       9.71021175       57.5000000       81.0000000       316.000000       106759.023       5.13111591    
           6   42.6846771       9.73420048       57.5000000       81.0000000       316.000000       112821.766       5.42250729    
           7   37.7462311       9.72489929       57.5000000       81.0000000       316.000000       110431.344       5.30761766    
           8   32.8077927       9.68126202       57.5000000       81.0000000       316.000000       99874.4531       4.80022573    
           9   27.8693504       9.62605381       57.5000000       81.0000000       316.000000       87952.2266       4.22721291    
          10   22.9309082       9.57070351       57.5000000       81.0000000       316.000000       77427.7188       3.72137737    
          11   17.9924660       9.49400330       57.5000000       81.0000000       316.000000       64892.6562       3.11890984    
          12   13.0540237       9.35060978       57.5000000       81.0000000       316.000000       46644.6797       2.24186468    
          13   8.11558151       9.06748581       57.5000000       81.0000000       316.000000       24304.0312       1.16811490    
