           1   67.3844147       9.10703182       18.0000000       81.0000000       316.000000       25221.0820       1.27947485    
           2   62.4459763       9.28640270       18.0000000       81.0000000       316.000000       38118.4336       1.93376219    
           3   57.5075340       9.39010239       18.0000000       81.0000000       316.000000       48398.8164       2.45529008    
           4   52.5690918       9.51745987       18.0000000       81.0000000       316.000000       64892.0391       3.29199743    
           5   47.6306496       9.63564396       18.0000000       81.0000000       316.000000       85187.4531       4.32159138    
           6   42.6922073       9.72360611       18.0000000       81.0000000       316.000000       104312.828       5.29182863    
           7   37.7537689       9.76501751       18.0000000       81.0000000       316.000000       114749.094       5.82126474    
           8   32.8153229       9.77624130       18.0000000       81.0000000       316.000000       117753.211       5.97366476    
           9   27.8768845       9.75524235       18.0000000       81.0000000       316.000000       112195.266       5.69170761    
          10   22.9384422       9.71166039       18.0000000       81.0000000       316.000000       101482.867       5.14826393    
          11   18.0000000       9.64344692       18.0000000       81.0000000       316.000000       86731.9062       4.39994192    
          12   13.0615578       9.52023125       18.0000000       81.0000000       316.000000       65307.4688       3.31307220    
          13   8.12311649       9.25732231       18.0000000       81.0000000       316.000000       35649.5430       1.80851460    
