-93.1860416281	13.2905361727	-200	NaN
-93.1906307132	13.2983420472	-199	NaN
-93.1952200939	13.3061478393	-198	NaN
-93.1998097703	13.3139535492	-197	NaN
-93.2043997426	13.3217591766	-196	NaN
-93.2089900111	13.3295647215	-195	NaN
-93.213580576	13.337370184	-194	NaN
-93.2181714374	13.3451755639	-193	NaN
-93.2227625955	13.3529808612	-192	NaN
-93.2273540505	13.3607860758	-191	NaN
-93.2319458027	13.3685912077	-190	NaN
-93.2365378522	13.3763962568	-189	NaN
-93.2411301991	13.384201223	-188	NaN
-93.2457228439	13.3920061064	-187	NaN
-93.2503157865	13.3998109068	-186	NaN
-93.2549090272	13.4076156242	-185	NaN
-93.2595025662	13.4154202585	-184	NaN
-93.2640964037	13.4232248098	-183	NaN
-93.2686905399	13.4310292778	-182	NaN
-93.273284975	13.4388336626	-181	NaN
-93.2778797092	13.4466379642	-180	NaN
-93.2824747427	13.4544421824	-179	NaN
-93.2870700757	13.4622463172	-178	NaN
-93.2916657083	13.4700503685	-177	NaN
-93.2962616408	13.4778543364	-176	NaN
-93.3008578734	13.4856582207	-175	NaN
-93.3054544062	13.4934620213	-174	NaN
-93.3100512395	13.5012657383	-173	NaN
-93.3146483735	13.5090693716	-172	NaN
-93.3192458083	13.5168729211	-171	NaN
-93.3238435442	13.5246763867	-170	NaN
-93.3284415813	13.5324797685	-169	NaN
-93.3330399198	13.5402830662	-168	NaN
-93.3376385601	13.54808628	-167	NaN
-93.3422375021	13.5558894097	-166	NaN
-93.3468367462	13.5636924553	-165	NaN
-93.3514362925	13.5714954168	-164	NaN
-93.3560361413	13.579298294	-163	NaN
-93.3606362927	13.5871010869	-162	NaN
-93.3652367469	13.5949037954	-161	NaN
-93.3698375042	13.6027064196	-160	NaN
-93.3744385646	13.6105089593	-159	NaN
-93.3790399285	13.6183114145	-158	NaN
-93.383641596	13.6261137851	-157	NaN
-93.3882435673	13.6339160711	-156	NaN
-93.3928458427	13.6417182725	-155	NaN
-93.3974484222	13.6495203891	-154	NaN
-93.4020513061	13.6573224209	-153	NaN
-93.4066544947	13.6651243678	-152	NaN
-93.411257988	13.6729262299	-151	NaN
-93.4158617864	13.680728007	-150	NaN
-93.4204658899	13.6885296991	-149	NaN
-93.4250702989	13.6963313061	-148	NaN
-93.4296750134	13.704132828	-147	NaN
-93.4342800337	13.7119342647	-146	NaN
-93.4388853601	13.7197356161	-145	NaN
-93.4434909926	13.7275368823	-144	NaN
-93.4480969314	13.7353380631	-143	NaN
-93.4527031769	13.7431391585	-142	NaN
-93.4573097292	13.7509401685	-141	NaN
-93.4619165884	13.7587410929	-140	NaN
-93.4665237548	13.7665419318	-139	NaN
-93.4711312286	13.774342685	-138	NaN
-93.4757390099	13.7821433526	-137	NaN
-93.4803470991	13.7899439344	-136	NaN
-93.4849554961	13.7977444304	-135	NaN
-93.4895642014	13.8055448405	-134	NaN
-93.494173215	13.8133451647	-133	NaN
-93.4987825372	13.821145403	-132	NaN
-93.5033921682	13.8289455552	-131	NaN
-93.5080021081	13.8367456214	-130	NaN
-93.5126123572	13.8445456014	-129	NaN
-93.5172229156	13.8523454953	-128	NaN
-93.5218337836	13.8601453028	-127	NaN
-93.5264449614	13.8679450241	-126	NaN
-93.5310564491	13.875744659	-125	NaN
-93.535668247	13.8835442075	-124	NaN
-93.5402803552	13.8913436695	-123	NaN
-93.5448927739	13.899143045	-122	NaN
-93.5495055035	13.9069423339	-121	NaN
-93.5541185439	13.9147415362	-120	NaN
-93.5587318955	13.9225406517	-119	NaN
-93.5633455585	13.9303396805	-118	NaN
-93.567959533	13.9381386225	-117	NaN
-93.5725738193	13.9459374776	-116	NaN
-93.5771884175	13.9537362458	-115	NaN
-93.5818033278	13.961534927	-114	NaN
-93.5864185505	13.9693335212	-113	NaN
-93.5910340857	13.9771320282	-112	-6.77277342347
-93.5956499337	13.9849304482	-111	-6.80092526759
-93.6002660946	13.9927287809	-110	-6.86743439976
-93.6048825686	14.0005270263	-109	-6.93686702786
-93.609499356	14.0083251844	-108	-6.98797714671
-93.614116457	14.0161232552	-107	-7.05963235
-93.6187338716	14.0239212385	-106	-7.12988145832
-93.6233516002	14.0317191343	-105	-7.19077149746
-93.627969643	14.0395169426	-104	-7.25613526599
-93.632588	14.0473146633	-103	-7.31950752601
-93.6372066717	14.0551122963	-102	-7.38270234036
-93.641825658	14.0629098416	-101	-7.44579427904
-93.6464449593	14.0707072991	-100	-7.50871361195
-93.6510645757	14.0785046688	-99	-7.57147059648
-93.6556845075	14.0863019505	-98	-7.6340485689
-93.6603047548	14.0940991444	-97	-7.69636289913
-93.6649253178	14.1018962502	-96	-7.75849423923
-93.6695461968	14.109693268	-95	-7.82037851494
-93.6741673919	14.1174901977	-94	-7.88202499444
-93.6787889033	14.1252870392	-93	-7.94345777084
-93.6834107313	14.1330837925	-92	-8.00459901544
-93.688032876	14.1408804575	-91	-8.06556076206
-93.6926553376	14.1486770341	-90	-8.12628920851
-93.6972781164	14.1564735224	-89	-8.18678435988
-93.7019012125	14.1642699222	-88	-8.24712148596
-93.7065246262	14.1720662335	-87	-8.30725365074
-93.7111483576	14.1798624562	-86	-8.36727646119
-93.7157724069	14.1876585903	-85	-8.42717709445
-93.7203967744	14.1954546357	-84	-8.48694022634
-93.7250214602	14.2032505923	-83	-8.54670947653
-93.7296464645	14.2110464602	-82	-8.60643090619
-93.7342717876	14.2188422392	-81	-8.66619773276
-93.7388974296	14.2266379293	-80	-8.72605323934
-93.7435233908	14.2344335304	-79	-8.7859779291
-93.7481496713	14.2422290426	-78	-8.84615372657
-93.7527762714	14.2500244656	-77	-8.90652806242
-93.7574031911	14.2578197995	-76	-8.96719102457
-93.7620304309	14.2656150442	-75	-9.02824316357
-93.7666579908	14.2734101996	-74	-9.08967693916
-93.771285871	14.2812052658	-73	-9.15166942659
-93.7759140717	14.2890002425	-72	-9.21420054903
-93.7805425933	14.2967951299	-71	-9.27734586296
-93.7851714357	14.3045899277	-70	-9.34128120442
-93.7898005993	14.3123846361	-69	-9.40597435319
-93.7944300843	14.3201792548	-68	-9.47160913721
-93.7990598908	14.3279737839	-67	-9.53821867467
-93.8036900191	14.3357682232	-66	-9.60586210702
-93.8083204693	14.3435625728	-65	-9.67475763824
-93.8129512417	14.3513568326	-64	-9.74486146801
-93.8175823364	14.3591510025	-63	-9.81634997607
-93.8222137537	14.3669450825	-62	-9.88930947751
-93.8268454938	14.3747390725	-61	-9.96380254486
-93.8314775568	14.3825329724	-60	-10.0400784586
-93.8361099429	14.3903267822	-59	-10.1181106234
-93.8407426525	14.3981205018	-58	-10.1980288285
-93.8453756856	14.4059141312	-57	-10.2799711219
-93.8500090425	14.4137076704	-56	-10.3639767422
-93.8546427233	14.4215011192	-55	-10.4503265833
-93.8592767283	14.4292944776	-54	-10.5389904783
-93.8639110577	14.4370877455	-53	-10.6300847755
-93.8685457116	14.444880923	-52	-10.7238429989
-93.8731806904	14.4526740098	-51	-10.8202703688
-93.8778159941	14.4604670061	-50	-10.9196028861
-93.882451623	14.4682599116	-49	-11.0218271448
-93.8870875772	14.4760527265	-48	-11.1271054255
-93.8917238571	14.4838454505	-47	-11.2357729605
-93.8963604627	14.4916380837	-46	-11.3478671728
-93.9009973943	14.4994306259	-45	-11.4629211924
-93.9056346522	14.5072230772	-44	-11.5809174395
-93.9102722364	14.5150154375	-43	-11.7017823322
-93.9149101472	14.5228077067	-42	-11.8248132167
-93.9195483848	14.5305998847	-41	-11.9500580308
-93.9241869494	14.5383919715	-40	-12.077539661
-93.9288258412	14.5461839671	-39	-12.2072037273
-93.9334650604	14.5539758714	-38	-12.3390365886
-93.9381046072	14.5617676843	-37	-12.4729239141
-93.9427444818	14.5695594057	-36	-12.6088468653
-93.9473846844	14.5773510357	-35	-12.7467638936
-93.9520252152	14.5851425742	-34	-12.8865598459
-93.9566660745	14.592934021	-33	-13.0281978699
-93.9613072624	14.6007253762	-32	-13.171536902
-93.9659487791	14.6085166396	-31	-13.3165906335
-93.9705906248	14.6163078113	-30	-13.4632722116
-93.9752327997	14.6240988912	-29	-13.6114097203
-93.9798753041	14.6318898791	-28	-13.7609382926
-93.9845181381	14.6396807751	-27	-13.9116500125
-93.989161302	14.6474715791	-26	-14.0635045548
-93.9938047958	14.6552622911	-25	-14.2165662018
-93.99844862	14.6630529109	-24	-14.3707980007
-94.0030927745	14.6708434385	-23	-14.526195935
-94.0077372597	14.6786338739	-22	-14.6824971302
-94.0123820758	14.6864242171	-21	-14.8397314693
-94.0170272229	14.6942144678	-20	-14.9980280776
-94.0216727013	14.7020046262	-19	-15.1574401683
-94.0263185111	14.7097946921	-18	-15.3178649283
-94.0309646527	14.7175846654	-17	-15.4791322976
-94.035611126	14.7253745462	-16	-15.6411712026
-94.0402579315	14.7331643343	-15	-15.8040072926
-94.0449050692	14.7409540297	-14	-15.9674813895
-94.0495525394	14.7487436324	-13	-16.1315425771
-94.0542003422	14.7565331423	-12	-16.2961534064
-94.058848478	14.7643225593	-11	-16.4612010386
-94.0634969468	14.7721118833	-10	-16.6266632723
-94.068145749	14.7799011144	-9	-16.7924546929
-94.0727948846	14.7876902524	-8	-16.958553518
-94.077444354	14.7954792974	-7	-17.1249065354
-94.0820941572	14.8032682491	-6	-17.2914120562
-94.0867442945	14.8110571076	-5	-17.4580440917
-94.0913947662	14.8188458729	-4	-17.6247141833
-94.0960455724	14.8266345448	-3	-17.7913823211
-94.1006967132	14.8344231234	-2	-17.9580520901
-94.1053481891	14.8422116084	-1	-18.1246242135
-94.11	14.85	0	-18.2911116779
-94.1146521463	14.857788298	1	-18.4574498509
-94.1193046281	14.8655765024	2	-18.6235753942
-94.1239574456	14.8733646131	3	-18.7894933668
-94.1286105991	14.88115263	4	-18.9550948168
-94.1332640887	14.8889405531	5	-19.1204158897
-94.1379179147	14.8967283824	6	-19.285459184
-94.1425720773	14.9045161178	7	-19.4501672491
-94.1472265766	14.9123037592	8	-19.61452319
-94.1518814129	14.9200913065	9	-19.7784900523
-94.1565365863	14.9278787598	10	-19.9420746469
-94.1611920971	14.9356661189	11	-20.1052908855
-94.1658479455	14.9434533838	12	-20.2680933025
-94.1705041317	14.9512405544	13	-20.430497091
-94.1751606559	14.9590276308	14	-20.592466987
-94.1798175183	14.9668146127	15	-20.7540762121
-94.184474719	14.9746015002	16	-20.915350485
-94.1891322584	14.9823882932	17	-21.0761777843
-94.1937901366	14.9901749916	18	-21.2364792058
-94.1984483538	14.9979615954	19	-21.3967355794
-94.2031069102	15.0057481045	20	-21.557238197
-94.207765806	15.0135345189	21	-21.7178278678
-94.2124250414	15.0213208386	22	-21.8789600213
-94.2170846167	15.0291070633	23	-22.0407734982
-94.2217445321	15.0368931932	24	-22.2031073705
-94.2264047876	15.0446792281	25	-22.3657932615
-94.2310653837	15.0524651679	26	-22.5288410504
-94.2357263203	15.0602510127	27	-22.692223902
-94.2403875979	15.0680367623	28	-22.8559305643
-94.2450492165	15.0758224168	29	-23.0198933461
-94.2497111763	15.083607976	30	-23.1840468887
-94.2543734777	15.0913934398	31	-23.3484204683
-94.2590361207	15.0991788083	32	-23.5129832629
-94.2636991056	15.1069640813	33	-23.6777150615
-94.2683624326	15.1147492589	34	-23.8425913929
-94.273026102	15.1225343409	35	-24.007609685
-94.2776901138	15.1303193273	36	-24.1728012379
-94.2823544683	15.138104218	37	-24.3381612275
-94.2870191657	15.145889013	38	-24.5036321384
-94.2916842063	15.1536737122	39	-24.669256231
-94.2963495902	15.1614583156	40	-24.8350648937
-94.3010153176	15.169242823	41	-25.0011070858
-94.3056813887	15.1770272345	42	-25.1673535397
-94.3103478038	15.18481155	43	-25.3338276242
-94.3150145631	15.1925957694	44	-25.5005928044
-94.3196816667	15.2003798926	45	-25.6676857708
-94.3243491149	15.2081639197	46	-25.8351249904
-94.3290169078	15.2159478505	47	-26.002923364
-94.3336850457	15.223731685	48	-26.1711641808
-94.3383535288	15.2315154231	49	-26.3399450791
-94.3430223573	15.2392990648	50	-26.5092920434
-94.3476915314	15.24708261	51	-26.6791550798
-94.3523610513	15.2548660586	52	-26.8496355603
-94.3570309172	15.2626494106	53	-27.020887332
-94.3617011293	15.270432666	54	-27.1930169092
-94.3663716878	15.2782158246	55	-27.3659723882
-94.371042593	15.2859988865	56	-27.539812001
-94.375713845	15.2937818515	57	-27.714671901
-94.380385444	15.3015647196	58	-27.8906435123
-94.3850573903	15.3093474907	59	-28.067716256
-94.389729684	15.3171301648	60	-28.2459867333
-94.3944023254	15.3249127419	61	-28.4256119617
-94.3990753147	15.3326952218	62	-28.6066818177
-94.403748652	15.3404776045	63	-28.7892570827
-94.4084223377	15.3482598899	64	-28.9733506628
-94.4130963718	15.356042078	65	-29.1590967023
-94.4177707546	15.3638241688	66	-29.3466160512
-94.4224454863	15.3716061621	67	-29.5359760715
-94.4271205671	15.3793880579	68	-29.7272275958
-94.4317959973	15.3871698562	69	-29.9204816536
-94.4364717769	15.3949515568	70	-30.1158213533
-94.4411479063	15.4027331598	71	-30.3133879092
-94.4458243857	15.4105146651	72	-30.5131892961
-94.4505012151	15.4182960725	73	-30.7153120307
-94.455178395	15.4260773822	74	-30.9198835031
-94.4598559254	15.4338585939	75	-31.1269935477
-94.4645338066	15.4416397076	76	-31.3367031661
-94.4692120387	15.4494207233	77	-31.5490349214
-94.4738906221	15.457201641	78	-31.7641009126
-94.4785695568	15.4649824604	79	-31.9819882043
-94.4832488431	15.4727631817	80	-32.2027590593
-94.4879284813	15.4805438047	81	-32.4264869696
-94.4926084714	15.4883243294	82	-32.6529321518
-94.4972888138	15.4961047558	83	-32.8825276906
-94.5019695086	15.5038850836	84	-33.1160479898
-94.5066505561	15.511665313	85	-33.3533630631
-94.5113319564	15.5194454438	86	-33.5950209988
-94.5160137097	15.527225476	87	-33.8414408806
-94.5206958164	15.5350054095	88	-34.0923168465
-94.5253782764	15.5427852443	89	-34.3474805017
-94.5300610902	15.5505649803	90	-34.6070773615
-94.5347442579	15.5583446174	91	-34.8709724865
-94.5394277797	15.5661241556	92	-35.1390502699
-94.5441116557	15.5739035948	93	-35.4113755192
-94.5487958863	15.581682935	94	-35.6877232514
-94.5534804716	15.5894621761	95	-35.9681504042
-94.5581654118	15.5972413181	96	-36.2525208164
-94.5628507072	15.6050203608	97	-36.5406161761
-94.5675363579	15.6127993043	98	-36.8325890179
-94.5722223642	15.6205781484	99	-37.1282099484
-94.5769087263	15.6283568931	100	-37.4274629387
-94.5815954443	15.6361355384	101	-37.7301948106
-94.5862825185	15.6439140842	102	-38.0361757806
-94.5909699491	15.6516925304	103	-38.3455185601
-94.5956577363	15.659470877	104	-38.6579741827
-94.6003458803	15.6672491238	105	-38.9733889591
-94.6050343813	15.675027271	106	-39.291771441
-94.6097232396	15.6828053183	107	-39.6128654474
-94.6144124553	15.6905832657	108	-39.9366865117
-94.6191020286	15.6983611133	109	-40.2629335538
-94.6237919598	15.7061388608	110	-40.5914375675
-94.6284822491	15.7139165083	111	-40.9222927323
-94.6331728966	15.7216940556	112	-41.2551177203
-94.6378639026	15.7294715029	113	-41.5898441407
-94.6425552673	15.7372488498	114	-41.9262737931
-94.6472469909	15.7450260965	115	-42.2642590427
-94.6519390737	15.7528032429	116	-42.6038018038
-94.6566315157	15.7605802888	117	-42.9444856134
-94.6613243173	15.7683572343	118	-43.2862044894
-94.6660174786	15.7761340792	119	-43.6288815326
-94.6707109998	15.7839108236	120	-43.9721858235
-94.6754048813	15.7916874673	121	-44.3160926158
-94.6800991231	15.7994640103	122	-44.660229463
-94.6847937254	15.8072404525	123	-45.004505568
-94.6894886886	15.8150167939	124	-45.3488421213
-94.6941840127	15.8227930344	125	-45.6928080408
-94.6988796981	15.830569174	126	-46.0364119236
-94.7035757449	15.8383452125	127	-46.3793402493
-94.7082721533	15.84612115	128	-46.7213869773
-94.7129689236	15.8538969864	129	-47.0624890287
-94.7176660559	15.8616727216	130	-47.4021823957
-94.7223635504	15.8694483555	131	-47.7404299878
-94.7270614074	15.8772238882	132	-48.0770180741
-94.7317596272	15.8849993194	133	-48.4115894453
-94.7364582098	15.8927746493	134	-48.7441454604
-94.7411571555	15.9005498776	135	-49.0742539758
-94.7458564645	15.9083250044	136	-49.4018658071
-94.750556137	15.9161000296	137	-49.726766235
-94.7552561733	15.9238749531	138	-50.0485216823
-94.7599565735	15.9316497749	139	-50.36714461
-94.7646573378	15.9394244949	140	-50.6822792959
-94.7693584666	15.9471991131	141	-50.9937513789
-94.7740599598	15.9549736293	142	-51.3014317728
-94.7787618179	15.9627480436	143	-51.6048517204
-94.783464041	15.9705223559	144	-51.9040009279
-94.7881666293	15.978296566	145	-52.198593756
-94.792869583	15.986070674	146	-52.4879915417
-94.7975729023	15.9938446799	147	-52.7723975321
-94.8022765875	16.0016185834	148	-53.0531416486
-94.8069806387	16.0093923846	149	-53.3299065804
-94.8116850562	16.0171660834	150	-53.6034050462
-94.8163898402	16.0249396798	151	-53.8748467697
-94.8210949908	16.0327131736	152	-54.1436909401
-94.8258005084	16.0404865649	153	-54.4097550845
-94.830506393	16.0482598535	154	-54.6729507901
-94.835212645	16.0560330395	155	-54.9331722231
-94.8399192645	16.0638061227	156	-55.1902925103
-94.8446262517	16.071579103	157	-55.4442493218
-94.8493336069	16.0793519805	158	-55.6949593622
-94.8540413302	16.0871247551	159	-55.9423498768
-94.858749422	16.0948974267	160	-56.1863749089
-94.8634578823	16.1026699952	161	-56.4269598344
-94.8681667114	16.1104424606	162	-56.6640936693
-94.8728759095	16.1182148228	163	-56.8977155134
-94.8775854769	16.1259870818	164	-57.1277567659
-94.8822954137	16.1337592375	165	-57.3541987764
-94.8870057201	16.1415312898	166	-57.577104694
-94.8917163964	16.1493032387	167	-57.7964390972
-94.8964274427	16.1570750842	168	-58.012158084
-94.9011388594	16.164846826	169	-58.2242773344
-94.9058506465	16.1726184643	170	-58.4328439239
-94.9105628044	16.180389999	171	-58.6378992254
-94.9152753331	16.1881614298	172	-58.8394540022
-94.919988233	16.195932757	173	-59.0375339317
-94.9247015043	16.2037039802	174	-59.2322107798
-94.9294151471	16.2114750996	175	-59.4235066308
-94.9341291616	16.219246115	176	-59.6114941906
-94.9388435482	16.2270170264	177	-59.7962917798
-94.9435583069	16.2347878336	178	-59.9779562796
-94.9482734381	16.2425585368	179	-60.1565477001
-94.9529889418	16.2503291357	180	-60.3321256372
-94.9577048184	16.2580996303	181	-60.5048182336
-94.9624210681	16.2658700207	182	-60.6747456501
-94.9671376909	16.2736403066	183	-60.8419906122
-94.9718546873	16.2814104881	184	-61.0066935069
-94.9765720574	16.289180565	185	-61.1689427341
-94.9812898013	16.2969505374	186	-61.3289230084
-94.9860079194	16.3047204052	187	-61.4873800502
-94.9907264117	16.3124901682	188	-61.6439057697
-94.9954452786	16.3202598265	189	-61.7977383422
-95.0001645203	16.32802938	190	-61.9480940326
-95.0048841369	16.3357988286	191	-62.0954627114
-95.0096041287	16.3435681722	192	-62.2403041904
-95.0143244959	16.3513374109	193	-62.3819233495
-95.0190452387	16.3591065444	194	-62.5196623713
-95.0237663573	16.3668755729	195	-62.6531550474
-95.0284878519	16.3746444962	196	-62.7829179864
-95.0332097227	16.3824133142	197	-62.9093319386
-95.03793197	16.3901820269	198	-63.032718097
-95.042654594	16.3979506343	199	-63.1532806999
-95.0473775949	16.4057191362	200	-63.2708563695
