  -10.0000000      -50.0000000      0.694000006       64.1999969    
  -10.0000000      -45.0000000      0.886900008       58.7999992    
  -10.0000000      -40.0000000      0.149700001      -69.5000000    
  -10.0000000      -35.0000000       1.86699998      -104.099998    
  -10.0000000      -30.0000000       2.26139998      -114.199997    
  -10.0000000      -25.0000000       2.03539991      -120.599998    
  -10.0000000      -20.0000000       2.30629992      -110.300003    
  -10.0000000      -15.0000000       2.52119994      -105.400002    
  -10.0000000      -10.0000000       1.96120000      -102.500000    
  -10.0000000      -5.00000000       1.20609999      -78.0999985    
  -10.0000000       0.00000000      0.768800020      -34.2000008    
  -10.0000000       5.00000000      0.611999989       16.3999996    
  -10.0000000       10.0000000      0.267899990      -1.20000005    
  -5.00000000      -50.0000000       1.23829997       64.5999985    
  -5.00000000      -45.0000000       1.30840003       60.0999985    
  -5.00000000      -40.0000000      0.411900014      -2.20000005    
  -5.00000000      -35.0000000       2.39580011      -97.0999985    
  -5.00000000      -30.0000000       3.42140007      -111.599998    
  -5.00000000      -25.0000000       3.90790009      -119.099998    
  -5.00000000      -20.0000000       4.37410021      -110.900002    
  -5.00000000      -15.0000000       5.01359987      -104.400002    
  -5.00000000      -10.0000000       3.53590012      -97.0999985    
  -5.00000000      -5.00000000       2.21830010      -75.4000015    
  -5.00000000       0.00000000       1.67970002      -36.5999985    
  -5.00000000       5.00000000       1.73660004       6.19999981    
  -5.00000000       10.0000000       1.18959999       4.40000010    
   0.00000000      -50.0000000       1.53840005       66.5999985    
   0.00000000      -45.0000000       1.64750004       62.9000015    
   0.00000000      -40.0000000      0.959500015       23.8999996    
   0.00000000      -35.0000000       2.47440004      -86.9000015    
   0.00000000      -30.0000000       4.06479979      -104.599998    
   0.00000000      -25.0000000       5.30700016      -113.500000    
   0.00000000      -20.0000000       5.81610012      -108.300003    
   0.00000000      -15.0000000       6.49609995      -100.900002    
   0.00000000      -10.0000000       4.91340017      -91.0999985    
   0.00000000      -5.00000000       3.54209995      -73.4000015    
   0.00000000       0.00000000       2.72620010      -42.2999992    
   0.00000000       5.00000000       2.68530011      -2.90000010    
   0.00000000       10.0000000       1.82019997       2.40000010    
   5.00000000      -50.0000000       1.86300004       66.1999969    
   5.00000000      -45.0000000       2.20040011       65.0000000    
   5.00000000      -40.0000000       1.30350006       29.7000008    
   5.00000000      -35.0000000       2.43659997      -73.5000000    
   5.00000000      -30.0000000       4.60879993      -94.4000015    
   5.00000000      -25.0000000       6.21850014      -103.000000    
   5.00000000      -20.0000000       6.86320019      -101.300003    
   5.00000000      -15.0000000       7.55340004      -95.5000000    
   5.00000000      -10.0000000       6.42869997      -85.8000031    
   5.00000000      -5.00000000       5.18260002      -72.0000000    
   5.00000000       0.00000000       3.89739990      -48.9000015    
   5.00000000       5.00000000       3.29329991      -16.8999996    
   5.00000000       10.0000000       2.07669997      -6.30000019    
   10.0000000      -50.0000000       2.29139996       63.0000000    
   10.0000000      -45.0000000       2.60899997       62.0999985    
   10.0000000      -40.0000000       1.47290003       24.1000004    
   10.0000000      -35.0000000       2.51530004      -60.9000015    
   10.0000000      -30.0000000       5.05009985      -84.9000015    
   10.0000000      -25.0000000       6.89029980      -92.1999969    
   10.0000000      -20.0000000       7.90549994      -93.1999969    
   10.0000000      -15.0000000       8.66170025      -90.0000000    
   10.0000000      -10.0000000       8.21350002      -81.6999969    
   10.0000000      -5.00000000       7.04220009      -70.6999969    
   10.0000000       0.00000000       5.56489992      -57.2999992    
   10.0000000       5.00000000       3.99939990      -39.5000000    
   10.0000000       10.0000000       2.27629995      -29.2999992    
   15.0000000      -50.0000000       2.46659994       59.2000008    
   15.0000000      -45.0000000       2.70339990       54.7999992    
   15.0000000      -40.0000000       1.87829995       9.10000038    
   15.0000000      -35.0000000       2.85380006      -54.0000000    
   15.0000000      -30.0000000       5.53900003      -78.5999985    
   15.0000000      -25.0000000       7.65210009      -86.0000000    
   15.0000000      -20.0000000       9.22529984      -86.8000031    
   15.0000000      -15.0000000       10.0848999      -84.4000015    
   15.0000000      -10.0000000       9.85639954      -79.6999969    
   15.0000000      -5.00000000       8.94480038      -71.3000031    
   15.0000000       0.00000000       7.48400021      -62.0999985    
   15.0000000       5.00000000       5.63670015      -57.5999985    
   15.0000000       10.0000000       3.12859988      -56.0999985    
   20.0000000      -50.0000000       2.12190008       57.7000008    
   20.0000000      -45.0000000       2.73530006       50.0999985    
   20.0000000      -40.0000000       2.00449991      0.800000012    
   20.0000000      -35.0000000       3.17280006      -52.7000008    
   20.0000000      -30.0000000       6.13339996      -76.9000015    
   20.0000000      -25.0000000       9.01229954      -83.0000000    
   20.0000000      -20.0000000       10.6379004      -83.0000000    
   20.0000000      -15.0000000       11.5595999      -81.1999969    
   20.0000000      -10.0000000       11.5768003      -78.4000015    
   20.0000000      -5.00000000       10.7636995      -74.5999985    
   20.0000000       0.00000000       9.11579990      -69.3000031    
   20.0000000       5.00000000       6.94029999      -64.8000031    
   20.0000000       10.0000000       3.79139996      -63.0000000    
   25.0000000      -50.0000000       1.88020003       55.7999992    
   25.0000000      -45.0000000       2.29749990       44.5000000    
   25.0000000      -40.0000000       1.96000004       3.20000005    
   25.0000000      -35.0000000       3.20810008      -55.0999985    
   25.0000000      -30.0000000       6.74679995      -75.5999985    
   25.0000000      -25.0000000       10.0636997      -83.0000000    
   25.0000000      -20.0000000       12.2902002      -83.3000031    
   25.0000000      -15.0000000       13.2163000      -81.9000015    
   25.0000000      -10.0000000       13.2482996      -80.0999985    
   25.0000000      -5.00000000       12.5944996      -78.4000015    
   25.0000000       0.00000000       10.8039999      -76.6999969    
   25.0000000       5.00000000       7.92490005      -73.5000000    
   25.0000000       10.0000000       4.14650011      -70.3000031    
   30.0000000      -50.0000000       1.13250005       40.7999992    
   30.0000000      -45.0000000       1.50790000       33.7999992    
   30.0000000      -40.0000000       1.64839995      -18.7999992    
   30.0000000      -35.0000000       3.75079989      -66.6999969    
   30.0000000      -30.0000000       6.94029999      -76.1999969    
   30.0000000      -25.0000000       10.7016001      -83.6999969    
   30.0000000      -20.0000000       13.6500998      -85.6999969    
   30.0000000      -15.0000000       14.9763002      -85.0000000    
   30.0000000      -10.0000000       14.6027002      -83.4000015    
   30.0000000      -5.00000000       13.6374998      -82.4000015    
   30.0000000       0.00000000       11.6721001      -82.4000015    
   30.0000000       5.00000000       8.44079971      -82.0999985    
   30.0000000       10.0000000       4.74060011      -81.4000015    
   35.0000000      -50.0000000      0.606199980       7.00000000    
   35.0000000      -45.0000000      0.777000010       13.1000004    
   35.0000000      -40.0000000       1.12210000      -44.7000008    
   35.0000000      -35.0000000       3.60109997      -76.3000031    
   35.0000000      -30.0000000       7.24030018      -83.3000031    
   35.0000000      -25.0000000       11.1248999      -87.1999969    
   35.0000000      -20.0000000       14.5494003      -90.5999985    
   35.0000000      -15.0000000       16.3761997      -90.5999985    
   35.0000000      -10.0000000       16.1000996      -89.3000031    
   35.0000000      -5.00000000       14.6904001      -88.5999985    
   35.0000000       0.00000000       12.1683998      -88.9000015    
   35.0000000       5.00000000       9.06639957      -88.8000031    
   35.0000000       10.0000000       5.08930016      -87.0999985    
   40.0000000      -50.0000000      0.631200016      -43.5000000    
   40.0000000      -45.0000000       1.13940001      -57.4000015    
   40.0000000      -40.0000000       2.03110003      -85.4000015    
   40.0000000      -35.0000000       3.95600009      -89.0999985    
   40.0000000      -30.0000000       7.70090008      -90.8000031    
   40.0000000      -25.0000000       11.4782000      -92.8000031    
   40.0000000      -20.0000000       14.9287004      -94.8000031    
   40.0000000      -15.0000000       16.8885002      -96.5000000    
   40.0000000      -10.0000000       17.1341000      -96.4000015    
   40.0000000      -5.00000000       15.8564997      -96.0999985    
   40.0000000       0.00000000       13.0685997      -95.5999985    
   40.0000000       5.00000000       9.53369999      -95.0000000    
   40.0000000       10.0000000       5.33769989      -93.3000031    
   45.0000000      -50.0000000      0.886600018      -62.7000008    
   45.0000000      -45.0000000       1.94379997      -77.6999969    
   45.0000000      -40.0000000       3.22199988      -92.3000031    
   45.0000000      -35.0000000       5.05840015      -97.6999969    
   45.0000000      -30.0000000       8.13650036      -98.5000000    
   45.0000000      -25.0000000       11.7755003      -98.1999969    
   45.0000000      -20.0000000       14.8885002      -99.0000000    
   45.0000000      -15.0000000       16.7651997      -100.000000    
   45.0000000      -10.0000000       17.2670994      -100.400002    
   45.0000000      -5.00000000       16.2289009      -100.800003    
   45.0000000       0.00000000       13.7981005      -101.000000    
   45.0000000       5.00000000       9.89770031      -100.900002    
   45.0000000       10.0000000       5.38549995      -98.8000031    
   50.0000000      -50.0000000       1.38300002      -54.4000015    
   50.0000000      -45.0000000       2.70149994      -75.3000031    
   50.0000000      -40.0000000       4.03849983      -91.0999985    
   50.0000000      -35.0000000       6.20240021      -100.599998    
   50.0000000      -30.0000000       8.89470005      -101.900002    
   50.0000000      -25.0000000       11.5742998      -103.300003    
   50.0000000      -20.0000000       13.9681997      -104.199997    
   50.0000000      -15.0000000       15.9698000      -103.800003    
   50.0000000      -10.0000000       16.3931999      -103.900002    
   50.0000000      -5.00000000       15.2969999      -104.099998    
   50.0000000       0.00000000       13.2257996      -104.599998    
   50.0000000       5.00000000       9.86719990      -105.099998    
   50.0000000       10.0000000       5.17999983      -104.300003    
   55.0000000      -50.0000000       2.01029992      -50.9000015    
   55.0000000      -45.0000000       3.74979997      -70.3000031    
   55.0000000      -40.0000000       5.26560020      -85.5999985    
   55.0000000      -35.0000000       7.23559999      -99.0000000    
   55.0000000      -30.0000000       9.53969955      -103.699997    
   55.0000000      -25.0000000       11.6372995      -106.599998    
   55.0000000      -20.0000000       13.3783998      -108.199997    
   55.0000000      -15.0000000       14.4638004      -108.400002    
   55.0000000      -10.0000000       15.1073999      -108.699997    
   55.0000000      -5.00000000       14.2195997      -108.599998    
   55.0000000       0.00000000       12.2207003      -107.900002    
   55.0000000       5.00000000       8.98390007      -108.000000    
   55.0000000       10.0000000       4.66239977      -108.500000    
   60.0000000      -50.0000000       2.35190010      -38.5000000    
   60.0000000      -45.0000000       4.39639997      -59.4000015    
   60.0000000      -40.0000000       6.18820000      -78.0999985    
   60.0000000      -35.0000000       7.87550020      -92.5000000    
   60.0000000      -30.0000000       9.70289993      -103.199997    
   60.0000000      -25.0000000       11.3957005      -107.800003    
   60.0000000      -20.0000000       12.7198000      -110.500000    
   60.0000000      -15.0000000       13.4682999      -112.000000    
   60.0000000      -10.0000000       13.5073004      -112.800003    
   60.0000000      -5.00000000       12.7746000      -113.400002    
   60.0000000       0.00000000       11.0446997      -112.599998    
   60.0000000       5.00000000       7.66050005      -112.800003    
   60.0000000       10.0000000       3.95420003      -112.699997    
   65.0000000      -50.0000000       2.81030011      -40.7999992    
   65.0000000      -45.0000000       5.21519995      -56.2999992    
   65.0000000      -40.0000000       6.89970016      -70.4000015    
   65.0000000      -35.0000000       8.25329971      -84.4000015    
   65.0000000      -30.0000000       9.49409962      -97.0000000    
   65.0000000      -25.0000000       11.0232000      -106.300003    
   65.0000000      -20.0000000       11.9098997      -111.099998    
   65.0000000      -15.0000000       12.5862999      -113.400002    
   65.0000000      -10.0000000       12.2806997      -116.300003    
   65.0000000      -5.00000000       10.8872004      -118.500000    
   65.0000000       0.00000000       9.07269955      -119.199997    
   65.0000000       5.00000000       6.34159994      -120.599998    
   65.0000000       10.0000000       3.33080006      -121.800003    
   70.0000000      -50.0000000       3.18260002      -48.4000015    
   70.0000000      -45.0000000       5.70599985      -54.2999992    
   70.0000000      -40.0000000       7.18480015      -64.4000015    
   70.0000000      -35.0000000       8.15270042      -77.8000031    
   70.0000000      -30.0000000       8.97830009      -91.0000000    
   70.0000000      -25.0000000       10.0348997      -100.900002    
   70.0000000      -20.0000000       10.8528004      -109.900002    
   70.0000000      -15.0000000       11.2517004      -116.000000    
   70.0000000      -10.0000000       10.7553997      -120.699997    
   70.0000000      -5.00000000       9.31779957      -124.599998    
   70.0000000       0.00000000       7.49090004      -125.699997    
   70.0000000       5.00000000       5.10550022      -127.800003    
   70.0000000       10.0000000       2.55949998      -132.000000    
   75.0000000      -50.0000000       3.45919991      -52.4000015    
   75.0000000      -45.0000000       6.24590015      -57.5999985    
   75.0000000      -40.0000000       7.55609989      -62.9000015    
   75.0000000      -35.0000000       7.98929977      -73.0999985    
   75.0000000      -30.0000000       8.39490032      -83.6999969    
   75.0000000      -25.0000000       8.85219955      -94.9000015    
   75.0000000      -20.0000000       9.17520046      -107.699997    
   75.0000000      -15.0000000       9.29909992      -117.300003    
   75.0000000      -10.0000000       8.92940044      -124.699997    
   75.0000000      -5.00000000       7.86639977      -129.000000    
   75.0000000       0.00000000       6.43389988      -131.699997    
   75.0000000       5.00000000       4.28200006      -133.800003    
   75.0000000       10.0000000       2.17880011      -136.600006    
   80.0000000      -50.0000000       3.64599991      -55.4000015    
   80.0000000      -45.0000000       6.46640015      -61.0000000    
   80.0000000      -40.0000000       7.99529982      -66.0000000    
   80.0000000      -35.0000000       7.95240021      -71.5999985    
   80.0000000      -30.0000000       7.28249979      -78.5999985    
   80.0000000      -25.0000000       6.93450022      -89.5000000    
   80.0000000      -20.0000000       6.94210005      -103.099998    
   80.0000000      -15.0000000       6.78030014      -116.199997    
   80.0000000      -10.0000000       6.89230013      -126.199997    
   80.0000000      -5.00000000       6.26879978      -132.399994    
   80.0000000       0.00000000       5.15199995      -134.500000    
   80.0000000       5.00000000       3.52230000      -137.699997    
   80.0000000       10.0000000       1.74520004      -141.699997    
   85.0000000      -50.0000000       3.40070009      -55.0999985    
   85.0000000      -45.0000000       6.13660002      -60.7000008    
   85.0000000      -40.0000000       7.48470020      -66.0000000    
   85.0000000      -35.0000000       7.26329994      -69.0999985    
   85.0000000      -30.0000000       6.13140011      -73.6999969    
   85.0000000      -25.0000000       4.98330021      -80.8000031    
   85.0000000      -20.0000000       4.36110020      -93.8000031    
   85.0000000      -15.0000000       4.14090014      -111.800003    
   85.0000000      -10.0000000       4.38950014      -125.800003    
   85.0000000      -5.00000000       4.05210018      -134.399994    
   85.0000000       0.00000000       3.61319995      -137.500000    
   85.0000000       5.00000000       2.66799998      -142.800003    
   85.0000000       10.0000000       1.20120001      -158.500000    
   90.0000000      -50.0000000       3.05699992      -54.2999992    
   90.0000000      -45.0000000       5.67539978      -59.7999992    
   90.0000000      -40.0000000       7.13670015      -65.9000015    
   90.0000000      -35.0000000       6.98979998      -68.0999985    
   90.0000000      -30.0000000       5.62799978      -68.4000015    
   90.0000000      -25.0000000       4.11140013      -69.8000031    
   90.0000000      -20.0000000       2.92389989      -76.3000031    
   90.0000000      -15.0000000       1.98440003      -92.9000015    
   90.0000000      -10.0000000       1.86049998      -120.699997    
   90.0000000      -5.00000000       1.99070001      -142.199997    
   90.0000000       0.00000000       2.03679991      -147.600006    
   90.0000000       5.00000000       1.62210000      -152.500000    
   90.0000000       10.0000000      0.996200025      -156.500000    
   95.0000000      -50.0000000       2.98609996      -57.2000008    
   95.0000000      -45.0000000       5.24749994      -56.0999985    
   95.0000000      -40.0000000       6.71320009      -62.0999985    
   95.0000000      -35.0000000       6.64260006      -64.1999969    
   95.0000000      -30.0000000       5.49849987      -62.5999985    
   95.0000000      -25.0000000       3.92210007      -59.2000008    
   95.0000000      -20.0000000       2.36299992      -53.9000015    
   95.0000000      -15.0000000       1.18030000      -46.5000000    
   95.0000000      -10.0000000      0.175500005      -41.5000000    
   95.0000000      -5.00000000      0.540099978       158.899994    
   95.0000000       0.00000000      0.906499982       169.600006    
   95.0000000       5.00000000      0.945800006      -179.399994    
   95.0000000       10.0000000      0.581300020      -171.699997    
   100.000000      -50.0000000       2.51699996      -55.4000015    
   100.000000      -45.0000000       4.42369986      -56.5999985    
   100.000000      -40.0000000       5.65299988      -57.9000015    
   100.000000      -35.0000000       5.89940023      -60.0999985    
   100.000000      -30.0000000       5.19750023      -59.5999985    
   100.000000      -25.0000000       3.90490007      -58.2000008    
   100.000000      -20.0000000       2.35190010      -50.5999985    
   100.000000      -15.0000000       1.11319995      -30.3999996    
   100.000000      -10.0000000      0.587899983       40.7000008    
   100.000000      -5.00000000      0.926400006       85.5999985    
   100.000000       0.00000000      0.792599976       116.599998    
   100.000000       5.00000000      0.718299985       146.100006    
   100.000000       10.0000000      0.361299992       151.800003    
   105.000000      -50.0000000       1.96689999      -41.5999985    
   105.000000      -45.0000000       3.39510012      -49.4000015    
   105.000000      -40.0000000       4.49300003      -51.0999985    
   105.000000      -35.0000000       4.50640011      -50.4000015    
   105.000000      -30.0000000       4.40110016      -55.5999985    
   105.000000      -25.0000000       3.81340003      -56.7999992    
   105.000000      -20.0000000       2.67389989      -57.2000008    
   105.000000      -15.0000000       1.52670002      -65.1999969    
   105.000000      -10.0000000      0.301099986      -51.0000000    
   105.000000      -5.00000000      0.579100013       93.8000031    
   105.000000       0.00000000      0.755100012       114.599998    
   105.000000       5.00000000      0.627300024       139.500000    
   105.000000       10.0000000      0.428499997       125.699997    
   110.000000      -50.0000000       1.86119998      -41.7000008    
   110.000000      -45.0000000       2.76279998      -42.2000008    
   110.000000      -40.0000000       3.51069999      -44.5000000    
   110.000000      -35.0000000       3.57389998      -45.2000008    
   110.000000      -30.0000000       3.58360004      -53.0999985    
   110.000000      -25.0000000       3.18820000      -54.7999992    
   110.000000      -20.0000000       2.88560009      -61.2000008    
   110.000000      -15.0000000       2.22300005      -76.4000015    
   110.000000      -10.0000000       1.48759997      -97.0000000    
   110.000000      -5.00000000      0.704500020      -145.000000    
   110.000000       0.00000000      0.716400027       158.500000    
   110.000000       5.00000000      0.649500012       140.399994    
   110.000000       10.0000000      0.363599986       149.000000    
   115.000000      -50.0000000       1.74539995      -38.2000008    
   115.000000      -45.0000000       2.57760000      -38.0000000    
   115.000000      -40.0000000       2.88429999      -38.2999992    
   115.000000      -35.0000000       2.89129996      -48.5999985    
   115.000000      -30.0000000       3.04559994      -57.5999985    
   115.000000      -25.0000000       2.94779992      -64.5999985    
   115.000000      -20.0000000       3.10750008      -71.5000000    
   115.000000      -15.0000000       2.64120007      -81.5000000    
   115.000000      -10.0000000       2.02839994      -97.3000031    
   115.000000      -5.00000000       1.57790005      -127.099998    
   115.000000       0.00000000       1.23249996      -156.199997    
   115.000000       5.00000000      0.864400029       179.399994    
   115.000000       10.0000000      0.508400023       152.100006    
   120.000000      -50.0000000       1.76979995      -37.2999992    
   120.000000      -45.0000000       2.70980000      -37.5999985    
   120.000000      -40.0000000       2.85899997      -40.0999985    
   120.000000      -35.0000000       2.43650007      -53.2999992    
   120.000000      -30.0000000       2.29730010      -65.9000015    
   120.000000      -25.0000000       2.36050010      -77.3000031    
   120.000000      -20.0000000       2.67300010      -82.1999969    
   120.000000      -15.0000000       2.55800009      -87.8000031    
   120.000000      -10.0000000       2.13299990      -100.099998    
   120.000000      -5.00000000       1.61839998      -125.599998    
   120.000000       0.00000000       1.32700002      -152.699997    
   120.000000       5.00000000       1.11769998      -158.000000    
   120.000000       10.0000000      0.626100004      -158.000000    
   125.000000      -50.0000000       1.43250000      -26.2999992    
   125.000000      -45.0000000       2.25740004      -30.7000008    
   125.000000      -40.0000000       2.23930001      -39.7999992    
   125.000000      -35.0000000       1.66610003      -57.0999985    
   125.000000      -30.0000000       1.41820002      -80.4000015    
   125.000000      -25.0000000       1.61170006      -94.8000031    
   125.000000      -20.0000000       1.75300002      -95.5000000    
   125.000000      -15.0000000       1.78799999      -98.3000031    
   125.000000      -10.0000000       1.58539999      -104.099998    
   125.000000      -5.00000000       1.38080001      -123.000000    
   125.000000       0.00000000       1.15950000      -147.600006    
   125.000000       5.00000000      0.941500008      -159.300003    
   125.000000       10.0000000      0.517700016      -176.699997    
   130.000000      -50.0000000      0.723800004      -29.2999992    
   130.000000      -45.0000000       1.20099998      -19.8999996    
   130.000000      -40.0000000       1.15799999      -30.2999992    
   130.000000      -35.0000000      0.662999988      -52.7000008    
   130.000000      -30.0000000      0.644299984      -113.199997    
   130.000000      -25.0000000      0.755200028      -118.800003    
   130.000000      -20.0000000      0.870000005      -109.599998    
   130.000000      -15.0000000       1.06459999      -107.599998    
   130.000000      -10.0000000      0.892099977      -106.500000    
   130.000000      -5.00000000      0.734700024      -110.900002    
   130.000000       0.00000000      0.733699977      -144.899994    
   130.000000       5.00000000      0.612999976      -161.600006    
   130.000000       10.0000000      0.307700008      -161.800003    
