  -10.0000000      -50.0000000      0.673500001       55.9000015    
  -10.0000000      -45.0000000      0.495000005       59.7000008    
  -10.0000000      -40.0000000      0.275999993       29.7000008    
  -10.0000000      -35.0000000      0.555400014      -81.3000031    
  -10.0000000      -30.0000000       1.05530000      -92.5999985    
  -10.0000000      -25.0000000       1.57949996      -95.5999985    
  -10.0000000      -20.0000000       1.98230004      -86.9000015    
  -10.0000000      -15.0000000       2.15569997      -82.1999969    
  -10.0000000      -10.0000000       2.02579999      -73.0999985    
  -10.0000000      -5.00000000       1.90139997      -55.7000008    
  -10.0000000       0.00000000       1.52769995      -32.7000008    
  -10.0000000       5.00000000       1.13460004      -9.50000000    
  -10.0000000       10.0000000      0.631500006      -8.19999981    
  -5.00000000      -50.0000000       1.05069995       56.5999985    
  -5.00000000      -45.0000000      0.996699989       61.5999985    
  -5.00000000      -40.0000000      0.608200014       46.2999992    
  -5.00000000      -35.0000000      0.882099986      -82.5000000    
  -5.00000000      -30.0000000       1.93350005      -93.6999969    
  -5.00000000      -25.0000000       2.95479989      -95.0000000    
  -5.00000000      -20.0000000       3.65750003      -87.5000000    
  -5.00000000      -15.0000000       4.11079979      -82.5000000    
  -5.00000000      -10.0000000       3.78279996      -69.0999985    
  -5.00000000      -5.00000000       3.40389991      -50.9000015    
  -5.00000000       0.00000000       2.99390006      -33.0999985    
  -5.00000000       5.00000000       2.36249995      -26.1000004    
  -5.00000000       10.0000000       1.43929994      -29.3999996    
   0.00000000      -50.0000000       1.30540001       61.0999985    
   0.00000000      -45.0000000       1.39069998       59.5999985    
   0.00000000      -40.0000000      0.740100026       53.0999985    
   0.00000000      -35.0000000       1.15180004      -82.3000031    
   0.00000000      -30.0000000       2.75620008      -92.3000031    
   0.00000000      -25.0000000       4.11920023      -93.5999985    
   0.00000000      -20.0000000       4.99930000      -88.0000000    
   0.00000000      -15.0000000       5.53760004      -81.4000015    
   0.00000000      -10.0000000       5.22069979      -66.6999969    
   0.00000000      -5.00000000       4.75269985      -50.0999985    
   0.00000000       0.00000000       4.18120003      -34.0999985    
   0.00000000       5.00000000       3.35770011      -28.8999996    
   0.00000000       10.0000000       1.98609996      -30.2000008    
   5.00000000      -50.0000000       1.53719997       64.4000015    
   5.00000000      -45.0000000       1.65059996       58.0000000    
   5.00000000      -40.0000000      0.739000022       54.5000000    
   5.00000000      -35.0000000       1.32110000      -79.5999985    
   5.00000000      -30.0000000       3.29600000      -90.9000015    
   5.00000000      -25.0000000       4.86040020      -91.5999985    
   5.00000000      -20.0000000       5.95730019      -88.0000000    
   5.00000000      -15.0000000       6.59180021      -80.9000015    
   5.00000000      -10.0000000       6.38770008      -66.9000015    
   5.00000000      -5.00000000       5.90170002      -52.2000008    
   5.00000000       0.00000000       5.10109997      -37.5999985    
   5.00000000       5.00000000       3.99410009      -31.1000004    
   5.00000000       10.0000000       2.27139997      -29.7000008    
   10.0000000      -50.0000000       1.67359996       67.0999985    
   10.0000000      -45.0000000       1.75960004       59.5999985    
   10.0000000      -40.0000000      0.724200010       54.5999985    
   10.0000000      -35.0000000       1.28369999      -79.4000015    
   10.0000000      -30.0000000       3.46550012      -91.9000015    
   10.0000000      -25.0000000       5.31619978      -91.1999969    
   10.0000000      -20.0000000       6.60440016      -88.1999969    
   10.0000000      -15.0000000       7.30030012      -81.8000031    
   10.0000000      -10.0000000       7.27519989      -70.4000015    
   10.0000000      -5.00000000       6.73960018      -57.2999992    
   10.0000000       0.00000000       5.81890011      -45.2000008    
   10.0000000       5.00000000       4.36560011      -35.5000000    
   10.0000000       10.0000000       2.39269996      -28.2999992    
   15.0000000      -50.0000000       1.67820001       69.5000000    
   15.0000000      -45.0000000       1.84249997       64.5999985    
   15.0000000      -40.0000000      0.794200003       60.9000015    
   15.0000000      -35.0000000      0.888499975      -84.3000031    
   15.0000000      -30.0000000       3.41540003      -95.4000015    
   15.0000000      -25.0000000       5.52950001      -93.5000000    
   15.0000000      -20.0000000       7.12389994      -88.9000015    
   15.0000000      -15.0000000       8.06859970      -83.1999969    
   15.0000000      -10.0000000       8.09020042      -75.3000031    
   15.0000000      -5.00000000       7.60249996      -64.5999985    
   15.0000000       0.00000000       6.68330002      -55.5999985    
   15.0000000       5.00000000       5.09679985      -49.0000000    
   15.0000000       10.0000000       2.82540011      -45.0999985    
   20.0000000      -50.0000000       1.61329997       69.9000015    
   20.0000000      -45.0000000       2.21939993       70.0999985    
   20.0000000      -40.0000000      0.986999989       76.0000000    
   20.0000000      -35.0000000      0.977699995      -97.4000015    
   20.0000000      -30.0000000       3.54780006      -96.5999985    
   20.0000000      -25.0000000       5.92369986      -95.0000000    
   20.0000000      -20.0000000       7.66349983      -90.5000000    
   20.0000000      -15.0000000       8.73490047      -85.8000031    
   20.0000000      -10.0000000       8.98009968      -79.8000031    
   20.0000000      -5.00000000       8.57470036      -73.4000015    
   20.0000000       0.00000000       7.62500000      -67.0000000    
   20.0000000       5.00000000       5.85489988      -62.5000000    
   20.0000000       10.0000000       3.30999994      -59.2999992    
   25.0000000      -50.0000000       1.42420006       76.0000000    
   25.0000000      -45.0000000       2.15899992       75.3000031    
   25.0000000      -40.0000000       1.16380000       81.6999969    
   25.0000000      -35.0000000       1.05680001      -102.500000    
   25.0000000      -30.0000000       3.79010010      -99.1999969    
   25.0000000      -25.0000000       6.47709990      -97.8000031    
   25.0000000      -20.0000000       8.47249985      -94.1999969    
   25.0000000      -15.0000000       9.52200031      -90.5000000    
   25.0000000      -10.0000000       10.0146999      -85.5000000    
   25.0000000      -5.00000000       9.72900009      -81.3000031    
   25.0000000       0.00000000       8.62329960      -77.5999985    
   25.0000000       5.00000000       6.45139980      -73.1999969    
   25.0000000       10.0000000       3.61139989      -71.0999985    
   30.0000000      -50.0000000       1.15269995       81.9000015    
   30.0000000      -45.0000000       1.71050000       85.1999969    
   30.0000000      -40.0000000      0.856899977       105.000000    
   30.0000000      -35.0000000       1.47490001      -111.900002    
   30.0000000      -30.0000000       4.19519997      -103.099998    
   30.0000000      -25.0000000       7.01450014      -100.599998    
   30.0000000      -20.0000000       9.33370018      -97.9000015    
   30.0000000      -15.0000000       10.4150000      -95.0000000    
   30.0000000      -10.0000000       10.6787004      -90.9000015    
   30.0000000      -5.00000000       10.3950996      -87.3000031    
   30.0000000       0.00000000       9.28050041      -85.0999985    
   30.0000000       5.00000000       6.89480019      -83.4000015    
   30.0000000       10.0000000       3.83080006      -82.0999985    
   35.0000000      -50.0000000      0.623199999       94.4000015    
   35.0000000      -45.0000000      0.880699992       101.300003    
   35.0000000      -40.0000000      0.682900012      -172.800003    
   35.0000000      -35.0000000       2.36290002      -118.500000    
   35.0000000      -30.0000000       5.22489977      -107.500000    
   35.0000000      -25.0000000       7.81309986      -103.500000    
   35.0000000      -20.0000000       10.2090998      -101.500000    
   35.0000000      -15.0000000       11.6131001      -99.4000015    
   35.0000000      -10.0000000       11.6304998      -96.9000015    
   35.0000000      -5.00000000       11.1019001      -93.9000015    
   35.0000000       0.00000000       9.58930016      -92.0999985    
   35.0000000       5.00000000       7.30429983      -91.0000000    
   35.0000000       10.0000000       4.11159992      -89.0000000    
   40.0000000      -50.0000000      0.188400000       129.199997    
   40.0000000      -45.0000000      0.514100015      -169.600006    
   40.0000000      -40.0000000       1.63310003      -134.300003    
   40.0000000      -35.0000000       3.59159994      -119.800003    
   40.0000000      -30.0000000       6.21019983      -111.699997    
   40.0000000      -25.0000000       8.62600040      -107.400002    
   40.0000000      -20.0000000       10.9482002      -104.599998    
   40.0000000      -15.0000000       12.5646000      -103.300003    
   40.0000000      -10.0000000       12.9768000      -101.800003    
   40.0000000      -5.00000000       12.1975002      -100.500000    
   40.0000000       0.00000000       10.2250004      -98.9000015    
   40.0000000       5.00000000       7.53730011      -97.5000000    
   40.0000000       10.0000000       4.30639982      -95.8000031    
   45.0000000      -50.0000000      0.197899997      -121.099998    
   45.0000000      -45.0000000       1.04970002      -133.899994    
   45.0000000      -40.0000000       2.58330011      -125.599998    
   45.0000000      -35.0000000       4.81869984      -119.400002    
   45.0000000      -30.0000000       7.12139988      -114.800003    
   45.0000000      -25.0000000       9.48620033      -110.699997    
   45.0000000      -20.0000000       11.6099997      -107.900002    
   45.0000000      -15.0000000       12.9609003      -106.500000    
   45.0000000      -10.0000000       13.4639997      -105.099998    
   45.0000000      -5.00000000       12.7482004      -104.000000    
   45.0000000       0.00000000       10.8993998      -103.599998    
   45.0000000       5.00000000       7.94099998      -103.000000    
   45.0000000       10.0000000       4.34170008      -101.199997    
   50.0000000      -50.0000000      0.452600002      -114.000000    
   50.0000000      -45.0000000       1.65349996      -126.099998    
   50.0000000      -40.0000000       3.38109994      -124.300003    
   50.0000000      -35.0000000       5.52449989      -120.699997    
   50.0000000      -30.0000000       7.73820019      -117.400002    
   50.0000000      -25.0000000       9.80500031      -114.500000    
   50.0000000      -20.0000000       11.6855001      -111.900002    
   50.0000000      -15.0000000       12.9910002      -110.000000    
   50.0000000      -10.0000000       13.2774000      -108.699997    
   50.0000000      -5.00000000       12.3343000      -107.199997    
   50.0000000       0.00000000       10.6827002      -106.300003    
   50.0000000       5.00000000       8.05860043      -106.400002    
   50.0000000       10.0000000       4.20709991      -105.699997    
   55.0000000      -50.0000000      0.618499994      -84.9000015    
   55.0000000      -45.0000000       1.96259999      -113.400002    
   55.0000000      -40.0000000       3.77539992      -117.800003    
   55.0000000      -35.0000000       5.85220003      -119.199997    
   55.0000000      -30.0000000       8.04640007      -118.699997    
   55.0000000      -25.0000000       9.93879986      -116.599998    
   55.0000000      -20.0000000       11.4406996      -114.599998    
   55.0000000      -15.0000000       12.3676996      -113.300003    
   55.0000000      -10.0000000       12.8371000      -112.199997    
   55.0000000      -5.00000000       11.9095001      -110.699997    
   55.0000000       0.00000000       10.0929003      -109.400002    
   55.0000000       5.00000000       7.43069983      -108.699997    
   55.0000000       10.0000000       3.83570004      -109.099998    
   60.0000000      -50.0000000      0.853200018      -81.3000031    
   60.0000000      -45.0000000       2.07259989      -98.3000031    
   60.0000000      -40.0000000       3.90190005      -109.000000    
   60.0000000      -35.0000000       6.00659990      -114.000000    
   60.0000000      -30.0000000       7.98040009      -117.900002    
   60.0000000      -25.0000000       9.73620033      -118.300003    
   60.0000000      -20.0000000       10.9681997      -117.099998    
   60.0000000      -15.0000000       11.7026997      -116.000000    
   60.0000000      -10.0000000       11.7735996      -115.300003    
   60.0000000      -5.00000000       11.0653000      -114.199997    
   60.0000000       0.00000000       9.44419956      -113.000000    
   60.0000000       5.00000000       6.61250019      -112.300003    
   60.0000000       10.0000000       3.34260011      -111.599998    
   65.0000000      -50.0000000       1.19410002      -75.4000015    
   65.0000000      -45.0000000       2.17619991      -84.6999969    
   65.0000000      -40.0000000       3.64389992      -98.4000015    
   65.0000000      -35.0000000       5.66970015      -106.800003    
   65.0000000      -30.0000000       7.59969997      -113.699997    
   65.0000000      -25.0000000       9.20040035      -118.000000    
   65.0000000      -20.0000000       10.2672005      -119.099998    
   65.0000000      -15.0000000       10.7688999      -118.500000    
   65.0000000      -10.0000000       10.6468000      -118.000000    
   65.0000000      -5.00000000       9.58189964      -117.900002    
   65.0000000       0.00000000       8.04720020      -117.199997    
   65.0000000       5.00000000       5.64589977      -117.400002    
   65.0000000       10.0000000       2.99280000      -117.199997    
   70.0000000      -50.0000000       1.21410000      -62.9000015    
   70.0000000      -45.0000000       2.22029996      -70.0000000    
   70.0000000      -40.0000000       3.29699993      -84.0999985    
   70.0000000      -35.0000000       4.92089987      -98.8000031    
   70.0000000      -30.0000000       6.86210012      -108.300003    
   70.0000000      -25.0000000       8.24600029      -114.099998    
   70.0000000      -20.0000000       9.24790001      -118.900002    
   70.0000000      -15.0000000       9.60509968      -121.199997    
   70.0000000      -10.0000000       9.23490047      -122.000000    
   70.0000000      -5.00000000       7.98169994      -122.599998    
   70.0000000       0.00000000       6.51510000      -121.900002    
   70.0000000       5.00000000       4.60949993      -122.000000    
   70.0000000       10.0000000       2.35019994      -124.400002    
   75.0000000      -50.0000000       1.18630004      -49.5999985    
   75.0000000      -45.0000000       2.02460003      -56.7000008    
   75.0000000      -40.0000000       2.99419999      -72.8000031    
   75.0000000      -35.0000000       4.07919979      -90.0000000    
   75.0000000      -30.0000000       5.62099981      -102.199997    
   75.0000000      -25.0000000       6.89650011      -109.500000    
   75.0000000      -20.0000000       7.81570005      -117.000000    
   75.0000000      -15.0000000       8.17710018      -122.199997    
   75.0000000      -10.0000000       7.86959982      -125.699997    
   75.0000000      -5.00000000       6.76510000      -127.300003    
   75.0000000       0.00000000       5.36149979      -128.199997    
   75.0000000       5.00000000       3.57690001      -129.500000    
   75.0000000       10.0000000       1.76479995      -132.800003    
   80.0000000      -50.0000000       1.27540004      -44.7000008    
   80.0000000      -45.0000000       2.15149999      -54.0999985    
   80.0000000      -40.0000000       2.90499997      -67.5000000    
   80.0000000      -35.0000000       3.70320010      -84.1999969    
   80.0000000      -30.0000000       4.48780012      -96.6999969    
   80.0000000      -25.0000000       5.40380001      -106.099998    
   80.0000000      -20.0000000       6.22520018      -114.300003    
   80.0000000      -15.0000000       6.50939989      -121.199997    
   80.0000000      -10.0000000       6.41459990      -127.199997    
   80.0000000      -5.00000000       5.51840019      -131.500000    
   80.0000000       0.00000000       4.32369995      -133.500000    
   80.0000000       5.00000000       2.79760003      -136.300003    
   80.0000000       10.0000000       1.34130001      -142.300003    
   85.0000000      -50.0000000       1.20459998      -39.7000008    
   85.0000000      -45.0000000       2.13170004      -52.5000000    
   85.0000000      -40.0000000       2.93350005      -68.3000031    
   85.0000000      -35.0000000       3.45849991      -79.6999969    
   85.0000000      -30.0000000       3.86400008      -91.0000000    
   85.0000000      -25.0000000       4.07730007      -101.699997    
   85.0000000      -20.0000000       4.44350004      -111.699997    
   85.0000000      -15.0000000       4.71509981      -120.699997    
   85.0000000      -10.0000000       4.76970005      -127.300003    
   85.0000000      -5.00000000       4.11929989      -133.600006    
   85.0000000       0.00000000       3.33119988      -138.000000    
   85.0000000       5.00000000       2.23309994      -143.800003    
   85.0000000       10.0000000      0.959100008      -157.100006    
   90.0000000      -50.0000000       1.26349998      -45.4000015    
   90.0000000      -45.0000000       2.25909996      -54.7000008    
   90.0000000      -40.0000000       3.16499996      -68.5999985    
   90.0000000      -35.0000000       3.60949993      -76.3000031    
   90.0000000      -30.0000000       3.58189988      -84.5000000    
   90.0000000      -25.0000000       3.44650006      -95.9000015    
   90.0000000      -20.0000000       3.30049992      -106.800003    
   90.0000000      -15.0000000       3.09260011      -118.300003    
   90.0000000      -10.0000000       2.92359996      -129.100006    
   90.0000000      -5.00000000       2.59159994      -139.100006    
   90.0000000       0.00000000       2.23140001      -144.500000    
   90.0000000       5.00000000       1.62689996      -152.000000    
   90.0000000       10.0000000      0.859600008      -162.899994    
   95.0000000      -50.0000000       1.35119998      -51.7000008    
   95.0000000      -45.0000000       2.41359997      -57.7000008    
   95.0000000      -40.0000000       3.11770010      -65.5000000    
   95.0000000      -35.0000000       3.58319998      -72.0999985    
   95.0000000      -30.0000000       3.53570008      -80.0000000    
   95.0000000      -25.0000000       3.02749991      -89.3000031    
   95.0000000      -20.0000000       2.43919992      -101.500000    
   95.0000000      -15.0000000       1.93460000      -115.099998    
   95.0000000      -10.0000000       1.48239994      -134.699997    
   95.0000000      -5.00000000       1.31490004      -154.500000    
   95.0000000       0.00000000       1.17690003      -166.899994    
   95.0000000       5.00000000       1.00979996      -173.500000    
   95.0000000       10.0000000      0.582499981      -175.899994    
   100.000000      -50.0000000       1.34490001      -50.7999992    
   100.000000      -45.0000000       2.31270003      -55.2999992    
   100.000000      -40.0000000       2.86129999      -61.7999992    
   100.000000      -35.0000000       3.13820004      -67.8000031    
   100.000000      -30.0000000       3.24860001      -76.0000000    
   100.000000      -25.0000000       2.88930011      -85.3000031    
   100.000000      -20.0000000       2.05049992      -96.4000015    
   100.000000      -15.0000000       1.24440002      -111.000000    
   100.000000      -10.0000000      0.659300029      -151.699997    
   100.000000      -5.00000000      0.603399992       168.199997    
   100.000000       0.00000000      0.707599998       159.300003    
   100.000000       5.00000000      0.745999992       150.600006    
   100.000000       10.0000000      0.413199991       146.800003    
   105.000000      -50.0000000       1.06990004      -32.4000015    
   105.000000      -45.0000000       1.81340003      -41.4000015    
   105.000000      -40.0000000       2.31850004      -51.5000000    
   105.000000      -35.0000000       2.58439994      -59.7999992    
   105.000000      -30.0000000       2.58060002      -67.1999969    
   105.000000      -25.0000000       2.53469992      -78.0000000    
   105.000000      -20.0000000       1.94360006      -88.6999969    
   105.000000      -15.0000000       1.29999995      -101.699997    
   105.000000      -10.0000000      0.558799982      -137.199997    
   105.000000      -5.00000000      0.497500002       145.199997    
   105.000000       0.00000000      0.684099972       131.199997    
   105.000000       5.00000000      0.694400012       132.899994    
   105.000000       10.0000000      0.430700004       121.599998    
   110.000000      -50.0000000       1.04310000      -18.2000008    
   110.000000      -45.0000000       1.71850002      -24.8999996    
   110.000000      -40.0000000       2.04080009      -38.0999985    
   110.000000      -35.0000000       2.26539993      -50.0000000    
   110.000000      -30.0000000       2.26250005      -62.0000000    
   110.000000      -25.0000000       2.23449993      -71.4000015    
   110.000000      -20.0000000       1.94309998      -79.4000015    
   110.000000      -15.0000000       1.56519997      -92.3000031    
   110.000000      -10.0000000      0.952600002      -111.300003    
   110.000000      -5.00000000      0.519400001      -177.500000    
   110.000000       0.00000000      0.732800007       133.899994    
   110.000000       5.00000000      0.726300001       120.000000    
   110.000000       10.0000000      0.430500001       124.500000    
   115.000000      -50.0000000       1.04920006      -16.2000008    
   115.000000      -45.0000000       1.68159997      -19.3999996    
   115.000000      -40.0000000       1.97669995      -27.5000000    
   115.000000      -35.0000000       2.08640003      -41.5999985    
   115.000000      -30.0000000       2.05310011      -56.4000015    
   115.000000      -25.0000000       2.00749993      -70.0000000    
   115.000000      -20.0000000       2.07870007      -78.0000000    
   115.000000      -15.0000000       1.76530004      -86.8000031    
   115.000000      -10.0000000       1.17420006      -99.6999969    
   115.000000      -5.00000000      0.709699988      -139.500000    
   115.000000       0.00000000      0.684000015       170.000000    
   115.000000       5.00000000      0.671999991       138.899994    
   115.000000       10.0000000      0.478700012       123.099998    
   120.000000      -50.0000000       1.04670000      -16.3999996    
   120.000000      -45.0000000       1.66369998      -18.7000008    
   120.000000      -40.0000000       1.96280003      -24.2999992    
   120.000000      -35.0000000       1.86650002      -35.0999985    
   120.000000      -30.0000000       1.72979999      -50.4000015    
   120.000000      -25.0000000       1.62989998      -69.9000015    
   120.000000      -20.0000000       1.73300004      -79.8000031    
   120.000000      -15.0000000       1.64339995      -85.4000015    
   120.000000      -10.0000000       1.17639995      -95.9000015    
   120.000000      -5.00000000      0.681500018      -130.899994    
   120.000000       0.00000000      0.664399981       177.000000    
   120.000000       5.00000000      0.594399989       162.800003    
   120.000000       10.0000000      0.357300013       153.199997    
   125.000000      -50.0000000      0.861999989      -19.7000008    
   125.000000      -45.0000000       1.34459996      -13.3999996    
   125.000000      -40.0000000       1.61020005      -18.7000008    
   125.000000      -35.0000000       1.44229996      -30.8999996    
   125.000000      -30.0000000       1.16670001      -47.0999985    
   125.000000      -25.0000000       1.07140005      -71.0000000    
   125.000000      -20.0000000       1.10440004      -85.3000031    
   125.000000      -15.0000000       1.10650003      -89.9000015    
   125.000000      -10.0000000      0.941100001      -94.5999985    
   125.000000      -5.00000000      0.665199995      -121.000000    
   125.000000       0.00000000      0.554199994      -168.800003    
   125.000000       5.00000000      0.484499991       166.300003    
   125.000000       10.0000000      0.319700003       145.399994    
   130.000000      -50.0000000      0.516799986      -23.2999992    
   130.000000      -45.0000000      0.820200026      -9.30000019    
   130.000000      -40.0000000      0.914200008      -11.1000004    
   130.000000      -35.0000000      0.734499991      -22.2000008    
   130.000000      -30.0000000      0.517799973      -52.7000008    
   130.000000      -25.0000000      0.468800008      -81.1999969    
   130.000000      -20.0000000      0.470499992      -93.8000031    
   130.000000      -15.0000000      0.579599977      -95.8000031    
   130.000000      -10.0000000      0.536899984      -95.0000000    
   130.000000      -5.00000000      0.438699991      -106.800003    
   130.000000       0.00000000      0.406300008      -150.600006    
   130.000000       5.00000000      0.353100002      -179.800003    
   130.000000       10.0000000      0.150099993       160.100006    
