   0.000     0.0000E+00
   0.100     0.1643E+00
   0.200     0.3286E+00
   0.300     0.4929E+00
   0.400     0.6572E+00
   0.500     0.8215E+00
   0.600     0.9858E+00
   0.700     0.1150E+01
   0.800     0.1314E+01
   0.900     0.1537E+01
   1.000     0.1761E+01
   1.100     0.1985E+01
   1.200     0.2210E+01
   1.300     0.2436E+01
   1.400     0.2661E+01
   1.500     0.2887E+01
   1.600     0.3112E+01
   1.700     0.3179E+01
   1.800     0.3247E+01
   1.900     0.3315E+01
   2.000     0.3383E+01
   2.100     0.3452E+01
   2.200     0.3521E+01
   2.300     0.3591E+01
   2.400     0.3661E+01
   2.500     0.3933E+01
   2.600     0.4206E+01
   2.700     0.4479E+01
   2.800     0.4751E+01
   2.900     0.5024E+01
   3.000     0.5296E+01
   3.100     0.5569E+01
   3.200     0.5841E+01
   3.300     0.6380E+01
   3.400     0.6925E+01
   3.500     0.7473E+01
   3.600     0.8024E+01
   3.700     0.8578E+01
   3.800     0.9134E+01
   3.900     0.9692E+01
   4.000     0.1025E+02
   4.100     0.1093E+02
   4.200     0.1161E+02
   4.300     0.1228E+02
   4.400     0.1296E+02
   4.500     0.1364E+02
   4.600     0.1431E+02
   4.700     0.1499E+02
   4.800     0.1567E+02
   4.900     0.1605E+02
   5.000     0.1642E+02
   5.100     0.1680E+02
   5.200     0.1718E+02
   5.300     0.1756E+02
   5.400     0.1795E+02
   5.500     0.1833E+02
   5.600     0.1871E+02
   5.700     0.1913E+02
   5.800     0.1955E+02
   5.900     0.1998E+02
   6.000     0.2040E+02
   6.100     0.2082E+02
   6.200     0.2125E+02
   6.300     0.2167E+02
   6.400     0.2210E+02
   6.500     0.2233E+02
   6.600     0.2256E+02
   6.700     0.2279E+02
   6.800     0.2302E+02
   6.900     0.2325E+02
   7.000     0.2349E+02
   7.100     0.2372E+02
   7.200     0.2396E+02
   7.300     0.2380E+02
   7.400     0.2363E+02
   7.500     0.2347E+02
   7.600     0.2331E+02
   7.700     0.2315E+02
   7.800     0.2299E+02
   7.900     0.2284E+02
   8.000     0.2269E+02
   8.100     0.2240E+02
   8.200     0.2211E+02
   8.300     0.2181E+02
   8.400     0.2152E+02
   8.500     0.2123E+02
   8.600     0.2094E+02
   8.700     0.2064E+02
   8.800     0.2035E+02
   8.900     0.2018E+02
   9.000     0.2001E+02
   9.100     0.1985E+02
   9.200     0.1969E+02
   9.300     0.1952E+02
   9.400     0.1937E+02
   9.500     0.1921E+02
   9.600     0.1905E+02
   9.700     0.1902E+02
   9.800     0.1900E+02
   9.900     0.1898E+02
  10.000     0.1898E+02
  10.100     0.1899E+02
  10.200     0.1900E+02
  10.300     0.1902E+02
  10.400     0.1906E+02
  10.500     0.1941E+02
  10.600     0.1978E+02
  10.700     0.2015E+02
  10.800     0.2054E+02
  10.900     0.2093E+02
  11.000     0.2133E+02
  11.100     0.2174E+02
  11.200     0.2216E+02
  11.300     0.2301E+02
  11.400     0.2387E+02
  11.500     0.2474E+02
  11.600     0.2560E+02
  11.700     0.2647E+02
  11.800     0.2734E+02
  11.900     0.2822E+02
  12.000     0.2909E+02
  12.100     0.2986E+02
  12.200     0.3063E+02
  12.300     0.3140E+02
  12.400     0.3217E+02
  12.500     0.3294E+02
  12.600     0.3371E+02
  12.700     0.3448E+02
  12.800     0.3525E+02
  12.900     0.3607E+02
  13.000     0.3689E+02
  13.100     0.3771E+02
  13.200     0.3853E+02
  13.300     0.3935E+02
  13.400     0.4017E+02
  13.500     0.4100E+02
  13.600     0.4182E+02
  13.700     0.4241E+02
  13.800     0.4300E+02
  13.900     0.4359E+02
  14.000     0.4418E+02
  14.100     0.4478E+02
  14.200     0.4538E+02
  14.300     0.4598E+02
  14.400     0.4658E+02
  14.500     0.4681E+02
  14.600     0.4704E+02
  14.700     0.4728E+02
  14.800     0.4751E+02
  14.900     0.4776E+02
  15.000     0.4800E+02
  15.100     0.4825E+02
  15.200     0.4850E+02
  15.300     0.4873E+02
  15.400     0.4895E+02
  15.500     0.4918E+02
  15.600     0.4941E+02
  15.700     0.4965E+02
  15.800     0.4989E+02
  15.900     0.5013E+02
  16.000     0.5038E+02
  16.100     0.5039E+02
  16.200     0.5041E+02
  16.300     0.5043E+02
  16.400     0.5046E+02
  16.500     0.5049E+02
  16.600     0.5053E+02
  16.700     0.5057E+02
  16.800     0.5061E+02
  16.900     0.5098E+02
  17.000     0.5134E+02
  17.100     0.5171E+02
  17.200     0.5208E+02
  17.300     0.5245E+02
  17.400     0.5282E+02
  17.500     0.5319E+02
  17.600     0.5356E+02
  17.700     0.5400E+02
  17.800     0.5444E+02
  17.900     0.5489E+02
  18.000     0.5533E+02
  18.100     0.5577E+02
  18.200     0.5621E+02
  18.300     0.5665E+02
  18.400     0.5709E+02
  18.500     0.5795E+02
  18.600     0.5881E+02
  18.700     0.5966E+02
  18.800     0.6052E+02
  18.900     0.6138E+02
  19.000     0.6224E+02
  19.100     0.6310E+02
  19.200     0.6396E+02
  19.300     0.6461E+02
  19.400     0.6525E+02
  19.500     0.6591E+02
  19.600     0.6656E+02
  19.700     0.6721E+02
  19.800     0.6786E+02
  19.900     0.6851E+02
  20.000     0.6917E+02
  20.100     0.6947E+02
  20.200     0.6977E+02
  20.300     0.7007E+02
  20.400     0.7037E+02
  20.500     0.7067E+02
  20.600     0.7097E+02
  20.700     0.7128E+02
  20.800     0.7158E+02
  20.900     0.7162E+02
  21.000     0.7167E+02
  21.100     0.7172E+02
  21.200     0.7177E+02
  21.300     0.7182E+02
  21.400     0.7187E+02
  21.500     0.7192E+02
  21.600     0.7196E+02
  21.700     0.7200E+02
  21.800     0.7203E+02
  21.900     0.7207E+02
  22.000     0.7210E+02
  22.100     0.7214E+02
  22.200     0.7217E+02
  22.300     0.7221E+02
  22.400     0.7224E+02
  22.500     0.7242E+02
  22.600     0.7260E+02
  22.700     0.7279E+02
  22.800     0.7297E+02
  22.900     0.7315E+02
  23.000     0.7334E+02
  23.100     0.7353E+02
  23.200     0.7372E+02
  23.300     0.7398E+02
  23.400     0.7424E+02
  23.500     0.7450E+02
  23.600     0.7477E+02
  23.700     0.7504E+02
  23.800     0.7531E+02
  23.900     0.7559E+02
  24.000     0.7587E+02
  24.100     0.7584E+02
  24.200     0.7581E+02
  24.300     0.7579E+02
  24.400     0.7577E+02
  24.500     0.7575E+02
  24.600     0.7573E+02
  24.700     0.7572E+02
  24.800     0.7571E+02
  24.900     0.7559E+02
  25.000     0.7548E+02
  25.100     0.7537E+02
  25.200     0.7527E+02
  25.300     0.7516E+02
  25.400     0.7506E+02
  25.500     0.7497E+02
  25.600     0.7487E+02
  25.700     0.7469E+02
  25.800     0.7450E+02
  25.900     0.7433E+02
  26.000     0.7415E+02
  26.100     0.7398E+02
  26.200     0.7382E+02
  26.300     0.7365E+02
  26.400     0.7350E+02
  26.500     0.7297E+02
  26.600     0.7245E+02
  26.700     0.7193E+02
  26.800     0.7142E+02
  26.900     0.7091E+02
  27.000     0.7041E+02
  27.100     0.6991E+02
  27.200     0.6942E+02
  27.300     0.6862E+02
  27.400     0.6782E+02
  27.500     0.6703E+02
  27.600     0.6624E+02
  27.700     0.6547E+02
  27.800     0.6471E+02
  27.900     0.6395E+02
  28.000     0.6321E+02
  28.100     0.6250E+02
  28.200     0.6180E+02
  28.300     0.6112E+02
  28.400     0.6046E+02
  28.500     0.5981E+02
  28.600     0.5917E+02
  28.700     0.5856E+02
  28.800     0.5795E+02
  28.900     0.5773E+02
  29.000     0.5753E+02
  29.100     0.5734E+02
  29.200     0.5717E+02
  29.300     0.5702E+02
  29.400     0.5689E+02
  29.500     0.5678E+02
  29.600     0.5669E+02
  29.700     0.5675E+02
  29.800     0.5682E+02
  29.900     0.5692E+02
  30.000     0.5703E+02
  30.100     0.5716E+02
  30.200     0.5731E+02
  30.300     0.5748E+02
  30.400     0.5766E+02
  30.500     0.5825E+02
  30.600     0.5884E+02
  30.700     0.5944E+02
  30.800     0.6005E+02
  30.900     0.6067E+02
  31.000     0.6130E+02
  31.100     0.6194E+02
  31.200     0.6259E+02
  31.300     0.6320E+02
  31.400     0.6382E+02
  31.500     0.6445E+02
  31.600     0.6508E+02
  31.700     0.6572E+02
  31.800     0.6636E+02
  31.900     0.6700E+02
  32.000     0.6765E+02
  32.100     0.6812E+02
  32.200     0.6859E+02
  32.300     0.6907E+02
  32.400     0.6955E+02
  32.500     0.7002E+02
  32.600     0.7050E+02
  32.700     0.7098E+02
  32.800     0.7147E+02
  32.900     0.7151E+02
  33.000     0.7156E+02
  33.100     0.7161E+02
  33.200     0.7166E+02
  33.300     0.7172E+02
  33.400     0.7178E+02
  33.500     0.7184E+02
  33.600     0.7190E+02
  33.700     0.7182E+02
  33.800     0.7174E+02
  33.900     0.7167E+02
  34.000     0.7159E+02
  34.100     0.7152E+02
  34.200     0.7145E+02
  34.300     0.7139E+02
  34.400     0.7132E+02
  34.500     0.7095E+02
  34.600     0.7058E+02
  34.700     0.7022E+02
  34.800     0.6986E+02
  34.900     0.6951E+02
  35.000     0.6917E+02
  35.100     0.6882E+02
  35.200     0.6849E+02
  35.300     0.6774E+02
  35.400     0.6699E+02
  35.500     0.6627E+02
  35.600     0.6556E+02
  35.700     0.6486E+02
  35.800     0.6418E+02
  35.900     0.6351E+02
  36.000     0.6286E+02
  36.100     0.6197E+02
  36.200     0.6110E+02
  36.300     0.6025E+02
  36.400     0.5942E+02
  36.500     0.5862E+02
  36.600     0.5784E+02
  36.700     0.5709E+02
  36.800     0.5637E+02
  36.900     0.5554E+02
  37.000     0.5473E+02
  37.100     0.5397E+02
  37.200     0.5324E+02
  37.300     0.5255E+02
  37.400     0.5190E+02
  37.500     0.5129E+02
  37.600     0.5073E+02
  37.700     0.5024E+02
  37.800     0.4979E+02
  37.900     0.4938E+02
  38.000     0.4900E+02
  38.100     0.4867E+02
  38.200     0.4837E+02
  38.300     0.4811E+02
  38.400     0.4789E+02
  38.500     0.4758E+02
  38.600     0.4731E+02
  38.700     0.4707E+02
  38.800     0.4688E+02
  38.900     0.4672E+02
  39.000     0.4660E+02
  39.100     0.4653E+02
  39.200     0.4649E+02
  39.300     0.4632E+02
  39.400     0.4619E+02
  39.500     0.4608E+02
  39.600     0.4600E+02
  39.700     0.4594E+02
  39.800     0.4591E+02
  39.900     0.4591E+02
  40.000     0.4594E+02
  40.100     0.4580E+02
  40.200     0.4567E+02
  40.300     0.4555E+02
  40.400     0.4545E+02
  40.500     0.4536E+02
  40.600     0.4528E+02
  40.700     0.4522E+02
  40.800     0.4517E+02
  40.900     0.4496E+02
  41.000     0.4476E+02
  41.100     0.4457E+02
  41.200     0.4439E+02
  41.300     0.4422E+02
  41.400     0.4405E+02
  41.500     0.4390E+02
  41.600     0.4376E+02
  41.700     0.4345E+02
  41.800     0.4316E+02
  41.900     0.4286E+02
  42.000     0.4257E+02
  42.100     0.4229E+02
  42.200     0.4201E+02
  42.300     0.4173E+02
  42.400     0.4146E+02
  42.500     0.4110E+02
  42.600     0.4073E+02
  42.700     0.4038E+02
  42.800     0.4002E+02
  42.900     0.3966E+02
  43.000     0.3931E+02
  43.100     0.3896E+02
  43.200     0.3861E+02
  43.300     0.3816E+02
  43.400     0.3771E+02
  43.500     0.3726E+02
  43.600     0.3681E+02
  43.700     0.3637E+02
  43.800     0.3592E+02
  43.900     0.3547E+02
  44.000     0.3502E+02
  44.100     0.3448E+02
  44.200     0.3394E+02
  44.300     0.3340E+02
  44.400     0.3285E+02
  44.500     0.3231E+02
  44.600     0.3177E+02
  44.700     0.3123E+02
  44.800     0.3069E+02
  44.900     0.3018E+02
  45.000     0.2967E+02
  45.100     0.2917E+02
  45.200     0.2866E+02
  45.300     0.2815E+02
  45.400     0.2765E+02
  45.500     0.2714E+02
  45.600     0.2664E+02
  45.700     0.2616E+02
  45.800     0.2568E+02
  45.900     0.2520E+02
  46.000     0.2472E+02
  46.100     0.2424E+02
  46.200     0.2376E+02
  46.300     0.2328E+02
  46.400     0.2281E+02
  46.500     0.2234E+02
  46.600     0.2188E+02
  46.700     0.2143E+02
  46.800     0.2097E+02
  46.900     0.2051E+02
  47.000     0.2005E+02
  47.100     0.1960E+02
  47.200     0.1914E+02
  47.300     0.1870E+02
  47.400     0.1826E+02
  47.500     0.1782E+02
  47.600     0.1738E+02
  47.700     0.1695E+02
  47.800     0.1651E+02
  47.900     0.1608E+02
  48.000     0.1565E+02
  48.100     0.1523E+02
  48.200     0.1482E+02
  48.300     0.1440E+02
  48.400     0.1399E+02
  48.500     0.1357E+02
  48.600     0.1316E+02
  48.700     0.1274E+02
  48.800     0.1233E+02
  48.900     0.1188E+02
  49.000     0.1142E+02
  49.100     0.1097E+02
  49.200     0.1052E+02
  49.300     0.1007E+02
  49.400     0.9613E+01
  49.500     0.9161E+01
  49.600     0.8709E+01
  49.700     0.8197E+01
  49.800     0.7685E+01
  49.900     0.7172E+01
  50.000     0.6660E+01
  50.100     0.6148E+01
  50.200     0.5636E+01
  50.300     0.5124E+01
  50.400     0.4613E+01
  50.500     0.4036E+01
  50.600     0.3459E+01
  50.700     0.2883E+01
  50.800     0.2306E+01
  50.900     0.1730E+01
  51.000     0.1153E+01
  51.100     0.5765E+00
  51.200     0.1466E-05
  51.300     0.0000E+00
  51.400     0.0000E+00
  51.500     0.0000E+00
  51.600     0.0000E+00
  51.700     0.0000E+00
  51.800     0.0000E+00
  51.900     0.0000E+00
  52.000     0.0000E+00
  52.100     0.0000E+00
  52.200     0.0000E+00
  52.300     0.0000E+00
  52.400     0.0000E+00
  52.500     0.0000E+00
  52.600     0.0000E+00
  52.700     0.0000E+00
  52.800     0.0000E+00
  52.900     0.0000E+00
  53.000     0.0000E+00
  53.100     0.0000E+00
  53.200     0.0000E+00
  53.300     0.0000E+00
  53.400     0.0000E+00
  53.500     0.0000E+00
  53.600     0.0000E+00
  53.700     0.0000E+00
  53.800     0.0000E+00
  53.900     0.0000E+00
  54.000     0.0000E+00
  54.100     0.0000E+00
  54.200     0.0000E+00
  54.300     0.0000E+00
  54.400     0.0000E+00
  54.500     0.0000E+00
  54.600     0.0000E+00
  54.700     0.0000E+00
  54.800     0.0000E+00
  54.900     0.0000E+00
  55.000     0.0000E+00
  55.100     0.0000E+00
  55.200     0.0000E+00
  55.300     0.0000E+00
  55.400     0.0000E+00
  55.500     0.0000E+00
  55.600     0.0000E+00
  55.700     0.0000E+00
  55.800     0.0000E+00
  55.900     0.0000E+00
  56.000     0.0000E+00
  56.100     0.0000E+00
  56.200     0.0000E+00
  56.300     0.0000E+00
  56.400     0.0000E+00
  56.500     0.0000E+00
  56.600     0.0000E+00
  56.700     0.0000E+00
  56.800     0.0000E+00
  56.900     0.0000E+00
  57.000     0.0000E+00
  57.100     0.0000E+00
  57.200     0.0000E+00
  57.300     0.0000E+00
  57.400     0.0000E+00
  57.500     0.0000E+00
  57.600     0.0000E+00
  57.700     0.0000E+00
  57.800     0.0000E+00
  57.900     0.0000E+00
  58.000     0.0000E+00
  58.100     0.0000E+00
  58.200     0.0000E+00
  58.300     0.0000E+00
  58.400     0.0000E+00
  58.500     0.0000E+00
  58.600     0.0000E+00
  58.700     0.0000E+00
  58.800     0.0000E+00
  58.900     0.0000E+00
  59.000     0.0000E+00
  59.100     0.0000E+00
  59.200     0.0000E+00
  59.300     0.0000E+00
  59.400     0.0000E+00
  59.500     0.0000E+00
  59.600     0.0000E+00
  59.700     0.0000E+00
  59.800     0.0000E+00
  59.900     0.0000E+00
  60.000     0.0000E+00
  60.100     0.0000E+00
  60.200     0.0000E+00
  60.300     0.0000E+00
  60.400     0.0000E+00
  60.500     0.0000E+00
  60.600     0.0000E+00
  60.700     0.0000E+00
  60.800     0.0000E+00
  60.900     0.0000E+00
  61.000     0.0000E+00
  61.100     0.0000E+00
  61.200     0.0000E+00
  61.300     0.0000E+00
  61.400     0.0000E+00
  61.500     0.0000E+00
  61.600     0.0000E+00
  61.700     0.0000E+00
  61.800     0.0000E+00
  61.900     0.0000E+00
  62.000     0.0000E+00
  62.100     0.0000E+00
  62.200     0.0000E+00
  62.300     0.0000E+00
  62.400     0.0000E+00
  62.500     0.0000E+00
  62.600     0.0000E+00
  62.700     0.0000E+00
  62.800     0.0000E+00
  62.900     0.0000E+00
  63.000     0.0000E+00
  63.100     0.0000E+00
  63.200     0.0000E+00
  63.300     0.0000E+00
  63.400     0.0000E+00
  63.500     0.0000E+00
  63.600     0.0000E+00
  63.700     0.0000E+00
  63.800     0.0000E+00
  63.900     0.0000E+00
  64.000     0.0000E+00
  64.100     0.0000E+00
  64.200     0.0000E+00
  64.300     0.0000E+00
  64.400     0.0000E+00
  64.500     0.0000E+00
  64.600     0.0000E+00
  64.700     0.0000E+00
  64.800     0.0000E+00
  64.900     0.0000E+00
  65.000     0.0000E+00
  65.100     0.0000E+00
  65.200     0.0000E+00
  65.300     0.0000E+00
  65.400     0.0000E+00
  65.500     0.0000E+00
  65.600     0.0000E+00
  65.700     0.0000E+00
  65.800     0.0000E+00
  65.900     0.0000E+00
  66.000     0.0000E+00
  66.100     0.0000E+00
  66.200     0.0000E+00
  66.300     0.0000E+00
  66.400     0.0000E+00
  66.500     0.0000E+00
  66.600     0.0000E+00
  66.700     0.0000E+00
  66.800     0.0000E+00
  66.900     0.0000E+00
  67.000     0.0000E+00
  67.100     0.0000E+00
  67.200     0.0000E+00
  67.300     0.0000E+00
  67.400     0.0000E+00
  67.500     0.0000E+00
  67.600     0.0000E+00
  67.700     0.0000E+00
  67.800     0.0000E+00
  67.900     0.0000E+00
  68.000     0.0000E+00
  68.100     0.0000E+00
  68.200     0.0000E+00
  68.300     0.0000E+00
  68.400     0.0000E+00
  68.500     0.0000E+00
  68.600     0.0000E+00
  68.700     0.0000E+00
  68.800     0.0000E+00
  68.900     0.0000E+00
  69.000     0.0000E+00
  69.100     0.0000E+00
  69.200     0.0000E+00
  69.300     0.0000E+00
  69.400     0.0000E+00
  69.500     0.0000E+00
  69.600     0.0000E+00
  69.700     0.0000E+00
  69.800     0.0000E+00
  69.900     0.0000E+00
  70.000     0.0000E+00
  70.100     0.0000E+00
  70.200     0.0000E+00
  70.300     0.0000E+00
  70.400     0.0000E+00
  70.500     0.0000E+00
  70.600     0.0000E+00
  70.700     0.0000E+00
  70.800     0.0000E+00
  70.900     0.0000E+00
  71.000     0.0000E+00
  71.100     0.0000E+00
  71.200     0.0000E+00
  71.300     0.0000E+00
  71.400     0.0000E+00
  71.500     0.0000E+00
  71.600     0.0000E+00
  71.700     0.0000E+00
  71.800     0.0000E+00
  71.900     0.0000E+00
  72.000     0.0000E+00
  72.100     0.0000E+00
  72.200     0.0000E+00
  72.300     0.0000E+00
  72.400     0.0000E+00
  72.500     0.0000E+00
  72.600     0.0000E+00
  72.700     0.0000E+00
  72.800     0.0000E+00
  72.900     0.0000E+00
  73.000     0.0000E+00
  73.100     0.0000E+00
  73.200     0.0000E+00
  73.300     0.0000E+00
  73.400     0.0000E+00
  73.500     0.0000E+00
  73.600     0.0000E+00
  73.700     0.0000E+00
  73.800     0.0000E+00
  73.900     0.0000E+00
  74.000     0.0000E+00
  74.100     0.0000E+00
  74.200     0.0000E+00
  74.300     0.0000E+00
  74.400     0.0000E+00
  74.500     0.0000E+00
  74.600     0.0000E+00
  74.700     0.0000E+00
  74.800     0.0000E+00
  74.900     0.0000E+00
  75.000     0.0000E+00
  75.100     0.0000E+00
  75.200     0.0000E+00
  75.300     0.0000E+00
