   0.000     0.0000E+00
   0.100     0.1208E+00
   0.200     0.2417E+00
   0.300     0.3625E+00
   0.400     0.4833E+00
   0.500     0.6041E+00
   0.600     0.7250E+00
   0.700     0.8458E+00
   0.800     0.9666E+00
   0.900     0.1180E+01
   1.000     0.1393E+01
   1.100     0.1606E+01
   1.200     0.1819E+01
   1.300     0.2032E+01
   1.400     0.2246E+01
   1.500     0.2459E+01
   1.600     0.2672E+01
   1.700     0.2875E+01
   1.800     0.3079E+01
   1.900     0.3282E+01
   2.000     0.3486E+01
   2.100     0.3691E+01
   2.200     0.3895E+01
   2.300     0.4100E+01
   2.400     0.4305E+01
   2.500     0.4299E+01
   2.600     0.4293E+01
   2.700     0.4288E+01
   2.800     0.4283E+01
   2.900     0.4278E+01
   3.000     0.4274E+01
   3.100     0.4269E+01
   3.200     0.4265E+01
   3.300     0.4237E+01
   3.400     0.4210E+01
   3.500     0.4182E+01
   3.600     0.4155E+01
   3.700     0.4128E+01
   3.800     0.4102E+01
   3.900     0.4075E+01
   4.000     0.4049E+01
   4.100     0.3920E+01
   4.200     0.3793E+01
   4.300     0.3669E+01
   4.400     0.3548E+01
   4.500     0.3431E+01
   4.600     0.3318E+01
   4.700     0.3209E+01
   4.800     0.3105E+01
   4.900     0.2988E+01
   5.000     0.2906E+01
   5.100     0.2863E+01
   5.200     0.2862E+01
   5.300     0.2901E+01
   5.400     0.2979E+01
   5.500     0.3094E+01
   5.600     0.3241E+01
   5.700     0.3520E+01
   5.800     0.3841E+01
   5.900     0.4195E+01
   6.000     0.4575E+01
   6.100     0.4973E+01
   6.200     0.5387E+01
   6.300     0.5813E+01
   6.400     0.6249E+01
   6.500     0.6690E+01
   6.600     0.7131E+01
   6.700     0.7572E+01
   6.800     0.8014E+01
   6.900     0.8455E+01
   7.000     0.8897E+01
   7.100     0.9338E+01
   7.200     0.9780E+01
   7.300     0.1030E+02
   7.400     0.1081E+02
   7.500     0.1133E+02
   7.600     0.1185E+02
   7.700     0.1237E+02
   7.800     0.1289E+02
   7.900     0.1341E+02
   8.000     0.1393E+02
   8.100     0.1443E+02
   8.200     0.1493E+02
   8.300     0.1543E+02
   8.400     0.1593E+02
   8.500     0.1643E+02
   8.600     0.1693E+02
   8.700     0.1743E+02
   8.800     0.1793E+02
   8.900     0.1801E+02
   9.000     0.1809E+02
   9.100     0.1817E+02
   9.200     0.1825E+02
   9.300     0.1834E+02
   9.400     0.1842E+02
   9.500     0.1850E+02
   9.600     0.1859E+02
   9.700     0.1839E+02
   9.800     0.1819E+02
   9.900     0.1799E+02
  10.000     0.1779E+02
  10.100     0.1759E+02
  10.200     0.1739E+02
  10.300     0.1719E+02
  10.400     0.1699E+02
  10.500     0.1662E+02
  10.600     0.1625E+02
  10.700     0.1589E+02
  10.800     0.1554E+02
  10.900     0.1520E+02
  11.000     0.1487E+02
  11.100     0.1455E+02
  11.200     0.1424E+02
  11.300     0.1397E+02
  11.400     0.1375E+02
  11.500     0.1357E+02
  11.600     0.1344E+02
  11.700     0.1337E+02
  11.800     0.1334E+02
  11.900     0.1336E+02
  12.000     0.1343E+02
  12.100     0.1358E+02
  12.200     0.1376E+02
  12.300     0.1399E+02
  12.400     0.1425E+02
  12.500     0.1454E+02
  12.600     0.1487E+02
  12.700     0.1523E+02
  12.800     0.1561E+02
  12.900     0.1586E+02
  13.000     0.1614E+02
  13.100     0.1645E+02
  13.200     0.1679E+02
  13.300     0.1714E+02
  13.400     0.1753E+02
  13.500     0.1793E+02
  13.600     0.1835E+02
  13.700     0.1939E+02
  13.800     0.2043E+02
  13.900     0.2146E+02
  14.000     0.2250E+02
  14.100     0.2354E+02
  14.200     0.2458E+02
  14.300     0.2563E+02
  14.400     0.2667E+02
  14.500     0.2758E+02
  14.600     0.2849E+02
  14.700     0.2940E+02
  14.800     0.3030E+02
  14.900     0.3121E+02
  15.000     0.3212E+02
  15.100     0.3303E+02
  15.200     0.3394E+02
  15.300     0.3496E+02
  15.400     0.3597E+02
  15.500     0.3699E+02
  15.600     0.3800E+02
  15.700     0.3902E+02
  15.800     0.4005E+02
  15.900     0.4107E+02
  16.000     0.4209E+02
  16.100     0.4286E+02
  16.200     0.4364E+02
  16.300     0.4441E+02
  16.400     0.4519E+02
  16.500     0.4596E+02
  16.600     0.4674E+02
  16.700     0.4751E+02
  16.800     0.4829E+02
  16.900     0.4898E+02
  17.000     0.4967E+02
  17.100     0.5035E+02
  17.200     0.5104E+02
  17.300     0.5173E+02
  17.400     0.5242E+02
  17.500     0.5311E+02
  17.600     0.5379E+02
  17.700     0.5395E+02
  17.800     0.5411E+02
  17.900     0.5427E+02
  18.000     0.5443E+02
  18.100     0.5460E+02
  18.200     0.5476E+02
  18.300     0.5493E+02
  18.400     0.5509E+02
  18.500     0.5503E+02
  18.600     0.5497E+02
  18.700     0.5492E+02
  18.800     0.5487E+02
  18.900     0.5482E+02
  19.000     0.5477E+02
  19.100     0.5472E+02
  19.200     0.5468E+02
  19.300     0.5464E+02
  19.400     0.5461E+02
  19.500     0.5458E+02
  19.600     0.5456E+02
  19.700     0.5455E+02
  19.800     0.5454E+02
  19.900     0.5453E+02
  20.000     0.5453E+02
  20.100     0.5449E+02
  20.200     0.5446E+02
  20.300     0.5443E+02
  20.400     0.5441E+02
  20.500     0.5439E+02
  20.600     0.5438E+02
  20.700     0.5437E+02
  20.800     0.5438E+02
  20.900     0.5456E+02
  21.000     0.5476E+02
  21.100     0.5495E+02
  21.200     0.5515E+02
  21.300     0.5536E+02
  21.400     0.5557E+02
  21.500     0.5578E+02
  21.600     0.5600E+02
  21.700     0.5649E+02
  21.800     0.5699E+02
  21.900     0.5748E+02
  22.000     0.5797E+02
  22.100     0.5847E+02
  22.200     0.5896E+02
  22.300     0.5946E+02
  22.400     0.5996E+02
  22.500     0.6071E+02
  22.600     0.6147E+02
  22.700     0.6223E+02
  22.800     0.6298E+02
  22.900     0.6374E+02
  23.000     0.6450E+02
  23.100     0.6526E+02
  23.200     0.6601E+02
  23.300     0.6709E+02
  23.400     0.6817E+02
  23.500     0.6925E+02
  23.600     0.7033E+02
  23.700     0.7141E+02
  23.800     0.7249E+02
  23.900     0.7358E+02
  24.000     0.7466E+02
  24.100     0.7573E+02
  24.200     0.7681E+02
  24.300     0.7789E+02
  24.400     0.7896E+02
  24.500     0.8004E+02
  24.600     0.8112E+02
  24.700     0.8220E+02
  24.800     0.8327E+02
  24.900     0.8400E+02
  25.000     0.8472E+02
  25.100     0.8544E+02
  25.200     0.8616E+02
  25.300     0.8689E+02
  25.400     0.8761E+02
  25.500     0.8833E+02
  25.600     0.8906E+02
  25.700     0.9003E+02
  25.800     0.9100E+02
  25.900     0.9197E+02
  26.000     0.9295E+02
  26.100     0.9393E+02
  26.200     0.9491E+02
  26.300     0.9590E+02
  26.400     0.9688E+02
  26.500     0.9720E+02
  26.600     0.9751E+02
  26.700     0.9783E+02
  26.800     0.9815E+02
  26.900     0.9847E+02
  27.000     0.9879E+02
  27.100     0.9911E+02
  27.200     0.9944E+02
  27.300     0.9971E+02
  27.400     0.9999E+02
  27.500     0.1003E+03
  27.600     0.1006E+03
  27.700     0.1009E+03
  27.800     0.1012E+03
  27.900     0.1015E+03
  28.000     0.1018E+03
  28.100     0.1016E+03
  28.200     0.1014E+03
  28.300     0.1012E+03
  28.400     0.1010E+03
  28.500     0.1009E+03
  28.600     0.1007E+03
  28.700     0.1005E+03
  28.800     0.1004E+03
  28.900     0.1001E+03
  29.000     0.9982E+02
  29.100     0.9955E+02
  29.200     0.9928E+02
  29.300     0.9902E+02
  29.400     0.9878E+02
  29.500     0.9854E+02
  29.600     0.9831E+02
  29.700     0.9763E+02
  29.800     0.9696E+02
  29.900     0.9630E+02
  30.000     0.9565E+02
  30.100     0.9500E+02
  30.200     0.9436E+02
  30.300     0.9373E+02
  30.400     0.9311E+02
  30.500     0.9260E+02
  30.600     0.9210E+02
  30.700     0.9161E+02
  30.800     0.9112E+02
  30.900     0.9064E+02
  31.000     0.9017E+02
  31.100     0.8971E+02
  31.200     0.8925E+02
  31.300     0.8874E+02
  31.400     0.8824E+02
  31.500     0.8775E+02
  31.600     0.8726E+02
  31.700     0.8677E+02
  31.800     0.8629E+02
  31.900     0.8581E+02
  32.000     0.8533E+02
  32.100     0.8474E+02
  32.200     0.8415E+02
  32.300     0.8356E+02
  32.400     0.8297E+02
  32.500     0.8238E+02
  32.600     0.8180E+02
  32.700     0.8122E+02
  32.800     0.8064E+02
  32.900     0.8034E+02
  33.000     0.8004E+02
  33.100     0.7973E+02
  33.200     0.7944E+02
  33.300     0.7914E+02
  33.400     0.7885E+02
  33.500     0.7856E+02
  33.600     0.7827E+02
  33.700     0.7792E+02
  33.800     0.7758E+02
  33.900     0.7724E+02
  34.000     0.7690E+02
  34.100     0.7656E+02
  34.200     0.7623E+02
  34.300     0.7589E+02
  34.400     0.7556E+02
  34.500     0.7526E+02
  34.600     0.7496E+02
  34.700     0.7466E+02
  34.800     0.7436E+02
  34.900     0.7407E+02
  35.000     0.7378E+02
  35.100     0.7350E+02
  35.200     0.7322E+02
  35.300     0.7314E+02
  35.400     0.7307E+02
  35.500     0.7301E+02
  35.600     0.7295E+02
  35.700     0.7290E+02
  35.800     0.7285E+02
  35.900     0.7280E+02
  36.000     0.7276E+02
  36.100     0.7296E+02
  36.200     0.7315E+02
  36.300     0.7336E+02
  36.400     0.7357E+02
  36.500     0.7379E+02
  36.600     0.7402E+02
  36.700     0.7425E+02
  36.800     0.7449E+02
  36.900     0.7470E+02
  37.000     0.7493E+02
  37.100     0.7516E+02
  37.200     0.7540E+02
  37.300     0.7565E+02
  37.400     0.7591E+02
  37.500     0.7618E+02
  37.600     0.7646E+02
  37.700     0.7687E+02
  37.800     0.7729E+02
  37.900     0.7772E+02
  38.000     0.7816E+02
  38.100     0.7860E+02
  38.200     0.7906E+02
  38.300     0.7952E+02
  38.400     0.7998E+02
  38.500     0.8010E+02
  38.600     0.8022E+02
  38.700     0.8036E+02
  38.800     0.8050E+02
  38.900     0.8064E+02
  39.000     0.8080E+02
  39.100     0.8097E+02
  39.200     0.8114E+02
  39.300     0.8107E+02
  39.400     0.8101E+02
  39.500     0.8096E+02
  39.600     0.8091E+02
  39.700     0.8088E+02
  39.800     0.8085E+02
  39.900     0.8083E+02
  40.000     0.8082E+02
  40.100     0.8060E+02
  40.200     0.8040E+02
  40.300     0.8021E+02
  40.400     0.8003E+02
  40.500     0.7986E+02
  40.600     0.7971E+02
  40.700     0.7957E+02
  40.800     0.7944E+02
  40.900     0.7920E+02
  41.000     0.7897E+02
  41.100     0.7876E+02
  41.200     0.7855E+02
  41.300     0.7836E+02
  41.400     0.7818E+02
  41.500     0.7801E+02
  41.600     0.7786E+02
  41.700     0.7759E+02
  41.800     0.7733E+02
  41.900     0.7708E+02
  42.000     0.7684E+02
  42.100     0.7662E+02
  42.200     0.7641E+02
  42.300     0.7621E+02
  42.400     0.7602E+02
  42.500     0.7553E+02
  42.600     0.7505E+02
  42.700     0.7460E+02
  42.800     0.7416E+02
  42.900     0.7374E+02
  43.000     0.7334E+02
  43.100     0.7297E+02
  43.200     0.7261E+02
  43.300     0.7199E+02
  43.400     0.7140E+02
  43.500     0.7085E+02
  43.600     0.7033E+02
  43.700     0.6986E+02
  43.800     0.6942E+02
  43.900     0.6902E+02
  44.000     0.6866E+02
  44.100     0.6805E+02
  44.200     0.6749E+02
  44.300     0.6697E+02
  44.400     0.6649E+02
  44.500     0.6606E+02
  44.600     0.6568E+02
  44.700     0.6534E+02
  44.800     0.6505E+02
  44.900     0.6448E+02
  45.000     0.6395E+02
  45.100     0.6346E+02
  45.200     0.6301E+02
  45.300     0.6261E+02
  45.400     0.6226E+02
  45.500     0.6195E+02
  45.600     0.6169E+02
  45.700     0.6124E+02
  45.800     0.6081E+02
  45.900     0.6042E+02
  46.000     0.6006E+02
  46.100     0.5973E+02
  46.200     0.5943E+02
  46.300     0.5917E+02
  46.400     0.5895E+02
  46.500     0.5838E+02
  46.600     0.5783E+02
  46.700     0.5731E+02
  46.800     0.5680E+02
  46.900     0.5632E+02
  47.000     0.5585E+02
  47.100     0.5541E+02
  47.200     0.5499E+02
  47.300     0.5420E+02
  47.400     0.5341E+02
  47.500     0.5264E+02
  47.600     0.5188E+02
  47.700     0.5114E+02
  47.800     0.5040E+02
  47.900     0.4969E+02
  48.000     0.4899E+02
  48.100     0.4787E+02
  48.200     0.4675E+02
  48.300     0.4563E+02
  48.400     0.4452E+02
  48.500     0.4342E+02
  48.600     0.4232E+02
  48.700     0.4123E+02
  48.800     0.4015E+02
  48.900     0.3868E+02
  49.000     0.3721E+02
  49.100     0.3574E+02
  49.200     0.3427E+02
  49.300     0.3280E+02
  49.400     0.3133E+02
  49.500     0.2986E+02
  49.600     0.2840E+02
  49.700     0.2669E+02
  49.800     0.2498E+02
  49.900     0.2327E+02
  50.000     0.2156E+02
  50.100     0.1985E+02
  50.200     0.1814E+02
  50.300     0.1643E+02
  50.400     0.1472E+02
  50.500     0.1288E+02
  50.600     0.1104E+02
  50.700     0.9203E+01
  50.800     0.7362E+01
  50.900     0.5522E+01
  51.000     0.3681E+01
  51.100     0.1840E+01
  51.200     0.2719E-05
  51.300     0.0000E+00
  51.400     0.0000E+00
  51.500     0.0000E+00
  51.600     0.0000E+00
  51.700     0.0000E+00
  51.800     0.0000E+00
  51.900     0.0000E+00
  52.000     0.0000E+00
  52.100     0.0000E+00
  52.200     0.0000E+00
  52.300     0.0000E+00
  52.400     0.0000E+00
  52.500     0.0000E+00
  52.600     0.0000E+00
  52.700     0.0000E+00
  52.800     0.0000E+00
  52.900     0.0000E+00
  53.000     0.0000E+00
  53.100     0.0000E+00
  53.200     0.0000E+00
  53.300     0.0000E+00
  53.400     0.0000E+00
  53.500     0.0000E+00
  53.600     0.0000E+00
  53.700     0.0000E+00
  53.800     0.0000E+00
  53.900     0.0000E+00
  54.000     0.0000E+00
  54.100     0.0000E+00
  54.200     0.0000E+00
  54.300     0.0000E+00
  54.400     0.0000E+00
  54.500     0.0000E+00
  54.600     0.0000E+00
  54.700     0.0000E+00
  54.800     0.0000E+00
  54.900     0.0000E+00
  55.000     0.0000E+00
  55.100     0.0000E+00
  55.200     0.0000E+00
  55.300     0.0000E+00
  55.400     0.0000E+00
  55.500     0.0000E+00
  55.600     0.0000E+00
  55.700     0.0000E+00
  55.800     0.0000E+00
  55.900     0.0000E+00
  56.000     0.0000E+00
  56.100     0.0000E+00
  56.200     0.0000E+00
  56.300     0.0000E+00
  56.400     0.0000E+00
  56.500     0.0000E+00
  56.600     0.0000E+00
  56.700     0.0000E+00
  56.800     0.0000E+00
  56.900     0.0000E+00
  57.000     0.0000E+00
  57.100     0.0000E+00
  57.200     0.0000E+00
  57.300     0.0000E+00
  57.400     0.0000E+00
  57.500     0.0000E+00
  57.600     0.0000E+00
  57.700     0.0000E+00
  57.800     0.0000E+00
  57.900     0.0000E+00
  58.000     0.0000E+00
  58.100     0.0000E+00
  58.200     0.0000E+00
  58.300     0.0000E+00
  58.400     0.0000E+00
  58.500     0.0000E+00
  58.600     0.0000E+00
  58.700     0.0000E+00
  58.800     0.0000E+00
  58.900     0.0000E+00
  59.000     0.0000E+00
  59.100     0.0000E+00
  59.200     0.0000E+00
  59.300     0.0000E+00
  59.400     0.0000E+00
  59.500     0.0000E+00
  59.600     0.0000E+00
  59.700     0.0000E+00
  59.800     0.0000E+00
  59.900     0.0000E+00
  60.000     0.0000E+00
  60.100     0.0000E+00
  60.200     0.0000E+00
  60.300     0.0000E+00
  60.400     0.0000E+00
  60.500     0.0000E+00
  60.600     0.0000E+00
  60.700     0.0000E+00
  60.800     0.0000E+00
  60.900     0.0000E+00
  61.000     0.0000E+00
  61.100     0.0000E+00
  61.200     0.0000E+00
  61.300     0.0000E+00
  61.400     0.0000E+00
  61.500     0.0000E+00
  61.600     0.0000E+00
  61.700     0.0000E+00
  61.800     0.0000E+00
  61.900     0.0000E+00
  62.000     0.0000E+00
  62.100     0.0000E+00
  62.200     0.0000E+00
  62.300     0.0000E+00
  62.400     0.0000E+00
  62.500     0.0000E+00
  62.600     0.0000E+00
  62.700     0.0000E+00
  62.800     0.0000E+00
  62.900     0.0000E+00
  63.000     0.0000E+00
  63.100     0.0000E+00
  63.200     0.0000E+00
  63.300     0.0000E+00
  63.400     0.0000E+00
  63.500     0.0000E+00
  63.600     0.0000E+00
  63.700     0.0000E+00
  63.800     0.0000E+00
  63.900     0.0000E+00
  64.000     0.0000E+00
  64.100     0.0000E+00
  64.200     0.0000E+00
  64.300     0.0000E+00
  64.400     0.0000E+00
  64.500     0.0000E+00
  64.600     0.0000E+00
  64.700     0.0000E+00
  64.800     0.0000E+00
  64.900     0.0000E+00
  65.000     0.0000E+00
  65.100     0.0000E+00
  65.200     0.0000E+00
  65.300     0.0000E+00
  65.400     0.0000E+00
  65.500     0.0000E+00
  65.600     0.0000E+00
  65.700     0.0000E+00
  65.800     0.0000E+00
  65.900     0.0000E+00
  66.000     0.0000E+00
  66.100     0.0000E+00
  66.200     0.0000E+00
  66.300     0.0000E+00
  66.400     0.0000E+00
  66.500     0.0000E+00
  66.600     0.0000E+00
  66.700     0.0000E+00
  66.800     0.0000E+00
  66.900     0.0000E+00
  67.000     0.0000E+00
  67.100     0.0000E+00
  67.200     0.0000E+00
  67.300     0.0000E+00
  67.400     0.0000E+00
  67.500     0.0000E+00
  67.600     0.0000E+00
  67.700     0.0000E+00
  67.800     0.0000E+00
  67.900     0.0000E+00
  68.000     0.0000E+00
  68.100     0.0000E+00
  68.200     0.0000E+00
  68.300     0.0000E+00
  68.400     0.0000E+00
  68.500     0.0000E+00
  68.600     0.0000E+00
  68.700     0.0000E+00
  68.800     0.0000E+00
  68.900     0.0000E+00
  69.000     0.0000E+00
  69.100     0.0000E+00
  69.200     0.0000E+00
  69.300     0.0000E+00
  69.400     0.0000E+00
  69.500     0.0000E+00
  69.600     0.0000E+00
  69.700     0.0000E+00
  69.800     0.0000E+00
  69.900     0.0000E+00
  70.000     0.0000E+00
  70.100     0.0000E+00
  70.200     0.0000E+00
  70.300     0.0000E+00
  70.400     0.0000E+00
  70.500     0.0000E+00
  70.600     0.0000E+00
  70.700     0.0000E+00
  70.800     0.0000E+00
  70.900     0.0000E+00
  71.000     0.0000E+00
  71.100     0.0000E+00
  71.200     0.0000E+00
  71.300     0.0000E+00
  71.400     0.0000E+00
  71.500     0.0000E+00
  71.600     0.0000E+00
  71.700     0.0000E+00
  71.800     0.0000E+00
  71.900     0.0000E+00
  72.000     0.0000E+00
  72.100     0.0000E+00
  72.200     0.0000E+00
  72.300     0.0000E+00
  72.400     0.0000E+00
  72.500     0.0000E+00
  72.600     0.0000E+00
  72.700     0.0000E+00
  72.800     0.0000E+00
  72.900     0.0000E+00
  73.000     0.0000E+00
  73.100     0.0000E+00
  73.200     0.0000E+00
  73.300     0.0000E+00
  73.400     0.0000E+00
  73.500     0.0000E+00
  73.600     0.0000E+00
  73.700     0.0000E+00
  73.800     0.0000E+00
  73.900     0.0000E+00
  74.000     0.0000E+00
  74.100     0.0000E+00
  74.200     0.0000E+00
  74.300     0.0000E+00
  74.400     0.0000E+00
  74.500     0.0000E+00
  74.600     0.0000E+00
  74.700     0.0000E+00
  74.800     0.0000E+00
  74.900     0.0000E+00
  75.000     0.0000E+00
  75.100     0.0000E+00
  75.200     0.0000E+00
  75.300     0.0000E+00
  75.400     0.0000E+00
  75.500     0.0000E+00
  75.600     0.0000E+00
  75.700     0.0000E+00
  75.800     0.0000E+00
  75.900     0.0000E+00
  76.000     0.0000E+00
  76.100     0.0000E+00
