   0.000     0.0000E+00
   0.100     0.8211E-01
   0.200     0.1642E+00
   0.300     0.2463E+00
   0.400     0.3284E+00
   0.500     0.4106E+00
   0.600     0.4927E+00
   0.700     0.5748E+00
   0.800     0.6569E+00
   0.900     0.7494E+00
   1.000     0.8486E+00
   1.100     0.9524E+00
   1.200     0.1059E+01
   1.300     0.1169E+01
   1.400     0.1280E+01
   1.500     0.1392E+01
   1.600     0.1506E+01
   1.700     0.1597E+01
   1.800     0.1688E+01
   1.900     0.1780E+01
   2.000     0.1872E+01
   2.100     0.1963E+01
   2.200     0.2055E+01
   2.300     0.2147E+01
   2.400     0.2239E+01
   2.500     0.2364E+01
   2.600     0.2495E+01
   2.700     0.2630E+01
   2.800     0.2770E+01
   2.900     0.2913E+01
   3.000     0.3059E+01
   3.100     0.3208E+01
   3.200     0.3359E+01
   3.300     0.3523E+01
   3.400     0.3691E+01
   3.500     0.3864E+01
   3.600     0.4041E+01
   3.700     0.4221E+01
   3.800     0.4404E+01
   3.900     0.4589E+01
   4.000     0.4777E+01
   4.100     0.5099E+01
   4.200     0.5424E+01
   4.300     0.5750E+01
   4.400     0.6078E+01
   4.500     0.6406E+01
   4.600     0.6736E+01
   4.700     0.7066E+01
   4.800     0.7397E+01
   4.900     0.7706E+01
   5.000     0.8018E+01
   5.100     0.8331E+01
   5.200     0.8646E+01
   5.300     0.8962E+01
   5.400     0.9280E+01
   5.500     0.9599E+01
   5.600     0.9919E+01
   5.700     0.1013E+02
   5.800     0.1035E+02
   5.900     0.1056E+02
   6.000     0.1078E+02
   6.100     0.1099E+02
   6.200     0.1121E+02
   6.300     0.1142E+02
   6.400     0.1164E+02
   6.500     0.1185E+02
   6.600     0.1207E+02
   6.700     0.1229E+02
   6.800     0.1250E+02
   6.900     0.1272E+02
   7.000     0.1293E+02
   7.100     0.1315E+02
   7.200     0.1337E+02
   7.300     0.1354E+02
   7.400     0.1372E+02
   7.500     0.1390E+02
   7.600     0.1407E+02
   7.700     0.1425E+02
   7.800     0.1443E+02
   7.900     0.1460E+02
   8.000     0.1478E+02
   8.100     0.1486E+02
   8.200     0.1494E+02
   8.300     0.1503E+02
   8.400     0.1512E+02
   8.500     0.1521E+02
   8.600     0.1531E+02
   8.700     0.1541E+02
   8.800     0.1551E+02
   8.900     0.1538E+02
   9.000     0.1525E+02
   9.100     0.1514E+02
   9.200     0.1504E+02
   9.300     0.1495E+02
   9.400     0.1487E+02
   9.500     0.1480E+02
   9.600     0.1474E+02
   9.700     0.1482E+02
   9.800     0.1494E+02
   9.900     0.1508E+02
  10.000     0.1524E+02
  10.100     0.1544E+02
  10.200     0.1566E+02
  10.300     0.1591E+02
  10.400     0.1618E+02
  10.500     0.1655E+02
  10.600     0.1695E+02
  10.700     0.1738E+02
  10.800     0.1783E+02
  10.900     0.1830E+02
  11.000     0.1879E+02
  11.100     0.1930E+02
  11.200     0.1983E+02
  11.300     0.2032E+02
  11.400     0.2082E+02
  11.500     0.2133E+02
  11.600     0.2185E+02
  11.700     0.2239E+02
  11.800     0.2293E+02
  11.900     0.2348E+02
  12.000     0.2404E+02
  12.100     0.2462E+02
  12.200     0.2519E+02
  12.300     0.2577E+02
  12.400     0.2635E+02
  12.500     0.2693E+02
  12.600     0.2751E+02
  12.700     0.2809E+02
  12.800     0.2867E+02
  12.900     0.2920E+02
  13.000     0.2973E+02
  13.100     0.3027E+02
  13.200     0.3080E+02
  13.300     0.3134E+02
  13.400     0.3187E+02
  13.500     0.3241E+02
  13.600     0.3294E+02
  13.700     0.3351E+02
  13.800     0.3409E+02
  13.900     0.3467E+02
  14.000     0.3525E+02
  14.100     0.3584E+02
  14.200     0.3643E+02
  14.300     0.3702E+02
  14.400     0.3761E+02
  14.500     0.3819E+02
  14.600     0.3877E+02
  14.700     0.3936E+02
  14.800     0.3995E+02
  14.900     0.4055E+02
  15.000     0.4115E+02
  15.100     0.4175E+02
  15.200     0.4236E+02
  15.300     0.4290E+02
  15.400     0.4344E+02
  15.500     0.4399E+02
  15.600     0.4453E+02
  15.700     0.4508E+02
  15.800     0.4564E+02
  15.900     0.4619E+02
  16.000     0.4675E+02
  16.100     0.4701E+02
  16.200     0.4728E+02
  16.300     0.4754E+02
  16.400     0.4780E+02
  16.500     0.4807E+02
  16.600     0.4833E+02
  16.700     0.4860E+02
  16.800     0.4886E+02
  16.900     0.4894E+02
  17.000     0.4902E+02
  17.100     0.4911E+02
  17.200     0.4919E+02
  17.300     0.4927E+02
  17.400     0.4936E+02
  17.500     0.4944E+02
  17.600     0.4953E+02
  17.700     0.4976E+02
  17.800     0.4999E+02
  17.900     0.5022E+02
  18.000     0.5045E+02
  18.100     0.5069E+02
  18.200     0.5092E+02
  18.300     0.5116E+02
  18.400     0.5140E+02
  18.500     0.5139E+02
  18.600     0.5139E+02
  18.700     0.5139E+02
  18.800     0.5139E+02
  18.900     0.5140E+02
  19.000     0.5141E+02
  19.100     0.5142E+02
  19.200     0.5143E+02
  19.300     0.5165E+02
  19.400     0.5187E+02
  19.500     0.5209E+02
  19.600     0.5231E+02
  19.700     0.5253E+02
  19.800     0.5276E+02
  19.900     0.5298E+02
  20.000     0.5321E+02
  20.100     0.5354E+02
  20.200     0.5386E+02
  20.300     0.5419E+02
  20.400     0.5452E+02
  20.500     0.5485E+02
  20.600     0.5518E+02
  20.700     0.5551E+02
  20.800     0.5584E+02
  20.900     0.5640E+02
  21.000     0.5696E+02
  21.100     0.5752E+02
  21.200     0.5808E+02
  21.300     0.5864E+02
  21.400     0.5919E+02
  21.500     0.5975E+02
  21.600     0.6031E+02
  21.700     0.6106E+02
  21.800     0.6181E+02
  21.900     0.6256E+02
  22.000     0.6332E+02
  22.100     0.6407E+02
  22.200     0.6482E+02
  22.300     0.6557E+02
  22.400     0.6632E+02
  22.500     0.6707E+02
  22.600     0.6781E+02
  22.700     0.6856E+02
  22.800     0.6930E+02
  22.900     0.7005E+02
  23.000     0.7080E+02
  23.100     0.7154E+02
  23.200     0.7229E+02
  23.300     0.7279E+02
  23.400     0.7329E+02
  23.500     0.7379E+02
  23.600     0.7428E+02
  23.700     0.7479E+02
  23.800     0.7529E+02
  23.900     0.7579E+02
  24.000     0.7629E+02
  24.100     0.7693E+02
  24.200     0.7758E+02
  24.300     0.7823E+02
  24.400     0.7887E+02
  24.500     0.7953E+02
  24.600     0.8018E+02
  24.700     0.8083E+02
  24.800     0.8149E+02
  24.900     0.8172E+02
  25.000     0.8195E+02
  25.100     0.8218E+02
  25.200     0.8242E+02
  25.300     0.8265E+02
  25.400     0.8289E+02
  25.500     0.8313E+02
  25.600     0.8337E+02
  25.700     0.8347E+02
  25.800     0.8358E+02
  25.900     0.8369E+02
  26.000     0.8380E+02
  26.100     0.8391E+02
  26.200     0.8403E+02
  26.300     0.8414E+02
  26.400     0.8426E+02
  26.500     0.8420E+02
  26.600     0.8415E+02
  26.700     0.8409E+02
  26.800     0.8405E+02
  26.900     0.8400E+02
  27.000     0.8396E+02
  27.100     0.8393E+02
  27.200     0.8390E+02
  27.300     0.8378E+02
  27.400     0.8366E+02
  27.500     0.8355E+02
  27.600     0.8345E+02
  27.700     0.8335E+02
  27.800     0.8326E+02
  27.900     0.8318E+02
  28.000     0.8310E+02
  28.100     0.8273E+02
  28.200     0.8237E+02
  28.300     0.8201E+02
  28.400     0.8166E+02
  28.500     0.8132E+02
  28.600     0.8098E+02
  28.700     0.8065E+02
  28.800     0.8032E+02
  28.900     0.8001E+02
  29.000     0.7970E+02
  29.100     0.7940E+02
  29.200     0.7911E+02
  29.300     0.7882E+02
  29.400     0.7853E+02
  29.500     0.7825E+02
  29.600     0.7798E+02
  29.700     0.7774E+02
  29.800     0.7751E+02
  29.900     0.7728E+02
  30.000     0.7705E+02
  30.100     0.7683E+02
  30.200     0.7661E+02
  30.300     0.7639E+02
  30.400     0.7617E+02
  30.500     0.7569E+02
  30.600     0.7522E+02
  30.700     0.7474E+02
  30.800     0.7427E+02
  30.900     0.7380E+02
  31.000     0.7333E+02
  31.100     0.7287E+02
  31.200     0.7241E+02
  31.300     0.7212E+02
  31.400     0.7183E+02
  31.500     0.7155E+02
  31.600     0.7127E+02
  31.700     0.7099E+02
  31.800     0.7072E+02
  31.900     0.7045E+02
  32.000     0.7019E+02
  32.100     0.6962E+02
  32.200     0.6906E+02
  32.300     0.6851E+02
  32.400     0.6796E+02
  32.500     0.6741E+02
  32.600     0.6687E+02
  32.700     0.6633E+02
  32.800     0.6580E+02
  32.900     0.6554E+02
  33.000     0.6528E+02
  33.100     0.6502E+02
  33.200     0.6477E+02
  33.300     0.6453E+02
  33.400     0.6429E+02
  33.500     0.6406E+02
  33.600     0.6383E+02
  33.700     0.6396E+02
  33.800     0.6409E+02
  33.900     0.6423E+02
  34.000     0.6437E+02
  34.100     0.6452E+02
  34.200     0.6468E+02
  34.300     0.6483E+02
  34.400     0.6500E+02
  34.500     0.6541E+02
  34.600     0.6583E+02
  34.700     0.6625E+02
  34.800     0.6667E+02
  34.900     0.6710E+02
  35.000     0.6753E+02
  35.100     0.6797E+02
  35.200     0.6841E+02
  35.300     0.6896E+02
  35.400     0.6951E+02
  35.500     0.7007E+02
  35.600     0.7062E+02
  35.700     0.7119E+02
  35.800     0.7175E+02
  35.900     0.7232E+02
  36.000     0.7289E+02
  36.100     0.7341E+02
  36.200     0.7393E+02
  36.300     0.7446E+02
  36.400     0.7500E+02
  36.500     0.7553E+02
  36.600     0.7607E+02
  36.700     0.7661E+02
  36.800     0.7716E+02
  36.900     0.7724E+02
  37.000     0.7733E+02
  37.100     0.7743E+02
  37.200     0.7753E+02
  37.300     0.7764E+02
  37.400     0.7776E+02
  37.500     0.7788E+02
  37.600     0.7801E+02
  37.700     0.7766E+02
  37.800     0.7732E+02
  37.900     0.7699E+02
  38.000     0.7667E+02
  38.100     0.7636E+02
  38.200     0.7605E+02
  38.300     0.7575E+02
  38.400     0.7547E+02
  38.500     0.7497E+02
  38.600     0.7449E+02
  38.700     0.7401E+02
  38.800     0.7354E+02
  38.900     0.7309E+02
  39.000     0.7264E+02
  39.100     0.7220E+02
  39.200     0.7178E+02
  39.300     0.7125E+02
  39.400     0.7074E+02
  39.500     0.7024E+02
  39.600     0.6975E+02
  39.700     0.6926E+02
  39.800     0.6880E+02
  39.900     0.6834E+02
  40.000     0.6789E+02
  40.100     0.6741E+02
  40.200     0.6693E+02
  40.300     0.6647E+02
  40.400     0.6603E+02
  40.500     0.6560E+02
  40.600     0.6518E+02
  40.700     0.6477E+02
  40.800     0.6438E+02
  40.900     0.6368E+02
  41.000     0.6300E+02
  41.100     0.6234E+02
  41.200     0.6171E+02
  41.300     0.6111E+02
  41.400     0.6053E+02
  41.500     0.5999E+02
  41.600     0.5947E+02
  41.700     0.5886E+02
  41.800     0.5829E+02
  41.900     0.5776E+02
  42.000     0.5726E+02
  42.100     0.5679E+02
  42.200     0.5637E+02
  42.300     0.5598E+02
  42.400     0.5562E+02
  42.500     0.5514E+02
  42.600     0.5470E+02
  42.700     0.5429E+02
  42.800     0.5391E+02
  42.900     0.5357E+02
  43.000     0.5327E+02
  43.100     0.5301E+02
  43.200     0.5278E+02
  43.300     0.5236E+02
  43.400     0.5197E+02
  43.500     0.5162E+02
  43.600     0.5130E+02
  43.700     0.5102E+02
  43.800     0.5077E+02
  43.900     0.5056E+02
  44.000     0.5039E+02
  44.100     0.5001E+02
  44.200     0.4967E+02
  44.300     0.4934E+02
  44.400     0.4905E+02
  44.500     0.4878E+02
  44.600     0.4854E+02
  44.700     0.4833E+02
  44.800     0.4815E+02
  44.900     0.4779E+02
  45.000     0.4744E+02
  45.100     0.4711E+02
  45.200     0.4680E+02
  45.300     0.4650E+02
  45.400     0.4622E+02
  45.500     0.4595E+02
  45.600     0.4571E+02
  45.700     0.4525E+02
  45.800     0.4480E+02
  45.900     0.4436E+02
  46.000     0.4393E+02
  46.100     0.4351E+02
  46.200     0.4310E+02
  46.300     0.4270E+02
  46.400     0.4231E+02
  46.500     0.4162E+02
  46.600     0.4093E+02
  46.700     0.4025E+02
  46.800     0.3957E+02
  46.900     0.3889E+02
  47.000     0.3822E+02
  47.100     0.3756E+02
  47.200     0.3690E+02
  47.300     0.3602E+02
  47.400     0.3514E+02
  47.500     0.3427E+02
  47.600     0.3340E+02
  47.700     0.3253E+02
  47.800     0.3166E+02
  47.900     0.3079E+02
  48.000     0.2992E+02
  48.100     0.2895E+02
  48.200     0.2798E+02
  48.300     0.2701E+02
  48.400     0.2603E+02
  48.500     0.2506E+02
  48.600     0.2409E+02
  48.700     0.2312E+02
  48.800     0.2215E+02
  48.900     0.2117E+02
  49.000     0.2018E+02
  49.100     0.1919E+02
  49.200     0.1821E+02
  49.300     0.1722E+02
  49.400     0.1623E+02
  49.500     0.1525E+02
  49.600     0.1426E+02
  49.700     0.1332E+02
  49.800     0.1238E+02
  49.900     0.1144E+02
  50.000     0.1050E+02
  50.100     0.9559E+01
  50.200     0.8619E+01
  50.300     0.7679E+01
  50.400     0.6738E+01
  50.500     0.5896E+01
  50.600     0.5054E+01
  50.700     0.4211E+01
  50.800     0.3369E+01
  50.900     0.2527E+01
  51.000     0.1685E+01
  51.100     0.8422E+00
  51.200     0.9946E-06
  51.300     0.0000E+00
  51.400     0.0000E+00
  51.500     0.0000E+00
  51.600     0.0000E+00
  51.700     0.0000E+00
  51.800     0.0000E+00
  51.900     0.0000E+00
  52.000     0.0000E+00
  52.100     0.0000E+00
  52.200     0.0000E+00
  52.300     0.0000E+00
  52.400     0.0000E+00
  52.500     0.0000E+00
  52.600     0.0000E+00
  52.700     0.0000E+00
  52.800     0.0000E+00
  52.900     0.0000E+00
  53.000     0.0000E+00
  53.100     0.0000E+00
  53.200     0.0000E+00
  53.300     0.0000E+00
  53.400     0.0000E+00
  53.500     0.0000E+00
  53.600     0.0000E+00
  53.700     0.0000E+00
  53.800     0.0000E+00
  53.900     0.0000E+00
  54.000     0.0000E+00
  54.100     0.0000E+00
  54.200     0.0000E+00
  54.300     0.0000E+00
  54.400     0.0000E+00
  54.500     0.0000E+00
  54.600     0.0000E+00
  54.700     0.0000E+00
  54.800     0.0000E+00
  54.900     0.0000E+00
  55.000     0.0000E+00
  55.100     0.0000E+00
  55.200     0.0000E+00
  55.300     0.0000E+00
  55.400     0.0000E+00
  55.500     0.0000E+00
  55.600     0.0000E+00
  55.700     0.0000E+00
  55.800     0.0000E+00
  55.900     0.0000E+00
  56.000     0.0000E+00
  56.100     0.0000E+00
  56.200     0.0000E+00
  56.300     0.0000E+00
  56.400     0.0000E+00
  56.500     0.0000E+00
  56.600     0.0000E+00
  56.700     0.0000E+00
  56.800     0.0000E+00
  56.900     0.0000E+00
  57.000     0.0000E+00
  57.100     0.0000E+00
  57.200     0.0000E+00
  57.300     0.0000E+00
  57.400     0.0000E+00
  57.500     0.0000E+00
  57.600     0.0000E+00
  57.700     0.0000E+00
  57.800     0.0000E+00
  57.900     0.0000E+00
  58.000     0.0000E+00
  58.100     0.0000E+00
  58.200     0.0000E+00
  58.300     0.0000E+00
  58.400     0.0000E+00
  58.500     0.0000E+00
  58.600     0.0000E+00
  58.700     0.0000E+00
  58.800     0.0000E+00
  58.900     0.0000E+00
  59.000     0.0000E+00
  59.100     0.0000E+00
  59.200     0.0000E+00
  59.300     0.0000E+00
  59.400     0.0000E+00
  59.500     0.0000E+00
  59.600     0.0000E+00
  59.700     0.0000E+00
  59.800     0.0000E+00
  59.900     0.0000E+00
  60.000     0.0000E+00
  60.100     0.0000E+00
  60.200     0.0000E+00
  60.300     0.0000E+00
  60.400     0.0000E+00
  60.500     0.0000E+00
  60.600     0.0000E+00
  60.700     0.0000E+00
  60.800     0.0000E+00
  60.900     0.0000E+00
  61.000     0.0000E+00
  61.100     0.0000E+00
  61.200     0.0000E+00
  61.300     0.0000E+00
  61.400     0.0000E+00
  61.500     0.0000E+00
  61.600     0.0000E+00
  61.700     0.0000E+00
  61.800     0.0000E+00
  61.900     0.0000E+00
  62.000     0.0000E+00
  62.100     0.0000E+00
  62.200     0.0000E+00
  62.300     0.0000E+00
  62.400     0.0000E+00
  62.500     0.0000E+00
  62.600     0.0000E+00
  62.700     0.0000E+00
  62.800     0.0000E+00
  62.900     0.0000E+00
  63.000     0.0000E+00
  63.100     0.0000E+00
  63.200     0.0000E+00
  63.300     0.0000E+00
  63.400     0.0000E+00
  63.500     0.0000E+00
  63.600     0.0000E+00
  63.700     0.0000E+00
  63.800     0.0000E+00
  63.900     0.0000E+00
  64.000     0.0000E+00
  64.100     0.0000E+00
  64.200     0.0000E+00
  64.300     0.0000E+00
  64.400     0.0000E+00
  64.500     0.0000E+00
  64.600     0.0000E+00
  64.700     0.0000E+00
  64.800     0.0000E+00
  64.900     0.0000E+00
  65.000     0.0000E+00
  65.100     0.0000E+00
  65.200     0.0000E+00
  65.300     0.0000E+00
  65.400     0.0000E+00
  65.500     0.0000E+00
  65.600     0.0000E+00
  65.700     0.0000E+00
  65.800     0.0000E+00
  65.900     0.0000E+00
  66.000     0.0000E+00
  66.100     0.0000E+00
  66.200     0.0000E+00
  66.300     0.0000E+00
  66.400     0.0000E+00
  66.500     0.0000E+00
  66.600     0.0000E+00
  66.700     0.0000E+00
  66.800     0.0000E+00
  66.900     0.0000E+00
  67.000     0.0000E+00
  67.100     0.0000E+00
  67.200     0.0000E+00
  67.300     0.0000E+00
  67.400     0.0000E+00
  67.500     0.0000E+00
  67.600     0.0000E+00
  67.700     0.0000E+00
  67.800     0.0000E+00
  67.900     0.0000E+00
  68.000     0.0000E+00
  68.100     0.0000E+00
  68.200     0.0000E+00
  68.300     0.0000E+00
  68.400     0.0000E+00
  68.500     0.0000E+00
  68.600     0.0000E+00
  68.700     0.0000E+00
  68.800     0.0000E+00
  68.900     0.0000E+00
  69.000     0.0000E+00
  69.100     0.0000E+00
  69.200     0.0000E+00
  69.300     0.0000E+00
  69.400     0.0000E+00
  69.500     0.0000E+00
  69.600     0.0000E+00
  69.700     0.0000E+00
  69.800     0.0000E+00
  69.900     0.0000E+00
  70.000     0.0000E+00
  70.100     0.0000E+00
  70.200     0.0000E+00
  70.300     0.0000E+00
  70.400     0.0000E+00
  70.500     0.0000E+00
  70.600     0.0000E+00
  70.700     0.0000E+00
  70.800     0.0000E+00
  70.900     0.0000E+00
  71.000     0.0000E+00
  71.100     0.0000E+00
  71.200     0.0000E+00
  71.300     0.0000E+00
  71.400     0.0000E+00
  71.500     0.0000E+00
  71.600     0.0000E+00
  71.700     0.0000E+00
  71.800     0.0000E+00
  71.900     0.0000E+00
  72.000     0.0000E+00
  72.100     0.0000E+00
  72.200     0.0000E+00
  72.300     0.0000E+00
  72.400     0.0000E+00
  72.500     0.0000E+00
  72.600     0.0000E+00
  72.700     0.0000E+00
  72.800     0.0000E+00
  72.900     0.0000E+00
  73.000     0.0000E+00
  73.100     0.0000E+00
  73.200     0.0000E+00
  73.300     0.0000E+00
  73.400     0.0000E+00
  73.500     0.0000E+00
  73.600     0.0000E+00
  73.700     0.0000E+00
  73.800     0.0000E+00
  73.900     0.0000E+00
  74.000     0.0000E+00
  74.100     0.0000E+00
  74.200     0.0000E+00
  74.300     0.0000E+00
  74.400     0.0000E+00
  74.500     0.0000E+00
  74.600     0.0000E+00
  74.700     0.0000E+00
  74.800     0.0000E+00
  74.900     0.0000E+00
  75.000     0.0000E+00
  75.100     0.0000E+00
  75.200     0.0000E+00
  75.300     0.0000E+00
