   0.000     0.0000E+00
   0.100     0.1238E+00
   0.200     0.2476E+00
   0.300     0.3715E+00
   0.400     0.4953E+00
   0.500     0.6191E+00
   0.600     0.7429E+00
   0.700     0.8667E+00
   0.800     0.9906E+00
   0.900     0.1221E+01
   1.000     0.1452E+01
   1.100     0.1683E+01
   1.200     0.1914E+01
   1.300     0.2145E+01
   1.400     0.2376E+01
   1.500     0.2606E+01
   1.600     0.2837E+01
   1.700     0.3045E+01
   1.800     0.3253E+01
   1.900     0.3460E+01
   2.000     0.3668E+01
   2.100     0.3876E+01
   2.200     0.4084E+01
   2.300     0.4292E+01
   2.400     0.4499E+01
   2.500     0.4517E+01
   2.600     0.4536E+01
   2.700     0.4558E+01
   2.800     0.4581E+01
   2.900     0.4607E+01
   3.000     0.4635E+01
   3.100     0.4664E+01
   3.200     0.4696E+01
   3.300     0.4688E+01
   3.400     0.4681E+01
   3.500     0.4677E+01
   3.600     0.4674E+01
   3.700     0.4674E+01
   3.800     0.4675E+01
   3.900     0.4679E+01
   4.000     0.4684E+01
   4.100     0.4614E+01
   4.200     0.4553E+01
   4.300     0.4500E+01
   4.400     0.4456E+01
   4.500     0.4421E+01
   4.600     0.4396E+01
   4.700     0.4380E+01
   4.800     0.4373E+01
   4.900     0.4414E+01
   5.000     0.4475E+01
   5.100     0.4557E+01
   5.200     0.4657E+01
   5.300     0.4775E+01
   5.400     0.4909E+01
   5.500     0.5058E+01
   5.600     0.5222E+01
   5.700     0.5477E+01
   5.800     0.5752E+01
   5.900     0.6044E+01
   6.000     0.6352E+01
   6.100     0.6673E+01
   6.200     0.7004E+01
   6.300     0.7346E+01
   6.400     0.7695E+01
   6.500     0.8049E+01
   6.600     0.8402E+01
   6.700     0.8756E+01
   6.800     0.9110E+01
   6.900     0.9463E+01
   7.000     0.9817E+01
   7.100     0.1017E+02
   7.200     0.1052E+02
   7.300     0.1098E+02
   7.400     0.1145E+02
   7.500     0.1191E+02
   7.600     0.1237E+02
   7.700     0.1283E+02
   7.800     0.1329E+02
   7.900     0.1376E+02
   8.000     0.1422E+02
   8.100     0.1465E+02
   8.200     0.1509E+02
   8.300     0.1552E+02
   8.400     0.1596E+02
   8.500     0.1639E+02
   8.600     0.1683E+02
   8.700     0.1727E+02
   8.800     0.1770E+02
   8.900     0.1779E+02
   9.000     0.1788E+02
   9.100     0.1797E+02
   9.200     0.1806E+02
   9.300     0.1816E+02
   9.400     0.1825E+02
   9.500     0.1834E+02
   9.600     0.1844E+02
   9.700     0.1827E+02
   9.800     0.1810E+02
   9.900     0.1793E+02
  10.000     0.1776E+02
  10.100     0.1760E+02
  10.200     0.1744E+02
  10.300     0.1728E+02
  10.400     0.1712E+02
  10.500     0.1668E+02
  10.600     0.1625E+02
  10.700     0.1582E+02
  10.800     0.1540E+02
  10.900     0.1498E+02
  11.000     0.1457E+02
  11.100     0.1417E+02
  11.200     0.1377E+02
  11.300     0.1342E+02
  11.400     0.1312E+02
  11.500     0.1285E+02
  11.600     0.1263E+02
  11.700     0.1245E+02
  11.800     0.1232E+02
  11.900     0.1224E+02
  12.000     0.1221E+02
  12.100     0.1212E+02
  12.200     0.1207E+02
  12.300     0.1206E+02
  12.400     0.1208E+02
  12.500     0.1214E+02
  12.600     0.1223E+02
  12.700     0.1236E+02
  12.800     0.1252E+02
  12.900     0.1264E+02
  13.000     0.1278E+02
  13.100     0.1296E+02
  13.200     0.1318E+02
  13.300     0.1342E+02
  13.400     0.1368E+02
  13.500     0.1398E+02
  13.600     0.1430E+02
  13.700     0.1514E+02
  13.800     0.1599E+02
  13.900     0.1685E+02
  14.000     0.1770E+02
  14.100     0.1856E+02
  14.200     0.1942E+02
  14.300     0.2028E+02
  14.400     0.2114E+02
  14.500     0.2222E+02
  14.600     0.2329E+02
  14.700     0.2436E+02
  14.800     0.2544E+02
  14.900     0.2651E+02
  15.000     0.2759E+02
  15.100     0.2866E+02
  15.200     0.2974E+02
  15.300     0.3076E+02
  15.400     0.3178E+02
  15.500     0.3280E+02
  15.600     0.3382E+02
  15.700     0.3485E+02
  15.800     0.3588E+02
  15.900     0.3691E+02
  16.000     0.3794E+02
  16.100     0.3874E+02
  16.200     0.3954E+02
  16.300     0.4033E+02
  16.400     0.4114E+02
  16.500     0.4194E+02
  16.600     0.4274E+02
  16.700     0.4355E+02
  16.800     0.4435E+02
  16.900     0.4510E+02
  17.000     0.4585E+02
  17.100     0.4660E+02
  17.200     0.4735E+02
  17.300     0.4809E+02
  17.400     0.4884E+02
  17.500     0.4959E+02
  17.600     0.5034E+02
  17.700     0.5063E+02
  17.800     0.5092E+02
  17.900     0.5121E+02
  18.000     0.5150E+02
  18.100     0.5178E+02
  18.200     0.5207E+02
  18.300     0.5236E+02
  18.400     0.5266E+02
  18.500     0.5279E+02
  18.600     0.5293E+02
  18.700     0.5307E+02
  18.800     0.5320E+02
  18.900     0.5334E+02
  19.000     0.5348E+02
  19.100     0.5362E+02
  19.200     0.5376E+02
  19.300     0.5369E+02
  19.400     0.5363E+02
  19.500     0.5356E+02
  19.600     0.5350E+02
  19.700     0.5345E+02
  19.800     0.5340E+02
  19.900     0.5336E+02
  20.000     0.5332E+02
  20.100     0.5318E+02
  20.200     0.5306E+02
  20.300     0.5294E+02
  20.400     0.5282E+02
  20.500     0.5272E+02
  20.600     0.5262E+02
  20.700     0.5252E+02
  20.800     0.5244E+02
  20.900     0.5275E+02
  21.000     0.5306E+02
  21.100     0.5338E+02
  21.200     0.5370E+02
  21.300     0.5403E+02
  21.400     0.5435E+02
  21.500     0.5468E+02
  21.600     0.5502E+02
  21.700     0.5540E+02
  21.800     0.5579E+02
  21.900     0.5619E+02
  22.000     0.5658E+02
  22.100     0.5699E+02
  22.200     0.5739E+02
  22.300     0.5780E+02
  22.400     0.5821E+02
  22.500     0.5899E+02
  22.600     0.5978E+02
  22.700     0.6056E+02
  22.800     0.6135E+02
  22.900     0.6213E+02
  23.000     0.6292E+02
  23.100     0.6371E+02
  23.200     0.6449E+02
  23.300     0.6527E+02
  23.400     0.6605E+02
  23.500     0.6682E+02
  23.600     0.6760E+02
  23.700     0.6838E+02
  23.800     0.6916E+02
  23.900     0.6993E+02
  24.000     0.7071E+02
  24.100     0.7198E+02
  24.200     0.7325E+02
  24.300     0.7453E+02
  24.400     0.7581E+02
  24.500     0.7709E+02
  24.600     0.7837E+02
  24.700     0.7965E+02
  24.800     0.8094E+02
  24.900     0.8189E+02
  25.000     0.8285E+02
  25.100     0.8381E+02
  25.200     0.8477E+02
  25.300     0.8573E+02
  25.400     0.8669E+02
  25.500     0.8765E+02
  25.600     0.8861E+02
  25.700     0.8947E+02
  25.800     0.9033E+02
  25.900     0.9119E+02
  26.000     0.9205E+02
  26.100     0.9292E+02
  26.200     0.9378E+02
  26.300     0.9465E+02
  26.400     0.9552E+02
  26.500     0.9582E+02
  26.600     0.9612E+02
  26.700     0.9642E+02
  26.800     0.9672E+02
  26.900     0.9703E+02
  27.000     0.9733E+02
  27.100     0.9763E+02
  27.200     0.9794E+02
  27.300     0.9803E+02
  27.400     0.9811E+02
  27.500     0.9820E+02
  27.600     0.9829E+02
  27.700     0.9838E+02
  27.800     0.9847E+02
  27.900     0.9857E+02
  28.000     0.9866E+02
  28.100     0.9868E+02
  28.200     0.9871E+02
  28.300     0.9873E+02
  28.400     0.9877E+02
  28.500     0.9880E+02
  28.600     0.9884E+02
  28.700     0.9888E+02
  28.800     0.9893E+02
  28.900     0.9877E+02
  29.000     0.9862E+02
  29.100     0.9847E+02
  29.200     0.9832E+02
  29.300     0.9818E+02
  29.400     0.9804E+02
  29.500     0.9791E+02
  29.600     0.9778E+02
  29.700     0.9743E+02
  29.800     0.9709E+02
  29.900     0.9675E+02
  30.000     0.9641E+02
  30.100     0.9608E+02
  30.200     0.9576E+02
  30.300     0.9543E+02
  30.400     0.9512E+02
  30.500     0.9464E+02
  30.600     0.9416E+02
  30.700     0.9369E+02
  30.800     0.9322E+02
  30.900     0.9276E+02
  31.000     0.9230E+02
  31.100     0.9185E+02
  31.200     0.9140E+02
  31.300     0.9073E+02
  31.400     0.9008E+02
  31.500     0.8942E+02
  31.600     0.8878E+02
  31.700     0.8814E+02
  31.800     0.8750E+02
  31.900     0.8688E+02
  32.000     0.8625E+02
  32.100     0.8534E+02
  32.200     0.8443E+02
  32.300     0.8353E+02
  32.400     0.8263E+02
  32.500     0.8174E+02
  32.600     0.8086E+02
  32.700     0.7998E+02
  32.800     0.7911E+02
  32.900     0.7840E+02
  33.000     0.7769E+02
  33.100     0.7699E+02
  33.200     0.7629E+02
  33.300     0.7561E+02
  33.400     0.7493E+02
  33.500     0.7426E+02
  33.600     0.7360E+02
  33.700     0.7309E+02
  33.800     0.7259E+02
  33.900     0.7210E+02
  34.000     0.7161E+02
  34.100     0.7114E+02
  34.200     0.7067E+02
  34.300     0.7021E+02
  34.400     0.6976E+02
  34.500     0.6963E+02
  34.600     0.6951E+02
  34.700     0.6940E+02
  34.800     0.6930E+02
  34.900     0.6921E+02
  35.000     0.6913E+02
  35.100     0.6906E+02
  35.200     0.6900E+02
  35.300     0.6908E+02
  35.400     0.6917E+02
  35.500     0.6926E+02
  35.600     0.6936E+02
  35.700     0.6946E+02
  35.800     0.6956E+02
  35.900     0.6968E+02
  36.000     0.6979E+02
  36.100     0.7023E+02
  36.200     0.7067E+02
  36.300     0.7111E+02
  36.400     0.7156E+02
  36.500     0.7200E+02
  36.600     0.7245E+02
  36.700     0.7290E+02
  36.800     0.7335E+02
  36.900     0.7359E+02
  37.000     0.7383E+02
  37.100     0.7407E+02
  37.200     0.7431E+02
  37.300     0.7456E+02
  37.400     0.7481E+02
  37.500     0.7505E+02
  37.600     0.7530E+02
  37.700     0.7563E+02
  37.800     0.7595E+02
  37.900     0.7628E+02
  38.000     0.7660E+02
  38.100     0.7693E+02
  38.200     0.7725E+02
  38.300     0.7758E+02
  38.400     0.7791E+02
  38.500     0.7785E+02
  38.600     0.7779E+02
  38.700     0.7773E+02
  38.800     0.7768E+02
  38.900     0.7762E+02
  39.000     0.7756E+02
  39.100     0.7751E+02
  39.200     0.7746E+02
  39.300     0.7732E+02
  39.400     0.7717E+02
  39.500     0.7704E+02
  39.600     0.7690E+02
  39.700     0.7676E+02
  39.800     0.7663E+02
  39.900     0.7650E+02
  40.000     0.7638E+02
  40.100     0.7604E+02
  40.200     0.7571E+02
  40.300     0.7539E+02
  40.400     0.7507E+02
  40.500     0.7476E+02
  40.600     0.7446E+02
  40.700     0.7417E+02
  40.800     0.7388E+02
  40.900     0.7324E+02
  41.000     0.7260E+02
  41.100     0.7199E+02
  41.200     0.7138E+02
  41.300     0.7079E+02
  41.400     0.7021E+02
  41.500     0.6964E+02
  41.600     0.6909E+02
  41.700     0.6819E+02
  41.800     0.6730E+02
  41.900     0.6644E+02
  42.000     0.6559E+02
  42.100     0.6477E+02
  42.200     0.6397E+02
  42.300     0.6319E+02
  42.400     0.6244E+02
  42.500     0.6149E+02
  42.600     0.6058E+02
  42.700     0.5970E+02
  42.800     0.5885E+02
  42.900     0.5804E+02
  43.000     0.5726E+02
  43.100     0.5653E+02
  43.200     0.5583E+02
  43.300     0.5519E+02
  43.400     0.5460E+02
  43.500     0.5405E+02
  43.600     0.5355E+02
  43.700     0.5310E+02
  43.800     0.5270E+02
  43.900     0.5235E+02
  44.000     0.5206E+02
  44.100     0.5168E+02
  44.200     0.5136E+02
  44.300     0.5108E+02
  44.400     0.5086E+02
  44.500     0.5068E+02
  44.600     0.5055E+02
  44.700     0.5047E+02
  44.800     0.5044E+02
  44.900     0.5031E+02
  45.000     0.5021E+02
  45.100     0.5013E+02
  45.200     0.5009E+02
  45.300     0.5007E+02
  45.400     0.5008E+02
  45.500     0.5013E+02
  45.600     0.5020E+02
  45.700     0.4989E+02
  45.800     0.4961E+02
  45.900     0.4935E+02
  46.000     0.4910E+02
  46.100     0.4887E+02
  46.200     0.4866E+02
  46.300     0.4848E+02
  46.400     0.4831E+02
  46.500     0.4777E+02
  46.600     0.4724E+02
  46.700     0.4673E+02
  46.800     0.4622E+02
  46.900     0.4573E+02
  47.000     0.4524E+02
  47.100     0.4477E+02
  47.200     0.4432E+02
  47.300     0.4359E+02
  47.400     0.4288E+02
  47.500     0.4217E+02
  47.600     0.4146E+02
  47.700     0.4076E+02
  47.800     0.4006E+02
  47.900     0.3937E+02
  48.000     0.3869E+02
  48.100     0.3778E+02
  48.200     0.3688E+02
  48.300     0.3597E+02
  48.400     0.3507E+02
  48.500     0.3417E+02
  48.600     0.3327E+02
  48.700     0.3238E+02
  48.800     0.3148E+02
  48.900     0.3033E+02
  49.000     0.2918E+02
  49.100     0.2803E+02
  49.200     0.2688E+02
  49.300     0.2573E+02
  49.400     0.2457E+02
  49.500     0.2342E+02
  49.600     0.2227E+02
  49.700     0.2093E+02
  49.800     0.1959E+02
  49.900     0.1824E+02
  50.000     0.1690E+02
  50.100     0.1555E+02
  50.200     0.1421E+02
  50.300     0.1287E+02
  50.400     0.1152E+02
  50.500     0.1008E+02
  50.600     0.8642E+01
  50.700     0.7202E+01
  50.800     0.5762E+01
  50.900     0.4321E+01
  51.000     0.2881E+01
  51.100     0.1440E+01
  51.200     0.1926E-05
  51.300     0.0000E+00
  51.400     0.0000E+00
  51.500     0.0000E+00
  51.600     0.0000E+00
  51.700     0.0000E+00
  51.800     0.0000E+00
  51.900     0.0000E+00
  52.000     0.0000E+00
  52.100     0.0000E+00
  52.200     0.0000E+00
  52.300     0.0000E+00
  52.400     0.0000E+00
  52.500     0.0000E+00
  52.600     0.0000E+00
  52.700     0.0000E+00
  52.800     0.0000E+00
  52.900     0.0000E+00
  53.000     0.0000E+00
  53.100     0.0000E+00
  53.200     0.0000E+00
  53.300     0.0000E+00
  53.400     0.0000E+00
  53.500     0.0000E+00
  53.600     0.0000E+00
  53.700     0.0000E+00
  53.800     0.0000E+00
  53.900     0.0000E+00
  54.000     0.0000E+00
  54.100     0.0000E+00
  54.200     0.0000E+00
  54.300     0.0000E+00
  54.400     0.0000E+00
  54.500     0.0000E+00
  54.600     0.0000E+00
  54.700     0.0000E+00
  54.800     0.0000E+00
  54.900     0.0000E+00
  55.000     0.0000E+00
  55.100     0.0000E+00
  55.200     0.0000E+00
  55.300     0.0000E+00
  55.400     0.0000E+00
  55.500     0.0000E+00
  55.600     0.0000E+00
  55.700     0.0000E+00
  55.800     0.0000E+00
  55.900     0.0000E+00
  56.000     0.0000E+00
  56.100     0.0000E+00
  56.200     0.0000E+00
  56.300     0.0000E+00
  56.400     0.0000E+00
  56.500     0.0000E+00
  56.600     0.0000E+00
  56.700     0.0000E+00
  56.800     0.0000E+00
  56.900     0.0000E+00
  57.000     0.0000E+00
  57.100     0.0000E+00
  57.200     0.0000E+00
  57.300     0.0000E+00
  57.400     0.0000E+00
  57.500     0.0000E+00
  57.600     0.0000E+00
  57.700     0.0000E+00
  57.800     0.0000E+00
  57.900     0.0000E+00
  58.000     0.0000E+00
  58.100     0.0000E+00
  58.200     0.0000E+00
  58.300     0.0000E+00
  58.400     0.0000E+00
  58.500     0.0000E+00
  58.600     0.0000E+00
  58.700     0.0000E+00
  58.800     0.0000E+00
  58.900     0.0000E+00
  59.000     0.0000E+00
  59.100     0.0000E+00
  59.200     0.0000E+00
  59.300     0.0000E+00
  59.400     0.0000E+00
  59.500     0.0000E+00
  59.600     0.0000E+00
  59.700     0.0000E+00
  59.800     0.0000E+00
  59.900     0.0000E+00
  60.000     0.0000E+00
  60.100     0.0000E+00
  60.200     0.0000E+00
  60.300     0.0000E+00
  60.400     0.0000E+00
  60.500     0.0000E+00
  60.600     0.0000E+00
  60.700     0.0000E+00
  60.800     0.0000E+00
  60.900     0.0000E+00
  61.000     0.0000E+00
  61.100     0.0000E+00
  61.200     0.0000E+00
  61.300     0.0000E+00
  61.400     0.0000E+00
  61.500     0.0000E+00
  61.600     0.0000E+00
  61.700     0.0000E+00
  61.800     0.0000E+00
  61.900     0.0000E+00
  62.000     0.0000E+00
  62.100     0.0000E+00
  62.200     0.0000E+00
  62.300     0.0000E+00
  62.400     0.0000E+00
  62.500     0.0000E+00
  62.600     0.0000E+00
  62.700     0.0000E+00
  62.800     0.0000E+00
  62.900     0.0000E+00
  63.000     0.0000E+00
  63.100     0.0000E+00
  63.200     0.0000E+00
  63.300     0.0000E+00
  63.400     0.0000E+00
  63.500     0.0000E+00
  63.600     0.0000E+00
  63.700     0.0000E+00
  63.800     0.0000E+00
  63.900     0.0000E+00
  64.000     0.0000E+00
  64.100     0.0000E+00
  64.200     0.0000E+00
  64.300     0.0000E+00
  64.400     0.0000E+00
  64.500     0.0000E+00
  64.600     0.0000E+00
  64.700     0.0000E+00
  64.800     0.0000E+00
  64.900     0.0000E+00
  65.000     0.0000E+00
  65.100     0.0000E+00
  65.200     0.0000E+00
  65.300     0.0000E+00
  65.400     0.0000E+00
  65.500     0.0000E+00
  65.600     0.0000E+00
  65.700     0.0000E+00
  65.800     0.0000E+00
  65.900     0.0000E+00
  66.000     0.0000E+00
  66.100     0.0000E+00
  66.200     0.0000E+00
  66.300     0.0000E+00
  66.400     0.0000E+00
  66.500     0.0000E+00
  66.600     0.0000E+00
  66.700     0.0000E+00
  66.800     0.0000E+00
  66.900     0.0000E+00
  67.000     0.0000E+00
  67.100     0.0000E+00
  67.200     0.0000E+00
  67.300     0.0000E+00
  67.400     0.0000E+00
  67.500     0.0000E+00
  67.600     0.0000E+00
  67.700     0.0000E+00
  67.800     0.0000E+00
  67.900     0.0000E+00
  68.000     0.0000E+00
  68.100     0.0000E+00
  68.200     0.0000E+00
  68.300     0.0000E+00
  68.400     0.0000E+00
  68.500     0.0000E+00
  68.600     0.0000E+00
  68.700     0.0000E+00
  68.800     0.0000E+00
  68.900     0.0000E+00
  69.000     0.0000E+00
  69.100     0.0000E+00
  69.200     0.0000E+00
  69.300     0.0000E+00
  69.400     0.0000E+00
  69.500     0.0000E+00
  69.600     0.0000E+00
  69.700     0.0000E+00
  69.800     0.0000E+00
  69.900     0.0000E+00
  70.000     0.0000E+00
  70.100     0.0000E+00
  70.200     0.0000E+00
  70.300     0.0000E+00
  70.400     0.0000E+00
  70.500     0.0000E+00
  70.600     0.0000E+00
  70.700     0.0000E+00
  70.800     0.0000E+00
  70.900     0.0000E+00
  71.000     0.0000E+00
  71.100     0.0000E+00
  71.200     0.0000E+00
  71.300     0.0000E+00
  71.400     0.0000E+00
  71.500     0.0000E+00
  71.600     0.0000E+00
  71.700     0.0000E+00
  71.800     0.0000E+00
  71.900     0.0000E+00
  72.000     0.0000E+00
  72.100     0.0000E+00
  72.200     0.0000E+00
  72.300     0.0000E+00
  72.400     0.0000E+00
  72.500     0.0000E+00
  72.600     0.0000E+00
  72.700     0.0000E+00
  72.800     0.0000E+00
  72.900     0.0000E+00
  73.000     0.0000E+00
  73.100     0.0000E+00
  73.200     0.0000E+00
  73.300     0.0000E+00
  73.400     0.0000E+00
  73.500     0.0000E+00
  73.600     0.0000E+00
  73.700     0.0000E+00
  73.800     0.0000E+00
  73.900     0.0000E+00
  74.000     0.0000E+00
  74.100     0.0000E+00
  74.200     0.0000E+00
  74.300     0.0000E+00
  74.400     0.0000E+00
  74.500     0.0000E+00
  74.600     0.0000E+00
  74.700     0.0000E+00
  74.800     0.0000E+00
  74.900     0.0000E+00
  75.000     0.0000E+00
  75.100     0.0000E+00
  75.200     0.0000E+00
  75.300     0.0000E+00
