   -25.000    -65.000      0.000      0.000      0.000      0.000
   -20.000    -65.000      0.000      0.000      0.000      0.000
   -15.000    -65.000      0.000      0.000      0.000      0.000
   -10.000    -65.000      0.000      0.000      0.000      0.000
    -5.000    -65.000      0.000      0.000      0.000      0.000
     0.000    -65.000      0.000      0.000      0.000      0.000
     5.000    -65.000      0.000      0.000      0.000      0.000
    10.000    -65.000      0.000      0.000      0.000      0.000
    15.000    -65.000      0.000      0.000      0.000      0.000
    20.000    -65.000      0.000      0.000      0.000      0.000
    25.000    -65.000      0.000      0.000      0.000      0.000
    30.000    -65.000      0.000      0.000      0.000      0.000
    35.000    -65.000      0.000      0.000      0.000      0.000
    40.000    -65.000      0.000      0.000      0.000      0.000
    45.000    -65.000      0.000      0.000      0.000      0.000
    50.000    -65.000      0.000      0.000      0.000      0.000
    55.000    -65.000      0.000      0.000      0.000      0.000
    60.000    -65.000      0.000      0.000      0.000      0.000
    65.000    -65.000      0.000      0.000      0.000      0.000
    70.000    -65.000      0.000      0.000      0.000      0.000
    75.000    -65.000      0.000      0.000      0.000      0.000
    80.000    -65.000      0.000      0.000      0.000      0.000
    85.000    -65.000      0.000      0.000      0.000      0.000
    90.000    -65.000      0.000      0.000      0.000      0.000
    95.000    -65.000      0.000      0.000      0.000      0.000
   100.000    -65.000      0.000      0.000      0.000      0.000
   105.000    -65.000      0.000      0.000      0.000      0.000
   110.000    -65.000      0.000      0.000      0.000      0.000
   115.000    -65.000      0.000      0.000      0.000      0.000
   120.000    -65.000      0.000      0.000      0.000      0.000
   125.000    -65.000      0.000      0.000      0.000      0.000
   130.000    -65.000      0.000      0.000      0.000      0.000
   135.000    -65.000      0.000      0.000      0.000      0.000
   140.000    -65.000      0.000      0.000      0.000      0.000
   145.000    -65.000      0.000      0.000      0.000      0.000
   -25.000    -60.000      0.000      0.000      0.000      0.000
   -20.000    -60.000      0.000      0.000      0.000      0.000
   -15.000    -60.000      0.000      0.000      0.000      0.000
   -10.000    -60.000      0.000      0.000      0.000      0.000
    -5.000    -60.000      0.000      0.000      0.000      0.000
     0.000    -60.000      0.000      0.000      0.000      0.000
     5.000    -60.000      0.000      0.000      0.000      0.000
    10.000    -60.000      0.000      0.000      0.000      0.000
    15.000    -60.000      0.000      0.000      0.000      0.000
    20.000    -60.000      0.000      0.000      0.000      0.000
    25.000    -60.000      0.000      0.000      0.000      0.000
    30.000    -60.000      0.000      0.000      0.000      0.000
    35.000    -60.000      0.000      0.000      0.000      0.000
    40.000    -60.000      0.000      0.000      0.000      0.000
    45.000    -60.000      0.000      0.000      0.000      0.000
    50.000    -60.000      0.000      0.000      0.000      0.000
    55.000    -60.000      0.000      0.000      0.000      0.000
    60.000    -60.000      0.000      0.000      0.000      0.000
    65.000    -60.000      0.000      0.000      0.000      0.000
    70.000    -60.000      0.000      0.000      0.000      0.000
    75.000    -60.000      0.000      0.000      0.000      0.000
    80.000    -60.000      0.000      0.000      0.000      0.000
    85.000    -60.000      0.000      0.000      0.000      0.000
    90.000    -60.000      0.000      0.000      0.000      0.000
    95.000    -60.000      0.000      0.000      0.000      0.000
   100.000    -60.000      0.000      0.000      0.000      0.000
   105.000    -60.000      0.000      0.000      0.000      0.000
   110.000    -60.000      0.000      0.000      0.000      0.000
   115.000    -60.000      0.000      0.000      0.000      0.000
   120.000    -60.000      0.000      0.000      0.000      0.000
   125.000    -60.000      0.000      0.000      0.000      0.000
   130.000    -60.000      0.000      0.000      0.000      0.000
   135.000    -60.000      0.000      0.000      0.000      0.000
   140.000    -60.000      0.000      0.000      0.000      0.000
   145.000    -60.000      0.000      0.000      0.000      0.000
   -25.000    -55.000      0.000      0.000      0.000      0.000
   -20.000    -55.000      0.000      0.000      0.000      0.000
   -15.000    -55.000      0.000      0.000      0.000      0.000
   -10.000    -55.000      0.000      0.000      0.000      0.000
    -5.000    -55.000      0.000      0.000      0.000      0.000
     0.000    -55.000      0.000      0.000      0.000      0.000
     5.000    -55.000      0.000      0.000      0.000      0.000
    10.000    -55.000      0.000      0.000      0.000      0.000
    15.000    -55.000      0.000      0.000      0.000      0.000
    20.000    -55.000      0.000      0.000      0.000      0.000
    25.000    -55.000      0.000      0.000      0.000      0.000
    30.000    -55.000      0.000      0.000      0.000      0.000
    35.000    -55.000      0.000      0.000      0.000      0.000
    40.000    -55.000      0.000      0.000      0.000      0.000
    45.000    -55.000      0.000      0.000      0.000      0.000
    50.000    -55.000      0.000      0.000      0.000      0.000
    55.000    -55.000      0.000      0.000      0.000      0.000
    60.000    -55.000      0.000      0.000      0.000      0.000
    65.000    -55.000      0.000      0.000      0.000      0.000
    70.000    -55.000      0.000      0.000      0.000      0.000
    75.000    -55.000      0.000      0.000      0.000      0.000
    80.000    -55.000      0.000      0.000      0.000      0.000
    85.000    -55.000      0.000      0.000      0.000      0.000
    90.000    -55.000      0.000      0.000      0.000      0.000
    95.000    -55.000      0.000      0.000      0.000      0.000
   100.000    -55.000      0.000      0.000      0.000      0.000
   105.000    -55.000      0.000      0.000      0.000      0.000
   110.000    -55.000      0.000      0.000      0.000      0.000
   115.000    -55.000      0.000      0.000      0.000      0.000
   120.000    -55.000      0.000      0.000      0.000      0.000
   125.000    -55.000      0.000      0.000      0.000      0.000
   130.000    -55.000      0.000      0.000      0.000      0.000
   135.000    -55.000      0.000      0.000      0.000      0.000
   140.000    -55.000      0.000      0.000      0.000      0.000
   145.000    -55.000      0.000      0.000      0.000      0.000
   -25.000    -50.000      0.000      0.000      0.000      0.000
   -20.000    -50.000      0.000      0.000      0.000      0.000
   -15.000    -50.000      0.000      0.000      0.000      0.000
   -10.000    -50.000      0.000      0.000      1.517     40.068
    -5.000    -50.000      0.000      0.000      2.652     41.528
     0.000    -50.000      0.000      0.000      3.189     42.024
     5.000    -50.000      0.000      0.000      3.263     41.869
    10.000    -50.000      0.000      0.000      3.093     40.911
    15.000    -50.000      0.000      0.000      2.999     41.293
    20.000    -50.000      0.000      0.000      3.223     45.097
    25.000    -50.000      0.000      0.000      2.837     46.832
    30.000    -50.000      0.000      0.000      2.122     33.836
    35.000    -50.000      0.000      0.000      1.705     10.337
    40.000    -50.000      0.000      0.000      1.387    -11.051
    45.000    -50.000      0.000      0.000      1.308    -32.141
    50.000    -50.000      0.017   -104.193      1.489    -50.282
    55.000    -50.000      0.064    -42.790      1.885    -46.955
    60.000    -50.000      0.108    -35.413      2.133    -47.018
    65.000    -50.000      0.130    -27.798      2.445    -42.794
    70.000    -50.000      0.144    -18.825      2.850    -41.105
    75.000    -50.000      0.162     -7.154      2.859    -28.630
    80.000    -50.000      0.198     10.078      3.074    -23.578
    85.000    -50.000      0.241     24.870      2.864    -18.944
    90.000    -50.000      0.246     34.062      2.578    -23.737
    95.000    -50.000      0.231     43.028      2.494    -22.661
   100.000    -50.000      0.212     48.422      2.264    -20.793
   105.000    -50.000      0.179     47.525      2.246     -9.871
   110.000    -50.000      0.143     34.243      2.111    -12.578
   115.000    -50.000      0.124      6.934      1.845    -13.549
   120.000    -50.000      0.131    -26.663      1.723    -20.539
   125.000    -50.000      0.138    -53.314      1.370    -30.317
   130.000    -50.000      0.107    -67.877      0.630    -28.325
   135.000    -50.000      0.000      0.000      0.000      0.000
   140.000    -50.000      0.000      0.000      0.000      0.000
   145.000    -50.000      0.000      0.000      0.000      0.000
   -25.000    -45.000      0.000      0.000      0.000      0.000
   -20.000    -45.000      0.000      0.000      0.000      0.000
   -15.000    -45.000      0.000      0.000      0.000      0.000
   -10.000    -45.000      0.000      0.000      1.670     44.151
    -5.000    -45.000      0.000      0.000      2.852     38.710
     0.000    -45.000      0.000      0.000      3.736     33.500
     5.000    -45.000      0.000      0.000      4.283     29.741
    10.000    -45.000      0.000      0.000      4.462     27.308
    15.000    -45.000      0.000      0.000      4.458     28.168
    20.000    -45.000      0.000      0.000      4.703     32.061
    25.000    -45.000      0.000      0.000      4.367     34.259
    30.000    -45.000      0.000      0.000      3.446     28.176
    35.000    -45.000      0.000      0.000      2.432     12.176
    40.000    -45.000      0.000      0.000      2.171    -28.432
    45.000    -45.000      0.000      0.000      2.246    -49.467
    50.000    -45.000      0.000      0.000      2.848    -62.205
    55.000    -45.000      0.018    -16.185      3.205    -53.995
    60.000    -45.000      0.067    -33.362      3.854    -51.607
    65.000    -45.000      0.122    -17.034      4.437    -46.081
    70.000    -45.000      0.208     -5.582      4.979    -41.412
    75.000    -45.000      0.287      4.089      5.069    -32.406
    80.000    -45.000      0.347     10.089      5.133    -29.265
    85.000    -45.000      0.375     11.453      4.854    -22.737
    90.000    -45.000      0.350      7.192      4.536    -22.367
    95.000    -45.000      0.306      4.612      4.362    -23.853
   100.000    -45.000      0.261      7.455      3.913    -24.106
   105.000    -45.000      0.225     15.275      3.566    -12.848
   110.000    -45.000      0.193     23.751      3.386     -9.663
   115.000    -45.000      0.157     24.658      3.172    -11.765
   120.000    -45.000      0.112     12.341      2.899    -15.408
   125.000    -45.000      0.072    -14.229      2.261    -17.144
   130.000    -45.000      0.043    -48.111      1.095    -14.758
   135.000    -45.000      0.000      0.000      0.000      0.000
   140.000    -45.000      0.000      0.000      0.000      0.000
   145.000    -45.000      0.000      0.000      0.000      0.000
   -25.000    -40.000      0.000      0.000      0.000      0.000
   -20.000    -40.000      0.000      0.000      0.000      0.000
   -15.000    -40.000      0.000      0.000      0.000      0.000
   -10.000    -40.000      0.000      0.000      1.378     30.338
    -5.000    -40.000      0.000      0.000      2.452     31.011
     0.000    -40.000      0.000      0.000      3.038     27.022
     5.000    -40.000      0.000      0.000      3.377     18.963
    10.000    -40.000      0.000      0.000      3.657     12.618
    15.000    -40.000      0.000      0.000      3.741     11.160
    20.000    -40.000      0.000      0.000      3.825     10.250
    25.000    -40.000      0.000      0.000      3.956      9.479
    30.000    -40.000      0.000      0.000      3.319      1.619
    35.000    -40.000      0.000      0.000      2.562    -17.838
    40.000    -40.000      0.000      0.000      2.728    -50.191
    45.000    -40.000      0.000      0.000      3.369    -68.024
    50.000    -40.000      0.000      0.000      4.229    -76.553
    55.000    -40.000      0.000      0.000      4.603    -70.691
    60.000    -40.000      0.062      8.876      5.283    -64.330
    65.000    -40.000      0.159     14.166      5.977    -56.333
    70.000    -40.000      0.259      9.768      6.361    -46.804
    75.000    -40.000      0.323      4.356      6.321    -38.979
    80.000    -40.000      0.356     -0.562      6.208    -36.531
    85.000    -40.000      0.363     -6.927      5.741    -33.638
    90.000    -40.000      0.338    -16.446      5.283    -29.475
    95.000    -40.000      0.304    -22.018      5.040    -24.257
   100.000    -40.000      0.253    -20.303      4.593    -24.286
   105.000    -40.000      0.187     -7.574      4.087    -16.723
   110.000    -40.000      0.149     14.519      3.660    -12.141
   115.000    -40.000      0.160     31.460      3.583    -14.450
   120.000    -40.000      0.185     35.292      3.349    -13.308
   125.000    -40.000      0.173     27.776      2.679    -10.660
   130.000    -40.000      0.109     15.096      1.371      0.324
   135.000    -40.000      0.000      0.000      0.000      0.000
   140.000    -40.000      0.000      0.000      0.000      0.000
   145.000    -40.000      0.000      0.000      0.000      0.000
   -25.000    -35.000      0.000      0.000      0.000      0.000
   -20.000    -35.000      0.000      0.000      0.000      0.000
   -15.000    -35.000      0.000      0.000      0.000      0.000
   -10.000    -35.000      0.000      0.000      0.906    -14.724
    -5.000    -35.000      0.000      0.000      1.719    -12.198
     0.000    -35.000      0.000      0.000      2.464    -18.260
     5.000    -35.000      0.000      0.000      3.272    -25.694
    10.000    -35.000      0.000      0.000      3.868    -27.323
    15.000    -35.000      0.000      0.000      3.890    -25.047
    20.000    -35.000      0.000      0.000      4.207    -33.518
    25.000    -35.000      0.000      0.000      4.546    -35.293
    30.000    -35.000      0.000      0.000      4.638    -43.900
    35.000    -35.000      0.000      0.000      4.318    -61.101
    40.000    -35.000      0.000      0.000      4.531    -76.359
    45.000    -35.000      0.000      0.000      5.561    -85.934
    50.000    -35.000      0.000      0.000      6.147    -90.792
    55.000    -35.000      0.000      0.000      6.285    -89.086
    60.000    -35.000      0.022     -5.818      6.807    -82.205
    65.000    -35.000      0.146     -2.190      7.268    -72.005
    70.000    -35.000      0.240     -4.291      7.102    -60.970
    75.000    -35.000      0.279    -11.096      6.814    -52.520
    80.000    -35.000      0.289    -20.329      6.410    -46.518
    85.000    -35.000      0.281    -27.332      5.686    -41.867
    90.000    -35.000      0.252    -30.017      5.251    -39.813
    95.000    -35.000      0.209    -22.176      4.980    -30.664
   100.000    -35.000      0.178     -9.825      4.429    -23.312
   105.000    -35.000      0.164      8.297      4.002    -17.362
   110.000    -35.000      0.196     30.988      3.508    -13.938
   115.000    -35.000      0.254     44.299      3.199    -17.173
   120.000    -35.000      0.309     47.945      2.780    -17.120
   125.000    -35.000      0.290     46.106      2.149     -9.786
   130.000    -35.000      0.180     40.963      1.099      6.658
   135.000    -35.000      0.000      0.000      0.000      0.000
   140.000    -35.000      0.000      0.000      0.000      0.000
   145.000    -35.000      0.000      0.000      0.000      0.000
   -25.000    -30.000      0.000      0.000      0.000      0.000
   -20.000    -30.000      0.000      0.000      0.000      0.000
   -15.000    -30.000      0.000      0.000      0.000      0.000
   -10.000    -30.000      0.000      0.000      1.103    -58.580
    -5.000    -30.000      0.000      0.000      2.184    -55.941
     0.000    -30.000      0.000      0.000      3.552    -58.446
     5.000    -30.000      0.000      0.000      4.899    -60.488
    10.000    -30.000      0.000      0.000      5.728    -60.173
    15.000    -30.000      0.000      0.000      6.122    -59.621
    20.000    -30.000      0.000      0.000      6.756    -59.892
    25.000    -30.000      0.000      0.000      7.251    -64.413
    30.000    -30.000      0.000      0.000      7.578    -70.807
    35.000    -30.000      0.000      0.000      8.383    -79.451
    40.000    -30.000      0.000      0.000      8.072    -87.358
    45.000    -30.000      0.000      0.000      8.600    -93.531
    50.000    -30.000      0.000      0.000      8.998    -99.256
    55.000    -30.000      0.000      0.000      9.352   -101.244
    60.000    -30.000      0.000      0.000      9.168    -98.606
    65.000    -30.000      0.104    -41.547      9.053    -90.003
    70.000    -30.000      0.173    -16.138      8.120    -79.608
    75.000    -30.000      0.195    -13.588      7.031    -69.804
    80.000    -30.000      0.200    -16.080      5.729    -59.905
    85.000    -30.000      0.195    -19.404      4.750    -50.520
    90.000    -30.000      0.186    -19.734      4.288    -44.762
    95.000    -30.000      0.173    -11.941      4.200    -37.466
   100.000    -30.000      0.144     -2.953      3.902    -27.815
   105.000    -30.000      0.118     21.753      3.448    -21.205
   110.000    -30.000      0.143     56.905      2.853    -19.478
   115.000    -30.000      0.185     74.574      2.544    -31.510
   120.000    -30.000      0.218     78.810      2.014    -32.557
   125.000    -30.000      0.202     76.566      1.306    -33.625
   130.000    -30.000      0.132     71.778      0.527     -7.734
   135.000    -30.000      0.000      0.000      0.000      0.000
   140.000    -30.000      0.000      0.000      0.000      0.000
   145.000    -30.000      0.000      0.000      0.000      0.000
   -25.000    -25.000      0.000      0.000      0.000      0.000
   -20.000    -25.000      0.000      0.000      0.000      0.000
   -15.000    -25.000      0.000      0.000      0.000      0.000
   -10.000    -25.000      0.000      0.000      1.509    -95.227
    -5.000    -25.000      0.000      0.000      3.162    -87.865
     0.000    -25.000      0.000      0.000      4.916    -80.897
     5.000    -25.000      0.000      0.000      6.596    -76.475
    10.000    -25.000      0.000      0.000      7.752    -74.414
    15.000    -25.000      0.000      0.000      8.618    -74.598
    20.000    -25.000      0.000      0.000      9.548    -74.095
    25.000    -25.000      0.000      0.000     10.615    -77.582
    30.000    -25.000      0.000      0.000     11.358    -81.317
    35.000    -25.000      0.000      0.000     12.302    -85.541
    40.000    -25.000      0.000      0.000     12.412    -90.630
    45.000    -25.000      0.000      0.000     12.540    -95.359
    50.000    -25.000      0.000      0.000     12.477   -101.749
    55.000    -25.000      0.000      0.000     12.305   -104.923
    60.000    -25.000      0.000      0.000     12.063   -106.060
    65.000    -25.000      0.012    -44.619     11.480   -103.024
    70.000    -25.000      0.099     -7.690      9.787    -95.197
    75.000    -25.000      0.162     21.824      7.742    -86.491
    80.000    -25.000      0.187     31.537      5.718    -79.206
    85.000    -25.000      0.157     31.199      3.860    -68.478
    90.000    -25.000      0.132     32.473      3.112    -59.593
    95.000    -25.000      0.116     34.996      2.995    -48.484
   100.000    -25.000      0.094     39.989      2.785    -40.236
   105.000    -25.000      0.071     58.890      2.656    -33.756
   110.000    -25.000      0.098     98.140      2.228    -35.394
   115.000    -25.000      0.147    117.846      2.081    -51.163
   120.000    -25.000      0.187    124.411      1.667    -63.860
   125.000    -25.000      0.188    126.270      0.924    -72.716
   130.000    -25.000      0.134    121.461      0.302   -103.286
   135.000    -25.000      0.000      0.000      0.000      0.000
   140.000    -25.000      0.000      0.000      0.000      0.000
   145.000    -25.000      0.000      0.000      0.000      0.000
   -25.000    -20.000      0.000      0.000      0.000      0.000
   -20.000    -20.000      0.000      0.000      0.000      0.000
   -15.000    -20.000      0.000      0.000      0.000      0.000
   -10.000    -20.000      0.000      0.000      2.185    -92.059
    -5.000    -20.000      0.000      0.000      4.120    -90.634
     0.000    -20.000      0.000      0.000      5.843    -87.177
     5.000    -20.000      0.000      0.000      7.458    -84.043
    10.000    -20.000      0.000      0.000      8.893    -82.529
    15.000    -20.000      0.000      0.000     10.273    -81.096
    20.000    -20.000      0.000      0.000     11.699    -79.520
    25.000    -20.000      0.000      0.000     13.323    -82.422
    30.000    -20.000      0.000      0.000     14.596    -86.063
    35.000    -20.000      0.000      0.000     15.689    -89.131
    40.000    -20.000      0.000      0.000     15.949    -92.505
    45.000    -20.000      0.000      0.000     16.278    -96.377
    50.000    -20.000      0.000      0.000     15.785   -102.517
    55.000    -20.000      0.000      0.000     15.090   -105.862
    60.000    -20.000      0.000      0.000     14.168   -108.887
    65.000    -20.000      0.017   -138.226     13.216   -109.657
    70.000    -20.000      0.032     71.124     11.559   -107.219
    75.000    -20.000      0.166     66.762      8.686   -103.759
    80.000    -20.000      0.219     64.307      6.131    -99.215
    85.000    -20.000      0.208     65.989      3.787    -94.405
    90.000    -20.000      0.197     71.341      2.453    -84.086
    95.000    -20.000      0.186     73.776      1.766    -63.992
   100.000    -20.000      0.169     80.385      1.729    -53.658
   105.000    -20.000      0.145     92.656      1.895    -57.134
   110.000    -20.000      0.140     98.948      1.973    -60.613
   115.000    -20.000      0.129    104.439      2.072    -71.526
   120.000    -20.000      0.120    116.026      1.803    -83.452
   125.000    -20.000      0.124    136.979      1.293    -98.100
   130.000    -20.000      0.104    143.262      0.719   -110.156
   135.000    -20.000      0.000      0.000      0.000      0.000
   140.000    -20.000      0.000      0.000      0.000      0.000
   145.000    -20.000      0.000      0.000      0.000      0.000
   -25.000    -15.000      0.000      0.000      0.000      0.000
   -20.000    -15.000      0.000      0.000      0.000      0.000
   -15.000    -15.000      0.000      0.000      0.000      0.000
   -10.000    -15.000      0.000      0.000      2.237    -92.530
    -5.000    -15.000      0.000      0.000      4.662    -92.073
     0.000    -15.000      0.000      0.000      6.565    -89.121
     5.000    -15.000      0.000      0.000      8.182    -86.374
    10.000    -15.000      0.000      0.000      9.600    -84.674
    15.000    -15.000      0.000      0.000     11.166    -83.418
    20.000    -15.000      0.000      0.000     12.771    -82.266
    25.000    -15.000      0.000      0.000     14.557    -84.734
    30.000    -15.000      0.000      0.000     16.367    -88.120
    35.000    -15.000      0.000      0.000     17.865    -91.946
    40.000    -15.000      0.000      0.000     18.330    -96.083
    45.000    -15.000      0.000      0.000     18.566    -98.965
    50.000    -15.000      0.000      0.000     18.523   -103.188
    55.000    -15.000      0.000      0.000     17.204   -107.074
    60.000    -15.000      0.000      0.000     15.880   -110.007
    65.000    -15.000      0.000      0.000     14.344   -112.393
    70.000    -15.000      0.101    102.802     12.524   -114.093
    75.000    -15.000      0.201     96.473      9.826   -115.145
    80.000    -15.000      0.267     88.365      7.182   -115.106
    85.000    -15.000      0.276     85.610      4.545   -115.907
    90.000    -15.000      0.254     84.921      2.344   -111.394
    95.000    -15.000      0.214     82.420      1.196    -97.633
   100.000    -15.000      0.160     77.469      0.830    -83.299
   105.000    -15.000      0.099     80.028      1.340    -89.679
   110.000    -15.000      0.060     85.720      1.875    -93.012
   115.000    -15.000      0.043     81.896      2.109    -94.162
   120.000    -15.000      0.039     67.453      1.900   -100.622
   125.000    -15.000      0.023    112.551      1.447   -111.831
   130.000    -15.000      0.032   -178.272      0.956   -111.813
   135.000    -15.000      0.000      0.000      0.000      0.000
   140.000    -15.000      0.000      0.000      0.000      0.000
   145.000    -15.000      0.000      0.000      0.000      0.000
   -25.000    -10.000      0.000      0.000      0.000      0.000
   -20.000    -10.000      0.000      0.000      0.000      0.000
   -15.000    -10.000      0.000      0.000      0.000      0.000
   -10.000    -10.000      0.000      0.000      1.927    -97.884
    -5.000    -10.000      0.000      0.000      3.751    -91.826
     0.000    -10.000      0.000      0.000      5.517    -86.872
     5.000    -10.000      0.000      0.000      7.370    -83.488
    10.000    -10.000      0.000      0.000      9.227    -82.297
    15.000    -10.000      0.000      0.000     10.981    -82.761
    20.000    -10.000      0.000      0.000     12.937    -82.611
    25.000    -10.000      0.000      0.000     14.838    -84.912
    30.000    -10.000      0.000      0.000     16.305    -88.176
    35.000    -10.000      0.000      0.000     17.892    -93.034
    40.000    -10.000      0.000      0.000     18.978    -98.089
    45.000    -10.000      0.000      0.000     19.537   -100.938
    50.000    -10.000      0.000      0.000     19.327   -104.292
    55.000    -10.000      0.000      0.000     18.272   -107.965
    60.000    -10.000      0.000      0.000     16.524   -110.717
    65.000    -10.000      0.000      0.000     14.719   -114.099
    70.000    -10.000      0.078    119.943     12.673   -118.220
    75.000    -10.000      0.187    112.525     10.374   -121.961
    80.000    -10.000      0.242    108.361      7.922   -124.994
    85.000    -10.000      0.255    106.701      5.430   -128.336
    90.000    -10.000      0.232    108.871      2.976   -130.751
    95.000    -10.000      0.178    111.758      1.361   -137.213
   100.000    -10.000      0.116    112.093      0.705   -160.611
   105.000    -10.000      0.074    102.740      0.988   -141.093
   110.000    -10.000      0.060     72.131      1.959   -123.185
   115.000    -10.000      0.062     47.610      2.078   -119.564
   120.000    -10.000      0.059     34.411      1.918   -119.569
   125.000    -10.000      0.043     28.978      1.483   -122.672
   130.000    -10.000      0.018     26.476      0.956   -119.942
   135.000    -10.000      0.000      0.000      0.000      0.000
   140.000    -10.000      0.000      0.000      0.000      0.000
   145.000    -10.000      0.000      0.000      0.000      0.000
   -25.000     -5.000      0.000      0.000      0.000      0.000
   -20.000     -5.000      0.000      0.000      0.000      0.000
   -15.000     -5.000      0.000      0.000      0.000      0.000
   -10.000     -5.000      0.000      0.000      1.300    -83.707
    -5.000     -5.000      0.000      0.000      2.537    -81.901
     0.000     -5.000      0.000      0.000      4.105    -78.367
     5.000     -5.000      0.000      0.000      5.937    -76.417
    10.000     -5.000      0.000      0.000      7.801    -76.803
    15.000     -5.000      0.000      0.000      9.804    -77.892
    20.000     -5.000      0.000      0.000     11.953    -81.405
    25.000     -5.000      0.000      0.000     14.049    -84.941
    30.000     -5.000      0.000      0.000     15.180    -88.329
    35.000     -5.000      0.000      0.000     16.319    -93.481
    40.000     -5.000      0.000      0.000     17.614    -99.364
    45.000     -5.000      0.000      0.000     18.419   -102.798
    50.000     -5.000      0.000      0.000     18.029   -105.221
    55.000     -5.000      0.000      0.000     17.343   -108.389
    60.000     -5.000      0.000      0.000     15.830   -111.656
    65.000     -5.000      0.000      0.000     13.532   -115.620
    70.000     -5.000      0.068    113.317     11.488   -121.281
    75.000     -5.000      0.081    122.374      9.727   -125.615
    80.000     -5.000      0.096    134.421      7.898   -129.465
    85.000     -5.000      0.119    136.320      5.554   -132.762
    90.000     -5.000      0.138    132.467      3.539   -139.390
    95.000     -5.000      0.146    127.206      1.847   -155.711
   100.000     -5.000      0.147    121.522      1.152    171.941
   105.000     -5.000      0.153    110.456      1.189   -175.946
   110.000     -5.000      0.153     99.098      1.813   -153.930
   115.000     -5.000      0.139     91.678      2.300   -144.660
   120.000     -5.000      0.111     87.840      2.084   -142.491
   125.000     -5.000      0.080     80.603      1.601   -141.213
   130.000     -5.000      0.042     74.078      0.810   -130.497
   135.000     -5.000      0.000      0.000      0.000      0.000
   140.000     -5.000      0.000      0.000      0.000      0.000
   145.000     -5.000      0.000      0.000      0.000      0.000
   -25.000      0.000      0.000      0.000      0.000      0.000
   -20.000      0.000      0.000      0.000      0.000      0.000
   -15.000      0.000      0.000      0.000      0.000      0.000
   -10.000      0.000      0.000      0.000      0.606    -52.481
    -5.000      0.000      0.000      0.000      1.467    -50.247
     0.000      0.000      0.000      0.000      2.617    -53.073
     5.000      0.000      0.000      0.000      4.023    -58.153
    10.000      0.000      0.000      0.000      5.917    -66.862
    15.000      0.000      0.000      0.000      8.053    -71.320
    20.000      0.000      0.000      0.000      9.991    -77.823
    25.000      0.000      0.000      0.000     11.910    -84.651
    30.000      0.000      0.000      0.000     12.842    -89.053
    35.000      0.000      0.000      0.000     13.599    -94.572
    40.000      0.000      0.000      0.000     14.721   -100.082
    45.000      0.000      0.000      0.000     15.719   -103.913
    50.000      0.000      0.000      0.000     15.544   -106.209
    55.000      0.000      0.000      0.000     14.931   -108.337
    60.000      0.000      0.000      0.000     13.746   -111.317
    65.000      0.000      0.000      0.000     11.526   -116.280
    70.000      0.000      0.036     35.946      9.554   -121.946
    75.000      0.000      0.020      0.588      8.205   -128.319
    80.000      0.000      0.011    -79.186      6.691   -132.170
    85.000      0.000      0.031    171.512      5.106   -135.569
    90.000      0.000      0.075    146.387      3.498   -142.306
    95.000      0.000      0.108    135.226      2.159   -157.860
   100.000      0.000      0.132    130.124      1.428   -178.726
   105.000      0.000      0.147    131.306      1.364    170.157
   110.000      0.000      0.141    131.334      1.669   -179.252
   115.000      0.000      0.126    124.769      2.071   -162.972
   120.000      0.000      0.115    111.056      2.050   -158.236
   125.000      0.000      0.106     94.239      1.664   -150.752
   130.000      0.000      0.078     84.051      0.961   -146.409
   135.000      0.000      0.000      0.000      0.000      0.000
   140.000      0.000      0.000      0.000      0.000      0.000
   145.000      0.000      0.000      0.000      0.000      0.000
   -25.000      5.000      0.000      0.000      0.000      0.000
   -20.000      5.000      0.000      0.000      0.000      0.000
   -15.000      5.000      0.000      0.000      0.000      0.000
   -10.000      5.000      0.000      0.000      0.427     29.012
    -5.000      5.000      0.000      0.000      1.404      0.599
     0.000      5.000      0.000      0.000      2.247     -9.036
     5.000      5.000      0.000      0.000      2.907    -25.605
    10.000      5.000      0.000      0.000      4.009    -50.430
    15.000      5.000      0.000      0.000      5.925    -67.033
    20.000      5.000      0.000      0.000      7.536    -74.603
    25.000      5.000      0.000      0.000      8.638    -82.252
    30.000      5.000      0.000      0.000      9.306    -89.501
    35.000      5.000      0.000      0.000     10.001    -95.392
    40.000      5.000      0.000      0.000     10.569   -100.921
    45.000      5.000      0.000      0.000     11.218   -105.162
    50.000      5.000      0.000      0.000     11.510   -107.609
    55.000      5.000      0.000      0.000     10.874   -109.013
    60.000      5.000      0.000      0.000      9.670   -111.702
    65.000      5.000      0.000      0.000      8.199   -117.427
    70.000      5.000      0.030     -8.172      6.766   -123.134
    75.000      5.000      0.042     39.639      5.603   -129.263
    80.000      5.000      0.054     48.945      4.521   -135.249
    85.000      5.000      0.040     71.036      3.778   -138.819
    90.000      5.000      0.040    136.101      2.828   -142.869
    95.000      5.000      0.063    161.108      1.906   -158.484
   100.000      5.000      0.084    163.726      1.401   -179.606
   105.000      5.000      0.100    161.907      1.278    170.751
   110.000      5.000      0.104    162.640      1.297    166.582
   115.000      5.000      0.088    155.008      1.501   -178.576
   120.000      5.000      0.063    135.785      1.564   -165.406
   125.000      5.000      0.054    105.226      1.299   -160.116
   130.000      5.000      0.048     95.405      0.817   -156.539
   135.000      5.000      0.000      0.000      0.000      0.000
   140.000      5.000      0.000      0.000      0.000      0.000
   145.000      5.000      0.000      0.000      0.000      0.000
   -25.000     10.000      0.000      0.000      0.000      0.000
   -20.000     10.000      0.000      0.000      0.000      0.000
   -15.000     10.000      0.000      0.000      0.000      0.000
   -10.000     10.000      0.000      0.000      0.242      1.967
    -5.000     10.000      0.000      0.000      1.076      1.052
     0.000     10.000      0.000      0.000      1.578     -2.728
     5.000     10.000      0.000      0.000      1.807    -15.254
    10.000     10.000      0.000      0.000      2.040    -32.435
    15.000     10.000      0.000      0.000      3.140    -63.888
    20.000     10.000      0.000      0.000      4.123    -73.008
    25.000     10.000      0.000      0.000      4.601    -80.176
    30.000     10.000      0.000      0.000      5.239    -89.294
    35.000     10.000      0.000      0.000      5.578    -93.716
    40.000     10.000      0.000      0.000      5.962    -99.665
    45.000     10.000      0.000      0.000      6.056   -104.058
    50.000     10.000      0.000      0.000      5.964   -107.919
    55.000     10.000      0.000      0.000      5.595   -110.419
    60.000     10.000      0.000      0.000      4.988   -112.312
    65.000     10.000      0.000      0.000      4.303   -119.204
    70.000     10.000      0.006    -66.723      3.457   -127.036
    75.000     10.000      0.021     74.485      2.859   -132.316
    80.000     10.000      0.035     76.823      2.303   -138.021
    85.000     10.000      0.039     94.897      1.731   -147.617
    90.000     10.000      0.033    142.155      1.575   -146.700
    95.000     10.000      0.036   -175.115      1.052   -155.217
   100.000     10.000      0.029   -164.010      0.718   -179.611
   105.000     10.000      0.025   -161.719      0.701    160.908
   110.000     10.000      0.044   -152.998      0.760    171.264
   115.000     10.000      0.056   -149.926      0.792    169.487
   120.000     10.000      0.039   -151.019      0.848   -168.479
   125.000     10.000      0.008   -141.509      0.694   -175.400
   130.000     10.000      0.007    -52.890      0.435   -164.738
   135.000     10.000      0.000      0.000      0.000      0.000
   140.000     10.000      0.000      0.000      0.000      0.000
   145.000     10.000      0.000      0.000      0.000      0.000
   -25.000     15.000      0.000      0.000      0.000      0.000
   -20.000     15.000      0.000      0.000      0.000      0.000
   -15.000     15.000      0.000      0.000      0.000      0.000
   -10.000     15.000      0.000      0.000      0.000      0.000
    -5.000     15.000      0.000      0.000      0.000      0.000
     0.000     15.000      0.000      0.000      0.000      0.000
     5.000     15.000      0.000      0.000      0.000      0.000
    10.000     15.000      0.000      0.000      0.000      0.000
    15.000     15.000      0.000      0.000      0.000      0.000
    20.000     15.000      0.000      0.000      0.000      0.000
    25.000     15.000      0.000      0.000      0.000      0.000
    30.000     15.000      0.000      0.000      0.000      0.000
    35.000     15.000      0.000      0.000      0.000      0.000
    40.000     15.000      0.000      0.000      0.000      0.000
    45.000     15.000      0.000      0.000      0.000      0.000
    50.000     15.000      0.000      0.000      0.000      0.000
    55.000     15.000      0.000      0.000      0.000      0.000
    60.000     15.000      0.000      0.000      0.000      0.000
    65.000     15.000      0.000      0.000      0.000      0.000
    70.000     15.000      0.000      0.000      0.000      0.000
    75.000     15.000      0.000      0.000      0.000      0.000
    80.000     15.000      0.000      0.000      0.000      0.000
    85.000     15.000      0.000      0.000      0.000      0.000
    90.000     15.000      0.000      0.000      0.000      0.000
    95.000     15.000      0.000      0.000      0.000      0.000
   100.000     15.000      0.000      0.000      0.000      0.000
   105.000     15.000      0.000      0.000      0.000      0.000
   110.000     15.000      0.000      0.000      0.000      0.000
   115.000     15.000      0.000      0.000      0.000      0.000
   120.000     15.000      0.000      0.000      0.000      0.000
   125.000     15.000      0.000      0.000      0.000      0.000
   130.000     15.000      0.000      0.000      0.000      0.000
   135.000     15.000      0.000      0.000      0.000      0.000
   140.000     15.000      0.000      0.000      0.000      0.000
   145.000     15.000      0.000      0.000      0.000      0.000
   -25.000     20.000      0.000      0.000      0.000      0.000
   -20.000     20.000      0.000      0.000      0.000      0.000
   -15.000     20.000      0.000      0.000      0.000      0.000
   -10.000     20.000      0.000      0.000      0.000      0.000
    -5.000     20.000      0.000      0.000      0.000      0.000
     0.000     20.000      0.000      0.000      0.000      0.000
     5.000     20.000      0.000      0.000      0.000      0.000
    10.000     20.000      0.000      0.000      0.000      0.000
    15.000     20.000      0.000      0.000      0.000      0.000
    20.000     20.000      0.000      0.000      0.000      0.000
    25.000     20.000      0.000      0.000      0.000      0.000
    30.000     20.000      0.000      0.000      0.000      0.000
    35.000     20.000      0.000      0.000      0.000      0.000
    40.000     20.000      0.000      0.000      0.000      0.000
    45.000     20.000      0.000      0.000      0.000      0.000
    50.000     20.000      0.000      0.000      0.000      0.000
    55.000     20.000      0.000      0.000      0.000      0.000
    60.000     20.000      0.000      0.000      0.000      0.000
    65.000     20.000      0.000      0.000      0.000      0.000
    70.000     20.000      0.000      0.000      0.000      0.000
    75.000     20.000      0.000      0.000      0.000      0.000
    80.000     20.000      0.000      0.000      0.000      0.000
    85.000     20.000      0.000      0.000      0.000      0.000
    90.000     20.000      0.000      0.000      0.000      0.000
    95.000     20.000      0.000      0.000      0.000      0.000
   100.000     20.000      0.000      0.000      0.000      0.000
   105.000     20.000      0.000      0.000      0.000      0.000
   110.000     20.000      0.000      0.000      0.000      0.000
   115.000     20.000      0.000      0.000      0.000      0.000
   120.000     20.000      0.000      0.000      0.000      0.000
   125.000     20.000      0.000      0.000      0.000      0.000
   130.000     20.000      0.000      0.000      0.000      0.000
   135.000     20.000      0.000      0.000      0.000      0.000
   140.000     20.000      0.000      0.000      0.000      0.000
   145.000     20.000      0.000      0.000      0.000      0.000
   -25.000     25.000      0.000      0.000      0.000      0.000
   -20.000     25.000      0.000      0.000      0.000      0.000
   -15.000     25.000      0.000      0.000      0.000      0.000
   -10.000     25.000      0.000      0.000      0.000      0.000
    -5.000     25.000      0.000      0.000      0.000      0.000
     0.000     25.000      0.000      0.000      0.000      0.000
     5.000     25.000      0.000      0.000      0.000      0.000
    10.000     25.000      0.000      0.000      0.000      0.000
    15.000     25.000      0.000      0.000      0.000      0.000
    20.000     25.000      0.000      0.000      0.000      0.000
    25.000     25.000      0.000      0.000      0.000      0.000
    30.000     25.000      0.000      0.000      0.000      0.000
    35.000     25.000      0.000      0.000      0.000      0.000
    40.000     25.000      0.000      0.000      0.000      0.000
    45.000     25.000      0.000      0.000      0.000      0.000
    50.000     25.000      0.000      0.000      0.000      0.000
    55.000     25.000      0.000      0.000      0.000      0.000
    60.000     25.000      0.000      0.000      0.000      0.000
    65.000     25.000      0.000      0.000      0.000      0.000
    70.000     25.000      0.000      0.000      0.000      0.000
    75.000     25.000      0.000      0.000      0.000      0.000
    80.000     25.000      0.000      0.000      0.000      0.000
    85.000     25.000      0.000      0.000      0.000      0.000
    90.000     25.000      0.000      0.000      0.000      0.000
    95.000     25.000      0.000      0.000      0.000      0.000
   100.000     25.000      0.000      0.000      0.000      0.000
   105.000     25.000      0.000      0.000      0.000      0.000
   110.000     25.000      0.000      0.000      0.000      0.000
   115.000     25.000      0.000      0.000      0.000      0.000
   120.000     25.000      0.000      0.000      0.000      0.000
   125.000     25.000      0.000      0.000      0.000      0.000
   130.000     25.000      0.000      0.000      0.000      0.000
   135.000     25.000      0.000      0.000      0.000      0.000
   140.000     25.000      0.000      0.000      0.000      0.000
   145.000     25.000      0.000      0.000      0.000      0.000
