   -25.000    -65.000      0.000      0.000      0.000      0.000
   -20.000    -65.000      0.000      0.000      0.000      0.000
   -15.000    -65.000      0.000      0.000      0.000      0.000
   -10.000    -65.000      0.000      0.000      0.000      0.000
    -5.000    -65.000      0.000      0.000      0.000      0.000
     0.000    -65.000      0.000      0.000      0.000      0.000
     5.000    -65.000      0.000      0.000      0.000      0.000
    10.000    -65.000      0.000      0.000      0.000      0.000
    15.000    -65.000      0.000      0.000      0.000      0.000
    20.000    -65.000      0.000      0.000      0.000      0.000
    25.000    -65.000      0.000      0.000      0.000      0.000
    30.000    -65.000      0.000      0.000      0.000      0.000
    35.000    -65.000      0.000      0.000      0.000      0.000
    40.000    -65.000      0.000      0.000      0.000      0.000
    45.000    -65.000      0.000      0.000      0.000      0.000
    50.000    -65.000      0.000      0.000      0.000      0.000
    55.000    -65.000      0.000      0.000      0.000      0.000
    60.000    -65.000      0.000      0.000      0.000      0.000
    65.000    -65.000      0.000      0.000      0.000      0.000
    70.000    -65.000      0.000      0.000      0.000      0.000
    75.000    -65.000      0.000      0.000      0.000      0.000
    80.000    -65.000      0.000      0.000      0.000      0.000
    85.000    -65.000      0.000      0.000      0.000      0.000
    90.000    -65.000      0.000      0.000      0.000      0.000
    95.000    -65.000      0.000      0.000      0.000      0.000
   100.000    -65.000      0.000      0.000      0.000      0.000
   105.000    -65.000      0.000      0.000      0.000      0.000
   110.000    -65.000      0.000      0.000      0.000      0.000
   115.000    -65.000      0.000      0.000      0.000      0.000
   120.000    -65.000      0.000      0.000      0.000      0.000
   125.000    -65.000      0.000      0.000      0.000      0.000
   130.000    -65.000      0.000      0.000      0.000      0.000
   135.000    -65.000      0.000      0.000      0.000      0.000
   140.000    -65.000      0.000      0.000      0.000      0.000
   145.000    -65.000      0.000      0.000      0.000      0.000
   -25.000    -60.000      0.000      0.000      0.000      0.000
   -20.000    -60.000      0.000      0.000      0.000      0.000
   -15.000    -60.000      0.000      0.000      0.000      0.000
   -10.000    -60.000      0.000      0.000      0.000      0.000
    -5.000    -60.000      0.000      0.000      0.000      0.000
     0.000    -60.000      0.000      0.000      0.000      0.000
     5.000    -60.000      0.000      0.000      0.000      0.000
    10.000    -60.000      0.000      0.000      0.000      0.000
    15.000    -60.000      0.000      0.000      0.000      0.000
    20.000    -60.000      0.000      0.000      0.000      0.000
    25.000    -60.000      0.000      0.000      0.000      0.000
    30.000    -60.000      0.000      0.000      0.000      0.000
    35.000    -60.000      0.000      0.000      0.000      0.000
    40.000    -60.000      0.000      0.000      0.000      0.000
    45.000    -60.000      0.000      0.000      0.000      0.000
    50.000    -60.000      0.000      0.000      0.000      0.000
    55.000    -60.000      0.000      0.000      0.000      0.000
    60.000    -60.000      0.000      0.000      0.000      0.000
    65.000    -60.000      0.000      0.000      0.000      0.000
    70.000    -60.000      0.000      0.000      0.000      0.000
    75.000    -60.000      0.000      0.000      0.000      0.000
    80.000    -60.000      0.000      0.000      0.000      0.000
    85.000    -60.000      0.000      0.000      0.000      0.000
    90.000    -60.000      0.000      0.000      0.000      0.000
    95.000    -60.000      0.000      0.000      0.000      0.000
   100.000    -60.000      0.000      0.000      0.000      0.000
   105.000    -60.000      0.000      0.000      0.000      0.000
   110.000    -60.000      0.000      0.000      0.000      0.000
   115.000    -60.000      0.000      0.000      0.000      0.000
   120.000    -60.000      0.000      0.000      0.000      0.000
   125.000    -60.000      0.000      0.000      0.000      0.000
   130.000    -60.000      0.000      0.000      0.000      0.000
   135.000    -60.000      0.000      0.000      0.000      0.000
   140.000    -60.000      0.000      0.000      0.000      0.000
   145.000    -60.000      0.000      0.000      0.000      0.000
   -25.000    -55.000      0.000      0.000      0.000      0.000
   -20.000    -55.000      0.000      0.000      0.000      0.000
   -15.000    -55.000      0.000      0.000      0.000      0.000
   -10.000    -55.000      0.000      0.000      0.000      0.000
    -5.000    -55.000      0.000      0.000      0.000      0.000
     0.000    -55.000      0.000      0.000      0.000      0.000
     5.000    -55.000      0.000      0.000      0.000      0.000
    10.000    -55.000      0.000      0.000      0.000      0.000
    15.000    -55.000      0.000      0.000      0.000      0.000
    20.000    -55.000      0.000      0.000      0.000      0.000
    25.000    -55.000      0.000      0.000      0.000      0.000
    30.000    -55.000      0.000      0.000      0.000      0.000
    35.000    -55.000      0.000      0.000      0.000      0.000
    40.000    -55.000      0.000      0.000      0.000      0.000
    45.000    -55.000      0.000      0.000      0.000      0.000
    50.000    -55.000      0.000      0.000      0.000      0.000
    55.000    -55.000      0.000      0.000      0.000      0.000
    60.000    -55.000      0.000      0.000      0.000      0.000
    65.000    -55.000      0.000      0.000      0.000      0.000
    70.000    -55.000      0.000      0.000      0.000      0.000
    75.000    -55.000      0.000      0.000      0.000      0.000
    80.000    -55.000      0.000      0.000      0.000      0.000
    85.000    -55.000      0.000      0.000      0.000      0.000
    90.000    -55.000      0.000      0.000      0.000      0.000
    95.000    -55.000      0.000      0.000      0.000      0.000
   100.000    -55.000      0.000      0.000      0.000      0.000
   105.000    -55.000      0.000      0.000      0.000      0.000
   110.000    -55.000      0.000      0.000      0.000      0.000
   115.000    -55.000      0.000      0.000      0.000      0.000
   120.000    -55.000      0.000      0.000      0.000      0.000
   125.000    -55.000      0.000      0.000      0.000      0.000
   130.000    -55.000      0.000      0.000      0.000      0.000
   135.000    -55.000      0.000      0.000      0.000      0.000
   140.000    -55.000      0.000      0.000      0.000      0.000
   145.000    -55.000      0.000      0.000      0.000      0.000
   -25.000    -50.000      0.000      0.000      0.000      0.000
   -20.000    -50.000      0.000      0.000      0.000      0.000
   -15.000    -50.000      0.000      0.000      0.000      0.000
   -10.000    -50.000      0.032     16.311      0.251     58.353
    -5.000    -50.000      0.058     36.115      0.505     64.119
     0.000    -50.000      0.085     53.777      0.597     70.721
     5.000    -50.000      0.104     61.813      0.543     84.813
    10.000    -50.000      0.108     65.257      0.485    104.681
    15.000    -50.000      0.122     69.606      0.656    102.476
    20.000    -50.000      0.138     75.232      1.127     88.436
    25.000    -50.000      0.137     83.198      1.184     91.886
    30.000    -50.000      0.142     87.499      0.749     89.018
    35.000    -50.000      0.139     90.067      0.474     63.719
    40.000    -50.000      0.132     88.985      0.254     90.820
    45.000    -50.000      0.114     91.554      0.181     89.978
    50.000    -50.000      0.092     93.416      0.169    134.053
    55.000    -50.000      0.074     80.747      0.084     71.973
    60.000    -50.000      0.030    143.228      0.030    143.228
    65.000    -50.000      0.002    121.753      0.002    121.753
    70.000    -50.000      0.000      0.000      0.000      0.000
    75.000    -50.000      0.000      0.000      0.000      0.000
    80.000    -50.000      0.000      0.000      0.000      0.000
    85.000    -50.000      0.000      0.000      0.000      0.000
    90.000    -50.000      0.000      0.000      0.000      0.000
    95.000    -50.000      0.000      0.000      0.000      0.000
   100.000    -50.000      0.000      0.000      0.000      0.000
   105.000    -50.000      0.000      0.000      0.000      0.000
   110.000    -50.000      0.000      0.000      0.000      0.000
   115.000    -50.000      0.000      0.000      0.000      0.000
   120.000    -50.000      0.000      0.000      0.000      0.000
   125.000    -50.000      0.000      0.000      0.000      0.000
   130.000    -50.000      0.000      0.000      0.000      0.000
   135.000    -50.000      0.000      0.000      0.000      0.000
   140.000    -50.000      0.000      0.000      0.000      0.000
   145.000    -50.000      0.000      0.000      0.000      0.000
   -25.000    -45.000      0.000      0.000      0.000      0.000
   -20.000    -45.000      0.000      0.000      0.000      0.000
   -15.000    -45.000      0.000      0.000      0.000      0.000
   -10.000    -45.000      0.062     13.721      0.273   -178.623
    -5.000    -45.000      0.083     26.673      0.396   -169.945
     0.000    -45.000      0.091     44.330      0.359   -157.563
     5.000    -45.000      0.109     55.214      0.379   -147.525
    10.000    -45.000      0.127     58.649      0.404   -149.437
    15.000    -45.000      0.144     62.088      0.335    142.175
    20.000    -45.000      0.160     63.051      1.182     88.053
    25.000    -45.000      0.177     65.448      1.586     87.188
    30.000    -45.000      0.188     71.469      1.297     87.321
    35.000    -45.000      0.184     81.670      0.692     90.533
    40.000    -45.000      0.197     91.443      0.210    133.274
    45.000    -45.000      0.199    102.471      0.466    135.888
    50.000    -45.000      0.201    110.266      0.467    159.468
    55.000    -45.000      0.192    110.967      0.442    113.513
    60.000    -45.000      0.145    117.431      0.178    120.973
    65.000    -45.000      0.042    108.277      0.042    108.277
    70.000    -45.000      0.000      0.000      0.000      0.000
    75.000    -45.000      0.000      0.000      0.000      0.000
    80.000    -45.000      0.000      0.000      0.000      0.000
    85.000    -45.000      0.000      0.000      0.000      0.000
    90.000    -45.000      0.000      0.000      0.000      0.000
    95.000    -45.000      0.000      0.000      0.000      0.000
   100.000    -45.000      0.000      0.000      0.000      0.000
   105.000    -45.000      0.000      0.000      0.000      0.000
   110.000    -45.000      0.000      0.000      0.000      0.000
   115.000    -45.000      0.000      0.000      0.000      0.000
   120.000    -45.000      0.000      0.000      0.000      0.000
   125.000    -45.000      0.000      0.000      0.000      0.000
   130.000    -45.000      0.000      0.000      0.000      0.000
   135.000    -45.000      0.000      0.000      0.000      0.000
   140.000    -45.000      0.000      0.000      0.000      0.000
   145.000    -45.000      0.000      0.000      0.000      0.000
   -25.000    -40.000      0.000      0.000      0.000      0.000
   -20.000    -40.000      0.000      0.000      0.000      0.000
   -15.000    -40.000      0.000      0.000      0.000      0.000
   -10.000    -40.000      0.039     41.469      0.714   -140.223
    -5.000    -40.000      0.053     19.105      1.118   -148.111
     0.000    -40.000      0.082     19.212      1.518   -146.694
     5.000    -40.000      0.109     13.411      1.905   -138.969
    10.000    -40.000      0.135      8.490      1.978   -135.222
    15.000    -40.000      0.143     10.081      1.465   -146.717
    20.000    -40.000      0.130     10.156      0.822   -173.916
    25.000    -40.000      0.102     13.033      0.664    109.376
    30.000    -40.000      0.066     25.407      0.751    102.251
    35.000    -40.000      0.062     89.926      0.575    107.491
    40.000    -40.000      0.115    127.126      0.548    113.744
    45.000    -40.000      0.178    143.210      0.476    139.201
    50.000    -40.000      0.234    146.785      0.616    164.539
    55.000    -40.000      0.250    141.896      0.619    134.688
    60.000    -40.000      0.197    143.372      0.366    136.853
    65.000    -40.000      0.071   -178.473      0.090   -166.028
    70.000    -40.000      0.001     24.430      0.001     24.430
    75.000    -40.000      0.000      0.000      0.000      0.000
    80.000    -40.000      0.000      0.000      0.000      0.000
    85.000    -40.000      0.000      0.000      0.000      0.000
    90.000    -40.000      0.000      0.000      0.000      0.000
    95.000    -40.000      0.000      0.000      0.000      0.000
   100.000    -40.000      0.000      0.000      0.000      0.000
   105.000    -40.000      0.000      0.000      0.000      0.000
   110.000    -40.000      0.000      0.000      0.000      0.000
   115.000    -40.000      0.000      0.000      0.000      0.000
   120.000    -40.000      0.000      0.000      0.000      0.000
   125.000    -40.000      0.000      0.000      0.000      0.000
   130.000    -40.000      0.000      0.000      0.000      0.000
   135.000    -40.000      0.000      0.000      0.000      0.000
   140.000    -40.000      0.000      0.000      0.000      0.000
   145.000    -40.000      0.000      0.000      0.000      0.000
   -25.000    -35.000      0.000      0.000      0.000      0.000
   -20.000    -35.000      0.000      0.000      0.000      0.000
   -15.000    -35.000      0.000      0.000      0.000      0.000
   -10.000    -35.000      0.025     26.235      1.233   -142.583
    -5.000    -35.000      0.078     -5.349      2.078   -141.169
     0.000    -35.000      0.115    -11.704      2.789   -134.588
     5.000    -35.000      0.137    -16.092      3.383   -126.964
    10.000    -35.000      0.153    -16.278      3.380   -124.425
    15.000    -35.000      0.158    -18.786      2.614   -129.930
    20.000    -35.000      0.156    -22.631      2.058   -129.014
    25.000    -35.000      0.150    -32.811      1.127   -122.584
    30.000    -35.000      0.121    -49.145      0.703   -112.911
    35.000    -35.000      0.089    -89.930      0.573   -142.369
    40.000    -35.000      0.138   -135.525      0.551    177.611
    45.000    -35.000      0.207   -163.824      0.566   -159.405
    50.000    -35.000      0.280   -178.685      0.660    177.377
    55.000    -35.000      0.313    171.308      0.836    147.152
    60.000    -35.000      0.274    165.140      0.645    144.722
    65.000    -35.000      0.136    166.804      0.177    168.557
    70.000    -35.000      0.057     91.306      0.057     91.306
    75.000    -35.000      0.000      0.000      0.000      0.000
    80.000    -35.000      0.000      0.000      0.000      0.000
    85.000    -35.000      0.000      0.000      0.000      0.000
    90.000    -35.000      0.000      0.000      0.000      0.000
    95.000    -35.000      0.000      0.000      0.000      0.000
   100.000    -35.000      0.000      0.000      0.000      0.000
   105.000    -35.000      0.000      0.000      0.000      0.000
   110.000    -35.000      0.000      0.000      0.000      0.000
   115.000    -35.000      0.000      0.000      0.000      0.000
   120.000    -35.000      0.000      0.000      0.000      0.000
   125.000    -35.000      0.000      0.000      0.000      0.000
   130.000    -35.000      0.000      0.000      0.000      0.000
   135.000    -35.000      0.000      0.000      0.000      0.000
   140.000    -35.000      0.000      0.000      0.000      0.000
   145.000    -35.000      0.000      0.000      0.000      0.000
   -25.000    -30.000      0.000      0.000      0.000      0.000
   -20.000    -30.000      0.000      0.000      0.000      0.000
   -15.000    -30.000      0.000      0.000      0.000      0.000
   -10.000    -30.000      0.040    -84.774      1.543   -148.040
    -5.000    -30.000      0.071    -62.530      2.598   -141.562
     0.000    -30.000      0.114    -46.425      3.597   -129.912
     5.000    -30.000      0.160    -41.028      4.506   -121.104
    10.000    -30.000      0.198    -39.532      4.662   -117.116
    15.000    -30.000      0.216    -42.865      4.053   -115.650
    20.000    -30.000      0.230    -53.695      3.219   -111.237
    25.000    -30.000      0.243    -62.728      2.653   -107.932
    30.000    -30.000      0.266    -75.957      2.054   -106.901
    35.000    -30.000      0.289    -89.602      2.023   -102.522
    40.000    -30.000      0.302   -104.590      1.169   -114.237
    45.000    -30.000      0.305   -123.639      0.846   -126.585
    50.000    -30.000      0.314   -148.018      0.895   -156.239
    55.000    -30.000      0.342   -171.018      1.046    178.076
    60.000    -30.000      0.351    174.742      1.075    162.057
    65.000    -30.000      0.278    170.497      0.550    167.935
    70.000    -30.000      0.127    141.446      0.195    135.393
    75.000    -30.000      0.001   -171.607      0.001   -171.607
    80.000    -30.000      0.000      0.000      0.000      0.000
    85.000    -30.000      0.000      0.000      0.000      0.000
    90.000    -30.000      0.000      0.000      0.000      0.000
    95.000    -30.000      0.000      0.000      0.000      0.000
   100.000    -30.000      0.000      0.000      0.000      0.000
   105.000    -30.000      0.000      0.000      0.000      0.000
   110.000    -30.000      0.000      0.000      0.000      0.000
   115.000    -30.000      0.000      0.000      0.000      0.000
   120.000    -30.000      0.000      0.000      0.000      0.000
   125.000    -30.000      0.000      0.000      0.000      0.000
   130.000    -30.000      0.000      0.000      0.000      0.000
   135.000    -30.000      0.000      0.000      0.000      0.000
   140.000    -30.000      0.000      0.000      0.000      0.000
   145.000    -30.000      0.000      0.000      0.000      0.000
   -25.000    -25.000      0.000      0.000      0.000      0.000
   -20.000    -25.000      0.000      0.000      0.000      0.000
   -15.000    -25.000      0.000      0.000      0.000      0.000
   -10.000    -25.000      0.045   -141.528      1.829   -149.243
    -5.000    -25.000      0.078   -135.344      3.227   -140.348
     0.000    -25.000      0.115   -109.235      4.239   -128.791
     5.000    -25.000      0.183    -88.925      4.943   -118.236
    10.000    -25.000      0.271    -79.093      5.011   -112.122
    15.000    -25.000      0.348    -73.428      4.742   -108.795
    20.000    -25.000      0.408    -71.635      4.133   -101.809
    25.000    -25.000      0.439    -73.043      3.958    -99.044
    30.000    -25.000      0.445    -77.769      3.552    -95.866
    35.000    -25.000      0.434    -86.066      3.322    -92.533
    40.000    -25.000      0.401    -96.421      2.590    -93.734
    45.000    -25.000      0.345   -114.009      1.794    -93.961
    50.000    -25.000      0.320   -140.095      1.185   -121.202
    55.000    -25.000      0.354   -167.001      1.079   -164.245
    60.000    -25.000      0.407    179.698      1.244    174.447
    65.000    -25.000      0.378    177.148      0.972   -175.620
    70.000    -25.000      0.212   -179.331      0.264    179.093
    75.000    -25.000      0.001    -94.227      0.001    -94.227
    80.000    -25.000      0.000      0.000      0.000      0.000
    85.000    -25.000      0.000      0.000      0.000      0.000
    90.000    -25.000      0.000      0.000      0.000      0.000
    95.000    -25.000      0.000      0.000      0.000      0.000
   100.000    -25.000      0.000      0.000      0.000      0.000
   105.000    -25.000      0.000      0.000      0.000      0.000
   110.000    -25.000      0.000      0.000      0.000      0.000
   115.000    -25.000      0.000      0.000      0.000      0.000
   120.000    -25.000      0.000      0.000      0.000      0.000
   125.000    -25.000      0.000      0.000      0.000      0.000
   130.000    -25.000      0.000      0.000      0.000      0.000
   135.000    -25.000      0.000      0.000      0.000      0.000
   140.000    -25.000      0.000      0.000      0.000      0.000
   145.000    -25.000      0.000      0.000      0.000      0.000
   -25.000    -20.000      0.000      0.000      0.000      0.000
   -20.000    -20.000      0.000      0.000      0.000      0.000
   -15.000    -20.000      0.000      0.000      0.000      0.000
   -10.000    -20.000      0.116   -170.343      1.685   -133.034
    -5.000    -20.000      0.163   -154.759      3.074   -131.801
     0.000    -20.000      0.196   -135.511      4.060   -125.216
     5.000    -20.000      0.241   -115.452      4.666   -116.107
    10.000    -20.000      0.323    -99.366      4.845   -108.146
    15.000    -20.000      0.419    -89.433      4.616   -101.366
    20.000    -20.000      0.518    -83.430      4.442    -90.021
    25.000    -20.000      0.591    -80.420      4.634    -86.447
    30.000    -20.000      0.621    -80.585      4.776    -84.900
    35.000    -20.000      0.621    -84.600      4.610    -83.844
    40.000    -20.000      0.568    -91.794      3.939    -82.433
    45.000    -20.000      0.485   -104.054      3.228    -82.097
    50.000    -20.000      0.426   -124.464      1.914    -97.817
    55.000    -20.000      0.419   -149.053      1.045   -122.989
    60.000    -20.000      0.437   -166.573      0.913   -178.440
    65.000    -20.000      0.417   -172.702      0.881    173.453
    70.000    -20.000      0.296   -166.412      0.505   -156.024
    75.000    -20.000      0.087    146.150      0.087    146.150
    80.000    -20.000      0.000      0.000      0.000      0.000
    85.000    -20.000      0.000      0.000      0.000      0.000
    90.000    -20.000      0.000      0.000      0.000      0.000
    95.000    -20.000      0.000      0.000      0.000      0.000
   100.000    -20.000      0.000      0.000      0.000      0.000
   105.000    -20.000      0.000      0.000      0.000      0.000
   110.000    -20.000      0.000      0.000      0.000      0.000
   115.000    -20.000      0.000      0.000      0.000      0.000
   120.000    -20.000      0.000      0.000      0.000      0.000
   125.000    -20.000      0.000      0.000      0.000      0.000
   130.000    -20.000      0.000      0.000      0.000      0.000
   135.000    -20.000      0.000      0.000      0.000      0.000
   140.000    -20.000      0.000      0.000      0.000      0.000
   145.000    -20.000      0.000      0.000      0.000      0.000
   -25.000    -15.000      0.000      0.000      0.000      0.000
   -20.000    -15.000      0.000      0.000      0.000      0.000
   -15.000    -15.000      0.000      0.000      0.000      0.000
   -10.000    -15.000      0.129   -142.502      1.307   -117.720
    -5.000    -15.000      0.212   -134.204      2.461   -113.626
     0.000    -15.000      0.266   -125.249      3.307   -108.097
     5.000    -15.000      0.321   -114.266      3.874   -101.605
    10.000    -15.000      0.405   -104.943      4.166    -95.163
    15.000    -15.000      0.491    -98.234      4.216    -87.137
    20.000    -15.000      0.592    -93.313      4.503    -78.013
    25.000    -15.000      0.694    -90.715      4.779    -74.681
    30.000    -15.000      0.761    -90.022      5.322    -75.355
    35.000    -15.000      0.785    -91.092      5.569    -77.842
    40.000    -15.000      0.768    -94.171      4.921    -81.420
    45.000    -15.000      0.694    -99.208      4.101    -80.094
    50.000    -15.000      0.609   -107.072      3.173    -86.574
    55.000    -15.000      0.500   -118.764      1.616    -96.687
    60.000    -15.000      0.409   -133.277      0.832   -123.169
    65.000    -15.000      0.354   -144.690      0.474   -161.033
    70.000    -15.000      0.277   -146.529      0.419   -144.477
    75.000    -15.000      0.069    179.471      0.069    179.471
    80.000    -15.000      0.000      0.000      0.000      0.000
    85.000    -15.000      0.000      0.000      0.000      0.000
    90.000    -15.000      0.000      0.000      0.000      0.000
    95.000    -15.000      0.000      0.000      0.000      0.000
   100.000    -15.000      0.000      0.000      0.000      0.000
   105.000    -15.000      0.000      0.000      0.000      0.000
   110.000    -15.000      0.000      0.000      0.000      0.000
   115.000    -15.000      0.000      0.000      0.000      0.000
   120.000    -15.000      0.000      0.000      0.000      0.000
   125.000    -15.000      0.000      0.000      0.000      0.000
   130.000    -15.000      0.000      0.000      0.000      0.000
   135.000    -15.000      0.000      0.000      0.000      0.000
   140.000    -15.000      0.000      0.000      0.000      0.000
   145.000    -15.000      0.000      0.000      0.000      0.000
   -25.000    -10.000      0.000      0.000      0.000      0.000
   -20.000    -10.000      0.000      0.000      0.000      0.000
   -15.000    -10.000      0.000      0.000      0.000      0.000
   -10.000    -10.000      0.118   -116.050      0.676    -99.245
    -5.000    -10.000      0.223   -116.573      1.461    -86.027
     0.000    -10.000      0.322   -113.733      2.228    -78.120
     5.000    -10.000      0.429   -110.182      3.079    -72.611
    10.000    -10.000      0.524   -107.466      3.756    -71.327
    15.000    -10.000      0.610   -105.230      4.007    -67.976
    20.000    -10.000      0.685   -103.249      4.555    -63.220
    25.000    -10.000      0.740   -100.471      5.073    -62.943
    30.000    -10.000      0.794    -97.433      5.388    -64.457
    35.000    -10.000      0.828    -95.750      5.675    -70.596
    40.000    -10.000      0.831    -95.038      5.431    -78.431
    45.000    -10.000      0.790    -95.420      4.908    -81.040
    50.000    -10.000      0.711    -96.895      3.730    -84.501
    55.000    -10.000      0.601   -100.287      2.468    -90.330
    60.000    -10.000      0.472   -105.567      1.309    -91.390
    65.000    -10.000      0.354   -113.863      0.716   -104.609
    70.000    -10.000      0.251   -123.603      0.374   -121.890
    75.000    -10.000      0.112   -131.922      0.112   -131.922
    80.000    -10.000      0.002   -165.695      0.002   -165.695
    85.000    -10.000      0.000      0.000      0.000      0.000
    90.000    -10.000      0.000      0.000      0.000      0.000
    95.000    -10.000      0.000      0.000      0.000      0.000
   100.000    -10.000      0.000      0.000      0.000      0.000
   105.000    -10.000      0.000      0.000      0.000      0.000
   110.000    -10.000      0.000      0.000      0.000      0.000
   115.000    -10.000      0.000      0.000      0.000      0.000
   120.000    -10.000      0.000      0.000      0.000      0.000
   125.000    -10.000      0.000      0.000      0.000      0.000
   130.000    -10.000      0.000      0.000      0.000      0.000
   135.000    -10.000      0.000      0.000      0.000      0.000
   140.000    -10.000      0.000      0.000      0.000      0.000
   145.000    -10.000      0.000      0.000      0.000      0.000
   -25.000     -5.000      0.000      0.000      0.000      0.000
   -20.000     -5.000      0.000      0.000      0.000      0.000
   -15.000     -5.000      0.000      0.000      0.000      0.000
   -10.000     -5.000      0.093   -108.651      0.560    -10.033
    -5.000     -5.000      0.208   -118.640      1.131    -23.023
     0.000     -5.000      0.336   -118.627      1.933    -30.180
     5.000     -5.000      0.461   -114.952      2.851    -37.142
    10.000     -5.000      0.576   -111.085      3.563    -42.724
    15.000     -5.000      0.672   -107.170      4.097    -44.430
    20.000     -5.000      0.760   -103.695      4.710    -51.585
    25.000     -5.000      0.820   -100.859      5.336    -56.475
    30.000     -5.000      0.860    -98.553      5.440    -58.683
    35.000     -5.000      0.874    -96.495      5.460    -65.542
    40.000     -5.000      0.869    -94.838      5.156    -75.095
    45.000     -5.000      0.835    -93.474      4.791    -81.558
    50.000     -5.000      0.760    -92.629      3.655    -82.760
    55.000     -5.000      0.646    -93.153      2.689    -86.426
    60.000     -5.000      0.490    -94.579      1.700    -89.249
    65.000     -5.000      0.300    -99.295      0.731    -85.217
    70.000     -5.000      0.130   -113.590      0.152   -115.840
    75.000     -5.000      0.022   -124.444      0.022   -124.444
    80.000     -5.000      0.005   -138.723      0.005   -138.723
    85.000     -5.000      0.000      0.000      0.000      0.000
    90.000     -5.000      0.000      0.000      0.000      0.000
    95.000     -5.000      0.000      0.000      0.000      0.000
   100.000     -5.000      0.000      0.000      0.000      0.000
   105.000     -5.000      0.000      0.000      0.000      0.000
   110.000     -5.000      0.000      0.000      0.000      0.000
   115.000     -5.000      0.000      0.000      0.000      0.000
   120.000     -5.000      0.000      0.000      0.000      0.000
   125.000     -5.000      0.000      0.000      0.000      0.000
   130.000     -5.000      0.000      0.000      0.000      0.000
   135.000     -5.000      0.000      0.000      0.000      0.000
   140.000     -5.000      0.000      0.000      0.000      0.000
   145.000     -5.000      0.000      0.000      0.000      0.000
   -25.000      0.000      0.000      0.000      0.000      0.000
   -20.000      0.000      0.000      0.000      0.000      0.000
   -15.000      0.000      0.000      0.000      0.000      0.000
   -10.000      0.000      0.101   -130.115      0.867     27.642
    -5.000      0.000      0.208   -131.949      1.775     18.273
     0.000      0.000      0.306   -127.677      2.586      9.540
     5.000      0.000      0.401   -120.620      3.221     -1.018
    10.000      0.000      0.497   -113.829      3.634    -17.138
    15.000      0.000      0.590   -107.813      4.203    -27.696
    20.000      0.000      0.686   -103.227      4.486    -38.597
    25.000      0.000      0.756    -99.636      4.809    -51.439
    30.000      0.000      0.802    -97.047      4.905    -57.103
    35.000      0.000      0.817    -95.234      4.741    -63.736
    40.000      0.000      0.806    -94.058      4.628    -72.512
    45.000      0.000      0.766    -92.641      4.361    -81.118
    50.000      0.000      0.691    -91.475      3.558    -83.894
    55.000      0.000      0.582    -90.512      2.804    -84.266
    60.000      0.000      0.438    -88.650      2.104    -85.430
    65.000      0.000      0.270    -85.895      0.948    -83.819
    70.000      0.000      0.101    -82.598      0.252    -68.622
    75.000      0.000      0.073   -162.760      0.073   -162.760
    80.000      0.000      0.001   -176.281      0.001   -176.281
    85.000      0.000      0.000      0.000      0.000      0.000
    90.000      0.000      0.000      0.000      0.000      0.000
    95.000      0.000      0.000      0.000      0.000      0.000
   100.000      0.000      0.000      0.000      0.000      0.000
   105.000      0.000      0.000      0.000      0.000      0.000
   110.000      0.000      0.000      0.000      0.000      0.000
   115.000      0.000      0.000      0.000      0.000      0.000
   120.000      0.000      0.000      0.000      0.000      0.000
   125.000      0.000      0.000      0.000      0.000      0.000
   130.000      0.000      0.000      0.000      0.000      0.000
   135.000      0.000      0.000      0.000      0.000      0.000
   140.000      0.000      0.000      0.000      0.000      0.000
   145.000      0.000      0.000      0.000      0.000      0.000
   -25.000      5.000      0.000      0.000      0.000      0.000
   -20.000      5.000      0.000      0.000      0.000      0.000
   -15.000      5.000      0.000      0.000      0.000      0.000
   -10.000      5.000      0.103   -148.907      1.050     47.557
    -5.000      5.000      0.191   -138.471      2.407     31.649
     0.000      5.000      0.260   -130.511      3.383     24.557
     5.000      5.000      0.331   -123.086      3.746     15.672
    10.000      5.000      0.395   -117.017      3.579      1.174
    15.000      5.000      0.455   -110.927      3.591    -21.598
    20.000      5.000      0.519   -105.018      3.863    -34.304
    25.000      5.000      0.573    -99.906      3.858    -46.891
    30.000      5.000      0.608    -96.261      3.810    -56.628
    35.000      5.000      0.630    -93.987      3.752    -63.925
    40.000      5.000      0.617    -92.225      3.454    -70.929
    45.000      5.000      0.588    -90.701      3.180    -79.758
    50.000      5.000      0.537    -88.539      2.930    -86.390
    55.000      5.000      0.464    -85.979      2.292    -86.824
    60.000      5.000      0.368    -83.024      1.540    -82.699
    65.000      5.000      0.251    -81.257      0.758    -86.525
    70.000      5.000      0.121    -76.415      0.191    -80.003
    75.000      5.000      0.028    -54.630      0.028    -54.630
    80.000      5.000      0.004     59.104      0.004     59.104
    85.000      5.000      0.000      0.000      0.000      0.000
    90.000      5.000      0.000      0.000      0.000      0.000
    95.000      5.000      0.000      0.000      0.000      0.000
   100.000      5.000      0.000      0.000      0.000      0.000
   105.000      5.000      0.000      0.000      0.000      0.000
   110.000      5.000      0.000      0.000      0.000      0.000
   115.000      5.000      0.000      0.000      0.000      0.000
   120.000      5.000      0.000      0.000      0.000      0.000
   125.000      5.000      0.000      0.000      0.000      0.000
   130.000      5.000      0.000      0.000      0.000      0.000
   135.000      5.000      0.000      0.000      0.000      0.000
   140.000      5.000      0.000      0.000      0.000      0.000
   145.000      5.000      0.000      0.000      0.000      0.000
   -25.000     10.000      0.000      0.000      0.000      0.000
   -20.000     10.000      0.000      0.000      0.000      0.000
   -15.000     10.000      0.000      0.000      0.000      0.000
   -10.000     10.000      0.069   -168.412      0.647     41.069
    -5.000     10.000      0.122   -147.215      1.675     31.521
     0.000     10.000      0.179   -132.490      2.341     25.938
     5.000     10.000      0.228   -122.547      2.528     19.242
    10.000     10.000      0.266   -113.734      2.334     10.742
    15.000     10.000      0.297   -107.588      2.129    -18.087
    20.000     10.000      0.318   -103.105      2.222    -33.611
    25.000     10.000      0.333    -99.709      2.208    -43.141
    30.000     10.000      0.346    -95.577      2.331    -58.575
    35.000     10.000      0.359    -90.600      2.359    -62.581
    40.000     10.000      0.347    -85.677      2.290    -71.799
    45.000     10.000      0.330    -82.982      1.914    -76.872
    50.000     10.000      0.293    -83.384      1.513    -85.148
    55.000     10.000      0.243    -88.305      1.254    -91.865
    60.000     10.000      0.179    -94.620      0.825    -85.951
    65.000     10.000      0.104   -102.999      0.413   -100.418
    70.000     10.000      0.027   -151.586      0.097    143.543
    75.000     10.000      0.033    109.234      0.033    109.234
    80.000     10.000      0.001    147.790      0.001    147.790
    85.000     10.000      0.000      0.000      0.000      0.000
    90.000     10.000      0.000      0.000      0.000      0.000
    95.000     10.000      0.000      0.000      0.000      0.000
   100.000     10.000      0.000      0.000      0.000      0.000
   105.000     10.000      0.000      0.000      0.000      0.000
   110.000     10.000      0.000      0.000      0.000      0.000
   115.000     10.000      0.000      0.000      0.000      0.000
   120.000     10.000      0.000      0.000      0.000      0.000
   125.000     10.000      0.000      0.000      0.000      0.000
   130.000     10.000      0.000      0.000      0.000      0.000
   135.000     10.000      0.000      0.000      0.000      0.000
   140.000     10.000      0.000      0.000      0.000      0.000
   145.000     10.000      0.000      0.000      0.000      0.000
   -25.000     15.000      0.000      0.000      0.000      0.000
   -20.000     15.000      0.000      0.000      0.000      0.000
   -15.000     15.000      0.000      0.000      0.000      0.000
   -10.000     15.000      0.000      0.000      0.000      0.000
    -5.000     15.000      0.000      0.000      0.000      0.000
     0.000     15.000      0.000      0.000      0.000      0.000
     5.000     15.000      0.000      0.000      0.000      0.000
    10.000     15.000      0.000      0.000      0.000      0.000
    15.000     15.000      0.000      0.000      0.000      0.000
    20.000     15.000      0.000      0.000      0.000      0.000
    25.000     15.000      0.000      0.000      0.000      0.000
    30.000     15.000      0.000      0.000      0.000      0.000
    35.000     15.000      0.000      0.000      0.000      0.000
    40.000     15.000      0.000      0.000      0.000      0.000
    45.000     15.000      0.000      0.000      0.000      0.000
    50.000     15.000      0.000      0.000      0.000      0.000
    55.000     15.000      0.000      0.000      0.000      0.000
    60.000     15.000      0.000      0.000      0.000      0.000
    65.000     15.000      0.000      0.000      0.000      0.000
    70.000     15.000      0.000      0.000      0.000      0.000
    75.000     15.000      0.000      0.000      0.000      0.000
    80.000     15.000      0.000      0.000      0.000      0.000
    85.000     15.000      0.000      0.000      0.000      0.000
    90.000     15.000      0.000      0.000      0.000      0.000
    95.000     15.000      0.000      0.000      0.000      0.000
   100.000     15.000      0.000      0.000      0.000      0.000
   105.000     15.000      0.000      0.000      0.000      0.000
   110.000     15.000      0.000      0.000      0.000      0.000
   115.000     15.000      0.000      0.000      0.000      0.000
   120.000     15.000      0.000      0.000      0.000      0.000
   125.000     15.000      0.000      0.000      0.000      0.000
   130.000     15.000      0.000      0.000      0.000      0.000
   135.000     15.000      0.000      0.000      0.000      0.000
   140.000     15.000      0.000      0.000      0.000      0.000
   145.000     15.000      0.000      0.000      0.000      0.000
   -25.000     20.000      0.000      0.000      0.000      0.000
   -20.000     20.000      0.000      0.000      0.000      0.000
   -15.000     20.000      0.000      0.000      0.000      0.000
   -10.000     20.000      0.000      0.000      0.000      0.000
    -5.000     20.000      0.000      0.000      0.000      0.000
     0.000     20.000      0.000      0.000      0.000      0.000
     5.000     20.000      0.000      0.000      0.000      0.000
    10.000     20.000      0.000      0.000      0.000      0.000
    15.000     20.000      0.000      0.000      0.000      0.000
    20.000     20.000      0.000      0.000      0.000      0.000
    25.000     20.000      0.000      0.000      0.000      0.000
    30.000     20.000      0.000      0.000      0.000      0.000
    35.000     20.000      0.000      0.000      0.000      0.000
    40.000     20.000      0.000      0.000      0.000      0.000
    45.000     20.000      0.000      0.000      0.000      0.000
    50.000     20.000      0.000      0.000      0.000      0.000
    55.000     20.000      0.000      0.000      0.000      0.000
    60.000     20.000      0.000      0.000      0.000      0.000
    65.000     20.000      0.000      0.000      0.000      0.000
    70.000     20.000      0.000      0.000      0.000      0.000
    75.000     20.000      0.000      0.000      0.000      0.000
    80.000     20.000      0.000      0.000      0.000      0.000
    85.000     20.000      0.000      0.000      0.000      0.000
    90.000     20.000      0.000      0.000      0.000      0.000
    95.000     20.000      0.000      0.000      0.000      0.000
   100.000     20.000      0.000      0.000      0.000      0.000
   105.000     20.000      0.000      0.000      0.000      0.000
   110.000     20.000      0.000      0.000      0.000      0.000
   115.000     20.000      0.000      0.000      0.000      0.000
   120.000     20.000      0.000      0.000      0.000      0.000
   125.000     20.000      0.000      0.000      0.000      0.000
   130.000     20.000      0.000      0.000      0.000      0.000
   135.000     20.000      0.000      0.000      0.000      0.000
   140.000     20.000      0.000      0.000      0.000      0.000
   145.000     20.000      0.000      0.000      0.000      0.000
   -25.000     25.000      0.000      0.000      0.000      0.000
   -20.000     25.000      0.000      0.000      0.000      0.000
   -15.000     25.000      0.000      0.000      0.000      0.000
   -10.000     25.000      0.000      0.000      0.000      0.000
    -5.000     25.000      0.000      0.000      0.000      0.000
     0.000     25.000      0.000      0.000      0.000      0.000
     5.000     25.000      0.000      0.000      0.000      0.000
    10.000     25.000      0.000      0.000      0.000      0.000
    15.000     25.000      0.000      0.000      0.000      0.000
    20.000     25.000      0.000      0.000      0.000      0.000
    25.000     25.000      0.000      0.000      0.000      0.000
    30.000     25.000      0.000      0.000      0.000      0.000
    35.000     25.000      0.000      0.000      0.000      0.000
    40.000     25.000      0.000      0.000      0.000      0.000
    45.000     25.000      0.000      0.000      0.000      0.000
    50.000     25.000      0.000      0.000      0.000      0.000
    55.000     25.000      0.000      0.000      0.000      0.000
    60.000     25.000      0.000      0.000      0.000      0.000
    65.000     25.000      0.000      0.000      0.000      0.000
    70.000     25.000      0.000      0.000      0.000      0.000
    75.000     25.000      0.000      0.000      0.000      0.000
    80.000     25.000      0.000      0.000      0.000      0.000
    85.000     25.000      0.000      0.000      0.000      0.000
    90.000     25.000      0.000      0.000      0.000      0.000
    95.000     25.000      0.000      0.000      0.000      0.000
   100.000     25.000      0.000      0.000      0.000      0.000
   105.000     25.000      0.000      0.000      0.000      0.000
   110.000     25.000      0.000      0.000      0.000      0.000
   115.000     25.000      0.000      0.000      0.000      0.000
   120.000     25.000      0.000      0.000      0.000      0.000
   125.000     25.000      0.000      0.000      0.000      0.000
   130.000     25.000      0.000      0.000      0.000      0.000
   135.000     25.000      0.000      0.000      0.000      0.000
   140.000     25.000      0.000      0.000      0.000      0.000
   145.000     25.000      0.000      0.000      0.000      0.000
