   -25.000    -65.000      0.000      0.000      0.000      0.000
   -20.000    -65.000      0.000      0.000      0.000      0.000
   -15.000    -65.000      0.000      0.000      0.000      0.000
   -10.000    -65.000      0.000      0.000      0.000      0.000
    -5.000    -65.000      0.000      0.000      0.000      0.000
     0.000    -65.000      0.000      0.000      0.000      0.000
     5.000    -65.000      0.000      0.000      0.000      0.000
    10.000    -65.000      0.000      0.000      0.000      0.000
    15.000    -65.000      0.000      0.000      0.000      0.000
    20.000    -65.000      0.000      0.000      0.000      0.000
    25.000    -65.000      0.000      0.000      0.000      0.000
    30.000    -65.000      0.000      0.000      0.000      0.000
    35.000    -65.000      0.000      0.000      0.000      0.000
    40.000    -65.000      0.000      0.000      0.000      0.000
    45.000    -65.000      0.000      0.000      0.000      0.000
    50.000    -65.000      0.000      0.000      0.000      0.000
    55.000    -65.000      0.000      0.000      0.000      0.000
    60.000    -65.000      0.000      0.000      0.000      0.000
    65.000    -65.000      0.000      0.000      0.000      0.000
    70.000    -65.000      0.000      0.000      0.000      0.000
    75.000    -65.000      0.000      0.000      0.000      0.000
    80.000    -65.000      0.000      0.000      0.000      0.000
    85.000    -65.000      0.000      0.000      0.000      0.000
    90.000    -65.000      0.000      0.000      0.000      0.000
    95.000    -65.000      0.000      0.000      0.000      0.000
   100.000    -65.000      0.000      0.000      0.000      0.000
   105.000    -65.000      0.000      0.000      0.000      0.000
   110.000    -65.000      0.000      0.000      0.000      0.000
   115.000    -65.000      0.000      0.000      0.000      0.000
   120.000    -65.000      0.000      0.000      0.000      0.000
   125.000    -65.000      0.000      0.000      0.000      0.000
   130.000    -65.000      0.000      0.000      0.000      0.000
   135.000    -65.000      0.000      0.000      0.000      0.000
   140.000    -65.000      0.000      0.000      0.000      0.000
   145.000    -65.000      0.000      0.000      0.000      0.000
   -25.000    -60.000      0.000      0.000      0.000      0.000
   -20.000    -60.000      0.000      0.000      0.000      0.000
   -15.000    -60.000      0.000      0.000      0.000      0.000
   -10.000    -60.000      0.000      0.000      0.000      0.000
    -5.000    -60.000      0.000      0.000      0.000      0.000
     0.000    -60.000      0.000      0.000      0.000      0.000
     5.000    -60.000      0.000      0.000      0.000      0.000
    10.000    -60.000      0.000      0.000      0.000      0.000
    15.000    -60.000      0.000      0.000      0.000      0.000
    20.000    -60.000      0.000      0.000      0.000      0.000
    25.000    -60.000      0.000      0.000      0.000      0.000
    30.000    -60.000      0.000      0.000      0.000      0.000
    35.000    -60.000      0.000      0.000      0.000      0.000
    40.000    -60.000      0.000      0.000      0.000      0.000
    45.000    -60.000      0.000      0.000      0.000      0.000
    50.000    -60.000      0.000      0.000      0.000      0.000
    55.000    -60.000      0.000      0.000      0.000      0.000
    60.000    -60.000      0.000      0.000      0.000      0.000
    65.000    -60.000      0.000      0.000      0.000      0.000
    70.000    -60.000      0.000      0.000      0.000      0.000
    75.000    -60.000      0.000      0.000      0.000      0.000
    80.000    -60.000      0.000      0.000      0.000      0.000
    85.000    -60.000      0.000      0.000      0.000      0.000
    90.000    -60.000      0.000      0.000      0.000      0.000
    95.000    -60.000      0.000      0.000      0.000      0.000
   100.000    -60.000      0.000      0.000      0.000      0.000
   105.000    -60.000      0.000      0.000      0.000      0.000
   110.000    -60.000      0.000      0.000      0.000      0.000
   115.000    -60.000      0.000      0.000      0.000      0.000
   120.000    -60.000      0.000      0.000      0.000      0.000
   125.000    -60.000      0.000      0.000      0.000      0.000
   130.000    -60.000      0.000      0.000      0.000      0.000
   135.000    -60.000      0.000      0.000      0.000      0.000
   140.000    -60.000      0.000      0.000      0.000      0.000
   145.000    -60.000      0.000      0.000      0.000      0.000
   -25.000    -55.000      0.000      0.000      0.000      0.000
   -20.000    -55.000      0.000      0.000      0.000      0.000
   -15.000    -55.000      0.000      0.000      0.000      0.000
   -10.000    -55.000      0.000      0.000      0.000      0.000
    -5.000    -55.000      0.000      0.000      0.000      0.000
     0.000    -55.000      0.000      0.000      0.000      0.000
     5.000    -55.000      0.000      0.000      0.000      0.000
    10.000    -55.000      0.000      0.000      0.000      0.000
    15.000    -55.000      0.000      0.000      0.000      0.000
    20.000    -55.000      0.000      0.000      0.000      0.000
    25.000    -55.000      0.000      0.000      0.000      0.000
    30.000    -55.000      0.000      0.000      0.000      0.000
    35.000    -55.000      0.000      0.000      0.000      0.000
    40.000    -55.000      0.000      0.000      0.000      0.000
    45.000    -55.000      0.000      0.000      0.000      0.000
    50.000    -55.000      0.000      0.000      0.000      0.000
    55.000    -55.000      0.000      0.000      0.000      0.000
    60.000    -55.000      0.000      0.000      0.000      0.000
    65.000    -55.000      0.000      0.000      0.000      0.000
    70.000    -55.000      0.000      0.000      0.000      0.000
    75.000    -55.000      0.000      0.000      0.000      0.000
    80.000    -55.000      0.000      0.000      0.000      0.000
    85.000    -55.000      0.000      0.000      0.000      0.000
    90.000    -55.000      0.000      0.000      0.000      0.000
    95.000    -55.000      0.000      0.000      0.000      0.000
   100.000    -55.000      0.000      0.000      0.000      0.000
   105.000    -55.000      0.000      0.000      0.000      0.000
   110.000    -55.000      0.000      0.000      0.000      0.000
   115.000    -55.000      0.000      0.000      0.000      0.000
   120.000    -55.000      0.000      0.000      0.000      0.000
   125.000    -55.000      0.000      0.000      0.000      0.000
   130.000    -55.000      0.000      0.000      0.000      0.000
   135.000    -55.000      0.000      0.000      0.000      0.000
   140.000    -55.000      0.000      0.000      0.000      0.000
   145.000    -55.000      0.000      0.000      0.000      0.000
   -25.000    -50.000      0.000      0.000      0.000      0.000
   -20.000    -50.000      0.000      0.000      0.000      0.000
   -15.000    -50.000      0.000      0.000      0.000      0.000
   -10.000    -50.000      0.058    116.872      0.235     53.452
    -5.000    -50.000      0.063    101.600      0.447     59.790
     0.000    -50.000      0.066     89.524      0.471     68.213
     5.000    -50.000      0.064     74.351      0.345     91.245
    10.000    -50.000      0.079     58.903      0.284    137.863
    15.000    -50.000      0.099     57.007      0.385    133.608
    20.000    -50.000      0.107     65.069      0.715     98.945
    25.000    -50.000      0.095     77.364      0.748    105.220
    30.000    -50.000      0.055     98.296      0.312    118.642
    35.000    -50.000      0.023   -151.217      0.078      1.679
    40.000    -50.000      0.083   -129.108      0.114   -134.862
    45.000    -50.000      0.045    -82.892      0.047    -82.644
    50.000    -50.000      0.015   -143.965      0.015   -143.965
    55.000    -50.000      0.000      0.000      0.000      0.000
    60.000    -50.000      0.000      0.000      0.000      0.000
    65.000    -50.000      0.000      0.000      0.000      0.000
    70.000    -50.000      0.000      0.000      0.000      0.000
    75.000    -50.000      0.000      0.000      0.000      0.000
    80.000    -50.000      0.000      0.000      0.000      0.000
    85.000    -50.000      0.000      0.000      0.000      0.000
    90.000    -50.000      0.000      0.000      0.000      0.000
    95.000    -50.000      0.000      0.000      0.000      0.000
   100.000    -50.000      0.000      0.000      0.000      0.000
   105.000    -50.000      0.000      0.000      0.000      0.000
   110.000    -50.000      0.000      0.000      0.000      0.000
   115.000    -50.000      0.000      0.000      0.000      0.000
   120.000    -50.000      0.000      0.000      0.000      0.000
   125.000    -50.000      0.000      0.000      0.000      0.000
   130.000    -50.000      0.000      0.000      0.000      0.000
   135.000    -50.000      0.000      0.000      0.000      0.000
   140.000    -50.000      0.000      0.000      0.000      0.000
   145.000    -50.000      0.000      0.000      0.000      0.000
   -25.000    -45.000      0.000      0.000      0.000      0.000
   -20.000    -45.000      0.000      0.000      0.000      0.000
   -15.000    -45.000      0.000      0.000      0.000      0.000
   -10.000    -45.000      0.023     53.825      0.290   -166.880
    -5.000    -45.000      0.071     70.331      0.469   -158.491
     0.000    -45.000      0.110     74.213      0.527   -145.461
     5.000    -45.000      0.131     74.448      0.651   -138.025
    10.000    -45.000      0.144     76.127      0.778   -137.611
    15.000    -45.000      0.133     83.042      0.570   -159.870
    20.000    -45.000      0.134     89.544      0.773    107.443
    25.000    -45.000      0.122     92.768      1.119     98.446
    30.000    -45.000      0.097     91.284      0.835     97.386
    35.000    -45.000      0.051     86.076      0.309    100.301
    40.000    -45.000      0.042   -172.967      0.179   -105.619
    45.000    -45.000      0.086    163.775      0.110    148.449
    50.000    -45.000      0.124   -146.086      0.128   -146.007
    55.000    -45.000      0.014     94.995      0.014     94.995
    60.000    -45.000      0.000      0.000      0.000      0.000
    65.000    -45.000      0.000      0.000      0.000      0.000
    70.000    -45.000      0.000      0.000      0.000      0.000
    75.000    -45.000      0.000      0.000      0.000      0.000
    80.000    -45.000      0.000      0.000      0.000      0.000
    85.000    -45.000      0.000      0.000      0.000      0.000
    90.000    -45.000      0.000      0.000      0.000      0.000
    95.000    -45.000      0.000      0.000      0.000      0.000
   100.000    -45.000      0.000      0.000      0.000      0.000
   105.000    -45.000      0.000      0.000      0.000      0.000
   110.000    -45.000      0.000      0.000      0.000      0.000
   115.000    -45.000      0.000      0.000      0.000      0.000
   120.000    -45.000      0.000      0.000      0.000      0.000
   125.000    -45.000      0.000      0.000      0.000      0.000
   130.000    -45.000      0.000      0.000      0.000      0.000
   135.000    -45.000      0.000      0.000      0.000      0.000
   140.000    -45.000      0.000      0.000      0.000      0.000
   145.000    -45.000      0.000      0.000      0.000      0.000
   -25.000    -40.000      0.000      0.000      0.000      0.000
   -20.000    -40.000      0.000      0.000      0.000      0.000
   -15.000    -40.000      0.000      0.000      0.000      0.000
   -10.000    -40.000      0.010     -3.913      0.760   -143.023
    -5.000    -40.000      0.006     19.460      1.254   -149.629
     0.000    -40.000      0.019    136.717      1.758   -147.626
     5.000    -40.000      0.051    129.623      2.234   -140.917
    10.000    -40.000      0.079    117.575      2.375   -138.110
    15.000    -40.000      0.101    101.649      1.888   -147.966
    20.000    -40.000      0.126     89.884      1.180   -167.213
    25.000    -40.000      0.121     83.524      0.667    134.429
    30.000    -40.000      0.100     82.689      0.688    114.877
    35.000    -40.000      0.062     80.619      0.509    106.313
    40.000    -40.000      0.030     79.670      0.456     88.871
    45.000    -40.000      0.063     98.671      0.255     75.480
    50.000    -40.000      0.045    153.806      0.059    158.138
    55.000    -40.000      0.100     83.199      0.104     83.045
    60.000    -40.000      0.000      0.000      0.000      0.000
    65.000    -40.000      0.000      0.000      0.000      0.000
    70.000    -40.000      0.000      0.000      0.000      0.000
    75.000    -40.000      0.000      0.000      0.000      0.000
    80.000    -40.000      0.000      0.000      0.000      0.000
    85.000    -40.000      0.000      0.000      0.000      0.000
    90.000    -40.000      0.000      0.000      0.000      0.000
    95.000    -40.000      0.000      0.000      0.000      0.000
   100.000    -40.000      0.000      0.000      0.000      0.000
   105.000    -40.000      0.000      0.000      0.000      0.000
   110.000    -40.000      0.000      0.000      0.000      0.000
   115.000    -40.000      0.000      0.000      0.000      0.000
   120.000    -40.000      0.000      0.000      0.000      0.000
   125.000    -40.000      0.000      0.000      0.000      0.000
   130.000    -40.000      0.000      0.000      0.000      0.000
   135.000    -40.000      0.000      0.000      0.000      0.000
   140.000    -40.000      0.000      0.000      0.000      0.000
   145.000    -40.000      0.000      0.000      0.000      0.000
   -25.000    -35.000      0.000      0.000      0.000      0.000
   -20.000    -35.000      0.000      0.000      0.000      0.000
   -15.000    -35.000      0.000      0.000      0.000      0.000
   -10.000    -35.000      0.068    178.387      1.274   -147.016
    -5.000    -35.000      0.105   -167.192      2.176   -144.876
     0.000    -35.000      0.124   -153.363      2.910   -138.311
     5.000    -35.000      0.139   -140.526      3.501   -131.081
    10.000    -35.000      0.118   -137.988      3.496   -129.547
    15.000    -35.000      0.093   -134.603      2.749   -137.372
    20.000    -35.000      0.037   -120.839      2.132   -139.701
    25.000    -35.000      0.035      1.281      1.095   -143.184
    30.000    -35.000      0.060     -3.682      0.542   -144.542
    35.000    -35.000      0.069     -6.829      0.463    178.101
    40.000    -35.000      0.050      1.217      0.516    134.788
    45.000    -35.000      0.032     91.447      0.129    171.881
    50.000    -35.000      0.077    138.777      0.086    151.417
    55.000    -35.000      0.149    113.872      0.211    109.464
    60.000    -35.000      0.019    105.306      0.019    105.306
    65.000    -35.000      0.000      0.000      0.000      0.000
    70.000    -35.000      0.000      0.000      0.000      0.000
    75.000    -35.000      0.000      0.000      0.000      0.000
    80.000    -35.000      0.000      0.000      0.000      0.000
    85.000    -35.000      0.000      0.000      0.000      0.000
    90.000    -35.000      0.000      0.000      0.000      0.000
    95.000    -35.000      0.000      0.000      0.000      0.000
   100.000    -35.000      0.000      0.000      0.000      0.000
   105.000    -35.000      0.000      0.000      0.000      0.000
   110.000    -35.000      0.000      0.000      0.000      0.000
   115.000    -35.000      0.000      0.000      0.000      0.000
   120.000    -35.000      0.000      0.000      0.000      0.000
   125.000    -35.000      0.000      0.000      0.000      0.000
   130.000    -35.000      0.000      0.000      0.000      0.000
   135.000    -35.000      0.000      0.000      0.000      0.000
   140.000    -35.000      0.000      0.000      0.000      0.000
   145.000    -35.000      0.000      0.000      0.000      0.000
   -25.000    -30.000      0.000      0.000      0.000      0.000
   -20.000    -30.000      0.000      0.000      0.000      0.000
   -15.000    -30.000      0.000      0.000      0.000      0.000
   -10.000    -30.000      0.109   -139.505      1.508   -148.254
    -5.000    -30.000      0.181   -152.264      2.508   -143.114
     0.000    -30.000      0.221   -151.769      3.432   -132.454
     5.000    -30.000      0.217   -137.967      4.230   -124.427
    10.000    -30.000      0.212   -117.937      4.296   -121.827
    15.000    -30.000      0.212   -102.261      3.604   -123.145
    20.000    -30.000      0.232    -94.219      2.666   -122.532
    25.000    -30.000      0.262    -90.747      2.030   -123.094
    30.000    -30.000      0.266    -89.592      1.385   -127.873
    35.000    -30.000      0.257    -88.834      1.234   -117.535
    40.000    -30.000      0.249    -92.133      0.504   -146.387
    45.000    -30.000      0.220   -102.796      0.211   -149.713
    50.000    -30.000      0.179   -127.484      0.239   -155.477
    55.000    -30.000      0.173   -166.021      0.232   -163.796
    60.000    -30.000      0.151    163.433      0.156    163.541
    65.000    -30.000      0.000      0.000      0.000      0.000
    70.000    -30.000      0.000      0.000      0.000      0.000
    75.000    -30.000      0.000      0.000      0.000      0.000
    80.000    -30.000      0.000      0.000      0.000      0.000
    85.000    -30.000      0.000      0.000      0.000      0.000
    90.000    -30.000      0.000      0.000      0.000      0.000
    95.000    -30.000      0.000      0.000      0.000      0.000
   100.000    -30.000      0.000      0.000      0.000      0.000
   105.000    -30.000      0.000      0.000      0.000      0.000
   110.000    -30.000      0.000      0.000      0.000      0.000
   115.000    -30.000      0.000      0.000      0.000      0.000
   120.000    -30.000      0.000      0.000      0.000      0.000
   125.000    -30.000      0.000      0.000      0.000      0.000
   130.000    -30.000      0.000      0.000      0.000      0.000
   135.000    -30.000      0.000      0.000      0.000      0.000
   140.000    -30.000      0.000      0.000      0.000      0.000
   145.000    -30.000      0.000      0.000      0.000      0.000
   -25.000    -25.000      0.000      0.000      0.000      0.000
   -20.000    -25.000      0.000      0.000      0.000      0.000
   -15.000    -25.000      0.000      0.000      0.000      0.000
   -10.000    -25.000      0.081   -124.268      1.634   -147.766
    -5.000    -25.000      0.157   -129.855      2.883   -139.540
     0.000    -25.000      0.232   -128.893      3.761   -128.914
     5.000    -25.000      0.287   -124.181      4.286   -119.576
    10.000    -25.000      0.333   -116.962      4.164   -115.477
    15.000    -25.000      0.408   -107.927      3.729   -115.001
    20.000    -25.000      0.471   -101.588      2.930   -110.290
    25.000    -25.000      0.490    -98.409      2.612   -109.457
    30.000    -25.000      0.488    -97.380      2.115   -106.937
    35.000    -25.000      0.460    -97.250      1.852    -99.803
    40.000    -25.000      0.410    -98.044      1.240    -97.188
    45.000    -25.000      0.350   -101.823      0.739    -77.691
    50.000    -25.000      0.239   -111.718      0.337    -93.260
    55.000    -25.000      0.140   -143.705      0.142   -152.864
    60.000    -25.000      0.130    158.435      0.134    158.291
    65.000    -25.000      0.027   -150.757      0.027   -150.757
    70.000    -25.000      0.000      0.000      0.000      0.000
    75.000    -25.000      0.000      0.000      0.000      0.000
    80.000    -25.000      0.000      0.000      0.000      0.000
    85.000    -25.000      0.000      0.000      0.000      0.000
    90.000    -25.000      0.000      0.000      0.000      0.000
    95.000    -25.000      0.000      0.000      0.000      0.000
   100.000    -25.000      0.000      0.000      0.000      0.000
   105.000    -25.000      0.000      0.000      0.000      0.000
   110.000    -25.000      0.000      0.000      0.000      0.000
   115.000    -25.000      0.000      0.000      0.000      0.000
   120.000    -25.000      0.000      0.000      0.000      0.000
   125.000    -25.000      0.000      0.000      0.000      0.000
   130.000    -25.000      0.000      0.000      0.000      0.000
   135.000    -25.000      0.000      0.000      0.000      0.000
   140.000    -25.000      0.000      0.000      0.000      0.000
   145.000    -25.000      0.000      0.000      0.000      0.000
   -25.000    -20.000      0.000      0.000      0.000      0.000
   -20.000    -20.000      0.000      0.000      0.000      0.000
   -15.000    -20.000      0.000      0.000      0.000      0.000
   -10.000    -20.000      0.074   -112.322      1.384   -129.344
    -5.000    -20.000      0.197   -122.336      2.538   -130.171
     0.000    -20.000      0.308   -121.890      3.319   -124.657
     5.000    -20.000      0.416   -119.340      3.704   -116.323
    10.000    -20.000      0.512   -115.642      3.642   -109.307
    15.000    -20.000      0.596   -110.143      3.162   -103.495
    20.000    -20.000      0.666   -104.117      2.741    -89.091
    25.000    -20.000      0.707    -99.178      2.731    -85.059
    30.000    -20.000      0.716    -95.842      2.761    -83.162
    35.000    -20.000      0.674    -92.913      2.599    -80.724
    40.000    -20.000      0.597    -89.370      2.104    -74.624
    45.000    -20.000      0.489    -88.433      1.749    -67.611
    50.000    -20.000      0.329    -88.752      0.766    -75.468
    55.000    -20.000      0.141    -91.147      0.282    -59.757
    60.000    -20.000      0.047    116.047      0.122    100.692
    65.000    -20.000      0.021    129.177      0.021    129.177
    70.000    -20.000      0.000      0.000      0.000      0.000
    75.000    -20.000      0.000      0.000      0.000      0.000
    80.000    -20.000      0.000      0.000      0.000      0.000
    85.000    -20.000      0.000      0.000      0.000      0.000
    90.000    -20.000      0.000      0.000      0.000      0.000
    95.000    -20.000      0.000      0.000      0.000      0.000
   100.000    -20.000      0.000      0.000      0.000      0.000
   105.000    -20.000      0.000      0.000      0.000      0.000
   110.000    -20.000      0.000      0.000      0.000      0.000
   115.000    -20.000      0.000      0.000      0.000      0.000
   120.000    -20.000      0.000      0.000      0.000      0.000
   125.000    -20.000      0.000      0.000      0.000      0.000
   130.000    -20.000      0.000      0.000      0.000      0.000
   135.000    -20.000      0.000      0.000      0.000      0.000
   140.000    -20.000      0.000      0.000      0.000      0.000
   145.000    -20.000      0.000      0.000      0.000      0.000
   -25.000    -15.000      0.000      0.000      0.000      0.000
   -20.000    -15.000      0.000      0.000      0.000      0.000
   -15.000    -15.000      0.000      0.000      0.000      0.000
   -10.000    -15.000      0.106   -152.997      0.981   -113.166
    -5.000    -15.000      0.221   -136.698      1.829   -108.479
     0.000    -15.000      0.342   -127.485      2.397   -102.503
     5.000    -15.000      0.445   -121.492      2.682    -95.350
    10.000    -15.000      0.541   -114.266      2.706    -87.581
    15.000    -15.000      0.638   -106.908      2.549    -76.126
    20.000    -15.000      0.721   -100.874      2.697    -63.004
    25.000    -15.000      0.795    -95.468      2.793    -58.920
    30.000    -15.000      0.842    -90.336      3.153    -62.864
    35.000    -15.000      0.849    -85.967      3.321    -68.495
    40.000    -15.000      0.778    -83.536      2.742    -73.528
    45.000    -15.000      0.637    -83.447      2.212    -68.869
    50.000    -15.000      0.422    -83.770      1.607    -76.329
    55.000    -15.000      0.220    -86.631      0.506    -75.345
    60.000    -15.000      0.055   -105.980      0.106   -107.432
    65.000    -15.000      0.071     89.365      0.074     89.316
    70.000    -15.000      0.000      0.000      0.000      0.000
    75.000    -15.000      0.000      0.000      0.000      0.000
    80.000    -15.000      0.000      0.000      0.000      0.000
    85.000    -15.000      0.000      0.000      0.000      0.000
    90.000    -15.000      0.000      0.000      0.000      0.000
    95.000    -15.000      0.000      0.000      0.000      0.000
   100.000    -15.000      0.000      0.000      0.000      0.000
   105.000    -15.000      0.000      0.000      0.000      0.000
   110.000    -15.000      0.000      0.000      0.000      0.000
   115.000    -15.000      0.000      0.000      0.000      0.000
   120.000    -15.000      0.000      0.000      0.000      0.000
   125.000    -15.000      0.000      0.000      0.000      0.000
   130.000    -15.000      0.000      0.000      0.000      0.000
   135.000    -15.000      0.000      0.000      0.000      0.000
   140.000    -15.000      0.000      0.000      0.000      0.000
   145.000    -15.000      0.000      0.000      0.000      0.000
   -25.000    -10.000      0.000      0.000      0.000      0.000
   -20.000    -10.000      0.000      0.000      0.000      0.000
   -15.000    -10.000      0.000      0.000      0.000      0.000
   -10.000    -10.000      0.154   -152.401      0.391    -74.065
    -5.000    -10.000      0.293   -141.179      1.020    -59.884
     0.000    -10.000      0.405   -130.694      1.638    -52.305
     5.000    -10.000      0.486   -120.609      2.298    -48.531
    10.000    -10.000      0.555   -110.983      2.702    -48.450
    15.000    -10.000      0.632   -102.217      2.759    -42.758
    20.000    -10.000      0.690    -95.226      3.152    -38.302
    25.000    -10.000      0.742    -90.185      3.401    -40.165
    30.000    -10.000      0.790    -86.701      3.445    -43.932
    35.000    -10.000      0.814    -83.344      3.439    -55.568
    40.000    -10.000      0.787    -80.034      3.085    -69.190
    45.000    -10.000      0.702    -78.653      2.726    -73.789
    50.000    -10.000      0.547    -79.155      1.845    -78.042
    55.000    -10.000      0.362    -80.908      0.991    -86.632
    60.000    -10.000      0.164    -81.227      0.298    -70.425
    65.000    -10.000      0.066    -95.762      0.068    -95.854
    70.000    -10.000      0.000      0.000      0.000      0.000
    75.000    -10.000      0.000      0.000      0.000      0.000
    80.000    -10.000      0.000      0.000      0.000      0.000
    85.000    -10.000      0.000      0.000      0.000      0.000
    90.000    -10.000      0.000      0.000      0.000      0.000
    95.000    -10.000      0.000      0.000      0.000      0.000
   100.000    -10.000      0.000      0.000      0.000      0.000
   105.000    -10.000      0.000      0.000      0.000      0.000
   110.000    -10.000      0.000      0.000      0.000      0.000
   115.000    -10.000      0.000      0.000      0.000      0.000
   120.000    -10.000      0.000      0.000      0.000      0.000
   125.000    -10.000      0.000      0.000      0.000      0.000
   130.000    -10.000      0.000      0.000      0.000      0.000
   135.000    -10.000      0.000      0.000      0.000      0.000
   140.000    -10.000      0.000      0.000      0.000      0.000
   145.000    -10.000      0.000      0.000      0.000      0.000
   -25.000     -5.000      0.000      0.000      0.000      0.000
   -20.000     -5.000      0.000      0.000      0.000      0.000
   -15.000     -5.000      0.000      0.000      0.000      0.000
   -10.000     -5.000      0.188   -143.290      0.829     13.001
    -5.000     -5.000      0.309   -138.547      1.515      4.932
     0.000     -5.000      0.371   -129.756      2.276     -2.312
     5.000     -5.000      0.418   -118.820      2.965    -10.232
    10.000     -5.000      0.495   -108.619      3.349    -16.168
    15.000     -5.000      0.568    -99.720      3.598    -17.739
    20.000     -5.000      0.617    -91.694      3.696    -26.386
    25.000     -5.000      0.679    -85.661      3.879    -34.411
    30.000     -5.000      0.718    -81.201      3.712    -36.993
    35.000     -5.000      0.735    -79.036      3.377    -47.109
    40.000     -5.000      0.718    -77.639      2.824    -62.737
    45.000     -5.000      0.672    -76.283      2.488    -74.994
    50.000     -5.000      0.574    -76.088      1.587    -75.078
    55.000     -5.000      0.446    -77.533      0.975    -82.313
    60.000     -5.000      0.263    -77.823      0.457    -91.149
    65.000     -5.000      0.052    -35.341      0.054    -35.022
    70.000     -5.000      0.000      0.000      0.000      0.000
    75.000     -5.000      0.000      0.000      0.000      0.000
    80.000     -5.000      0.000      0.000      0.000      0.000
    85.000     -5.000      0.000      0.000      0.000      0.000
    90.000     -5.000      0.000      0.000      0.000      0.000
    95.000     -5.000      0.000      0.000      0.000      0.000
   100.000     -5.000      0.000      0.000      0.000      0.000
   105.000     -5.000      0.000      0.000      0.000      0.000
   110.000     -5.000      0.000      0.000      0.000      0.000
   115.000     -5.000      0.000      0.000      0.000      0.000
   120.000     -5.000      0.000      0.000      0.000      0.000
   125.000     -5.000      0.000      0.000      0.000      0.000
   130.000     -5.000      0.000      0.000      0.000      0.000
   135.000     -5.000      0.000      0.000      0.000      0.000
   140.000     -5.000      0.000      0.000      0.000      0.000
   145.000     -5.000      0.000      0.000      0.000      0.000
   -25.000      0.000      0.000      0.000      0.000      0.000
   -20.000      0.000      0.000      0.000      0.000      0.000
   -15.000      0.000      0.000      0.000      0.000      0.000
   -10.000      0.000      0.153   -123.542      1.260     32.032
    -5.000      0.000      0.244   -121.248      2.440     26.415
     0.000      0.000      0.301   -117.519      3.368     21.230
     5.000      0.000      0.336   -112.078      3.932     14.757
    10.000      0.000      0.383   -104.068      3.994      3.652
    15.000      0.000      0.442    -93.896      4.156     -5.088
    20.000      0.000      0.507    -85.506      3.938    -14.234
    25.000      0.000      0.568    -80.611      3.629    -28.302
    30.000      0.000      0.637    -78.227      3.368    -35.153
    35.000      0.000      0.668    -76.693      2.889    -43.379
    40.000      0.000      0.662    -75.609      2.520    -58.008
    45.000      0.000      0.618    -76.814      2.189    -74.664
    50.000      0.000      0.544    -80.280      1.541    -80.005
    55.000      0.000      0.467    -84.663      1.075    -80.988
    60.000      0.000      0.364    -86.979      0.789    -85.685
    65.000      0.000      0.135    -90.640      0.139    -90.629
    70.000      0.000      0.000      0.000      0.000      0.000
    75.000      0.000      0.000      0.000      0.000      0.000
    80.000      0.000      0.000      0.000      0.000      0.000
    85.000      0.000      0.000      0.000      0.000      0.000
    90.000      0.000      0.000      0.000      0.000      0.000
    95.000      0.000      0.000      0.000      0.000      0.000
   100.000      0.000      0.000      0.000      0.000      0.000
   105.000      0.000      0.000      0.000      0.000      0.000
   110.000      0.000      0.000      0.000      0.000      0.000
   115.000      0.000      0.000      0.000      0.000      0.000
   120.000      0.000      0.000      0.000      0.000      0.000
   125.000      0.000      0.000      0.000      0.000      0.000
   130.000      0.000      0.000      0.000      0.000      0.000
   135.000      0.000      0.000      0.000      0.000      0.000
   140.000      0.000      0.000      0.000      0.000      0.000
   145.000      0.000      0.000      0.000      0.000      0.000
   -25.000      5.000      0.000      0.000      0.000      0.000
   -20.000      5.000      0.000      0.000      0.000      0.000
   -15.000      5.000      0.000      0.000      0.000      0.000
   -10.000      5.000      0.103    -91.704      1.369     46.574
    -5.000      5.000      0.165    -94.603      2.965     35.002
     0.000      5.000      0.215    -97.676      4.074     30.303
     5.000      5.000      0.257    -97.117      4.456     24.871
    10.000      5.000      0.281    -92.513      4.134     16.196
    15.000      5.000      0.311    -86.951      3.663     -0.357
    20.000      5.000      0.361    -84.201      3.490    -11.345
    25.000      5.000      0.416    -82.579      3.003    -22.715
    30.000      5.000      0.461    -81.103      2.561    -33.117
    35.000      5.000      0.494    -81.005      2.227    -43.062
    40.000      5.000      0.519    -80.964      1.775    -53.167
    45.000      5.000      0.513    -82.190      1.434    -70.663
    50.000      5.000      0.480    -84.094      1.297    -86.339
    55.000      5.000      0.415    -85.162      0.886    -88.164
    60.000      5.000      0.303    -83.060      0.465    -74.862
    65.000      5.000      0.110    -86.321      0.113    -86.297
    70.000      5.000      0.000      0.000      0.000      0.000
    75.000      5.000      0.000      0.000      0.000      0.000
    80.000      5.000      0.000      0.000      0.000      0.000
    85.000      5.000      0.000      0.000      0.000      0.000
    90.000      5.000      0.000      0.000      0.000      0.000
    95.000      5.000      0.000      0.000      0.000      0.000
   100.000      5.000      0.000      0.000      0.000      0.000
   105.000      5.000      0.000      0.000      0.000      0.000
   110.000      5.000      0.000      0.000      0.000      0.000
   115.000      5.000      0.000      0.000      0.000      0.000
   120.000      5.000      0.000      0.000      0.000      0.000
   125.000      5.000      0.000      0.000      0.000      0.000
   130.000      5.000      0.000      0.000      0.000      0.000
   135.000      5.000      0.000      0.000      0.000      0.000
   140.000      5.000      0.000      0.000      0.000      0.000
   145.000      5.000      0.000      0.000      0.000      0.000
   -25.000     10.000      0.000      0.000      0.000      0.000
   -20.000     10.000      0.000      0.000      0.000      0.000
   -15.000     10.000      0.000      0.000      0.000      0.000
   -10.000     10.000      0.076    -99.410      0.779     43.568
    -5.000     10.000      0.117   -100.583      1.938     35.507
     0.000     10.000      0.136    -95.109      2.712     31.672
     5.000     10.000      0.150    -85.387      2.952     27.841
    10.000     10.000      0.172    -80.457      2.741     23.909
    15.000     10.000      0.183    -80.105      2.206      3.594
    20.000     10.000      0.194    -79.622      2.014     -9.259
    25.000     10.000      0.209    -78.628      1.787    -16.752
    30.000     10.000      0.236    -79.061      1.578    -36.210
    35.000     10.000      0.266    -81.439      1.487    -42.417
    40.000     10.000      0.300    -85.499      1.292    -57.955
    45.000     10.000      0.307    -87.937      0.915    -65.474
    50.000     10.000      0.294    -87.786      0.576    -82.633
    55.000     10.000      0.256    -85.297      0.465    -98.947
    60.000     10.000      0.180    -83.514      0.237    -74.807
    65.000     10.000      0.087   -105.676      0.090   -105.772
    70.000     10.000      0.000      0.000      0.000      0.000
    75.000     10.000      0.000      0.000      0.000      0.000
    80.000     10.000      0.000      0.000      0.000      0.000
    85.000     10.000      0.000      0.000      0.000      0.000
    90.000     10.000      0.000      0.000      0.000      0.000
    95.000     10.000      0.000      0.000      0.000      0.000
   100.000     10.000      0.000      0.000      0.000      0.000
   105.000     10.000      0.000      0.000      0.000      0.000
   110.000     10.000      0.000      0.000      0.000      0.000
   115.000     10.000      0.000      0.000      0.000      0.000
   120.000     10.000      0.000      0.000      0.000      0.000
   125.000     10.000      0.000      0.000      0.000      0.000
   130.000     10.000      0.000      0.000      0.000      0.000
   135.000     10.000      0.000      0.000      0.000      0.000
   140.000     10.000      0.000      0.000      0.000      0.000
   145.000     10.000      0.000      0.000      0.000      0.000
   -25.000     15.000      0.000      0.000      0.000      0.000
   -20.000     15.000      0.000      0.000      0.000      0.000
   -15.000     15.000      0.000      0.000      0.000      0.000
   -10.000     15.000      0.000      0.000      0.000      0.000
    -5.000     15.000      0.000      0.000      0.000      0.000
     0.000     15.000      0.000      0.000      0.000      0.000
     5.000     15.000      0.000      0.000      0.000      0.000
    10.000     15.000      0.000      0.000      0.000      0.000
    15.000     15.000      0.000      0.000      0.000      0.000
    20.000     15.000      0.000      0.000      0.000      0.000
    25.000     15.000      0.000      0.000      0.000      0.000
    30.000     15.000      0.000      0.000      0.000      0.000
    35.000     15.000      0.000      0.000      0.000      0.000
    40.000     15.000      0.000      0.000      0.000      0.000
    45.000     15.000      0.000      0.000      0.000      0.000
    50.000     15.000      0.000      0.000      0.000      0.000
    55.000     15.000      0.000      0.000      0.000      0.000
    60.000     15.000      0.000      0.000      0.000      0.000
    65.000     15.000      0.000      0.000      0.000      0.000
    70.000     15.000      0.000      0.000      0.000      0.000
    75.000     15.000      0.000      0.000      0.000      0.000
    80.000     15.000      0.000      0.000      0.000      0.000
    85.000     15.000      0.000      0.000      0.000      0.000
    90.000     15.000      0.000      0.000      0.000      0.000
    95.000     15.000      0.000      0.000      0.000      0.000
   100.000     15.000      0.000      0.000      0.000      0.000
   105.000     15.000      0.000      0.000      0.000      0.000
   110.000     15.000      0.000      0.000      0.000      0.000
   115.000     15.000      0.000      0.000      0.000      0.000
   120.000     15.000      0.000      0.000      0.000      0.000
   125.000     15.000      0.000      0.000      0.000      0.000
   130.000     15.000      0.000      0.000      0.000      0.000
   135.000     15.000      0.000      0.000      0.000      0.000
   140.000     15.000      0.000      0.000      0.000      0.000
   145.000     15.000      0.000      0.000      0.000      0.000
   -25.000     20.000      0.000      0.000      0.000      0.000
   -20.000     20.000      0.000      0.000      0.000      0.000
   -15.000     20.000      0.000      0.000      0.000      0.000
   -10.000     20.000      0.000      0.000      0.000      0.000
    -5.000     20.000      0.000      0.000      0.000      0.000
     0.000     20.000      0.000      0.000      0.000      0.000
     5.000     20.000      0.000      0.000      0.000      0.000
    10.000     20.000      0.000      0.000      0.000      0.000
    15.000     20.000      0.000      0.000      0.000      0.000
    20.000     20.000      0.000      0.000      0.000      0.000
    25.000     20.000      0.000      0.000      0.000      0.000
    30.000     20.000      0.000      0.000      0.000      0.000
    35.000     20.000      0.000      0.000      0.000      0.000
    40.000     20.000      0.000      0.000      0.000      0.000
    45.000     20.000      0.000      0.000      0.000      0.000
    50.000     20.000      0.000      0.000      0.000      0.000
    55.000     20.000      0.000      0.000      0.000      0.000
    60.000     20.000      0.000      0.000      0.000      0.000
    65.000     20.000      0.000      0.000      0.000      0.000
    70.000     20.000      0.000      0.000      0.000      0.000
    75.000     20.000      0.000      0.000      0.000      0.000
    80.000     20.000      0.000      0.000      0.000      0.000
    85.000     20.000      0.000      0.000      0.000      0.000
    90.000     20.000      0.000      0.000      0.000      0.000
    95.000     20.000      0.000      0.000      0.000      0.000
   100.000     20.000      0.000      0.000      0.000      0.000
   105.000     20.000      0.000      0.000      0.000      0.000
   110.000     20.000      0.000      0.000      0.000      0.000
   115.000     20.000      0.000      0.000      0.000      0.000
   120.000     20.000      0.000      0.000      0.000      0.000
   125.000     20.000      0.000      0.000      0.000      0.000
   130.000     20.000      0.000      0.000      0.000      0.000
   135.000     20.000      0.000      0.000      0.000      0.000
   140.000     20.000      0.000      0.000      0.000      0.000
   145.000     20.000      0.000      0.000      0.000      0.000
   -25.000     25.000      0.000      0.000      0.000      0.000
   -20.000     25.000      0.000      0.000      0.000      0.000
   -15.000     25.000      0.000      0.000      0.000      0.000
   -10.000     25.000      0.000      0.000      0.000      0.000
    -5.000     25.000      0.000      0.000      0.000      0.000
     0.000     25.000      0.000      0.000      0.000      0.000
     5.000     25.000      0.000      0.000      0.000      0.000
    10.000     25.000      0.000      0.000      0.000      0.000
    15.000     25.000      0.000      0.000      0.000      0.000
    20.000     25.000      0.000      0.000      0.000      0.000
    25.000     25.000      0.000      0.000      0.000      0.000
    30.000     25.000      0.000      0.000      0.000      0.000
    35.000     25.000      0.000      0.000      0.000      0.000
    40.000     25.000      0.000      0.000      0.000      0.000
    45.000     25.000      0.000      0.000      0.000      0.000
    50.000     25.000      0.000      0.000      0.000      0.000
    55.000     25.000      0.000      0.000      0.000      0.000
    60.000     25.000      0.000      0.000      0.000      0.000
    65.000     25.000      0.000      0.000      0.000      0.000
    70.000     25.000      0.000      0.000      0.000      0.000
    75.000     25.000      0.000      0.000      0.000      0.000
    80.000     25.000      0.000      0.000      0.000      0.000
    85.000     25.000      0.000      0.000      0.000      0.000
    90.000     25.000      0.000      0.000      0.000      0.000
    95.000     25.000      0.000      0.000      0.000      0.000
   100.000     25.000      0.000      0.000      0.000      0.000
   105.000     25.000      0.000      0.000      0.000      0.000
   110.000     25.000      0.000      0.000      0.000      0.000
   115.000     25.000      0.000      0.000      0.000      0.000
   120.000     25.000      0.000      0.000      0.000      0.000
   125.000     25.000      0.000      0.000      0.000      0.000
   130.000     25.000      0.000      0.000      0.000      0.000
   135.000     25.000      0.000      0.000      0.000      0.000
   140.000     25.000      0.000      0.000      0.000      0.000
   145.000     25.000      0.000      0.000      0.000      0.000
