   -25.000    -75.000      0.000      0.000      0.000      0.000
   -20.000    -75.000      0.000      0.000      0.000      0.000
   -15.000    -75.000      0.000      0.000      0.000      0.000
   -10.000    -75.000      0.000      0.000      0.000      0.000
    -5.000    -75.000      0.000      0.000      0.000      0.000
     0.000    -75.000      0.000      0.000      0.000      0.000
     5.000    -75.000      0.000      0.000      0.000      0.000
    10.000    -75.000      0.000      0.000      0.000      0.000
    15.000    -75.000      0.000      0.000      0.000      0.000
    20.000    -75.000      0.000      0.000      0.000      0.000
    25.000    -75.000      0.000      0.000      0.000      0.000
    30.000    -75.000      0.000      0.000      0.000      0.000
    35.000    -75.000      0.000      0.000      0.000      0.000
    40.000    -75.000      0.000      0.000      0.000      0.000
    45.000    -75.000      0.000      0.000      0.000      0.000
    50.000    -75.000      0.000      0.000      0.000      0.000
    55.000    -75.000      0.000      0.000      0.000      0.000
    60.000    -75.000      0.000      0.000      0.000      0.000
    65.000    -75.000      0.000      0.000      0.000      0.000
    70.000    -75.000      0.000      0.000      0.000      0.000
    75.000    -75.000      0.000      0.000      0.000      0.000
    80.000    -75.000      0.000      0.000      0.000      0.000
    85.000    -75.000      0.000      0.000      0.000      0.000
    90.000    -75.000      0.000      0.000      0.000      0.000
    95.000    -75.000      0.000      0.000      0.000      0.000
   100.000    -75.000      0.000      0.000      0.000      0.000
   105.000    -75.000      0.000      0.000      0.000      0.000
   110.000    -75.000      0.000      0.000      0.000      0.000
   115.000    -75.000      0.000      0.000      0.000      0.000
   120.000    -75.000      0.000      0.000      0.000      0.000
   125.000    -75.000      0.000      0.000      0.000      0.000
   130.000    -75.000      0.000      0.000      0.000      0.000
   135.000    -75.000      0.000      0.000      0.000      0.000
   140.000    -75.000      0.000      0.000      0.000      0.000
   145.000    -75.000      0.000      0.000      0.000      0.000
   -25.000    -70.000      0.000      0.000      0.000      0.000
   -20.000    -70.000      0.000      0.000      0.000      0.000
   -15.000    -70.000      0.000      0.000      0.000      0.000
   -10.000    -70.000      0.000      0.000      0.000      0.000
    -5.000    -70.000      0.000      0.000      0.000      0.000
     0.000    -70.000      0.000      0.000      0.000      0.000
     5.000    -70.000      0.000      0.000      0.000      0.000
    10.000    -70.000      0.000      0.000      0.000      0.000
    15.000    -70.000      0.000      0.000      0.000      0.000
    20.000    -70.000      0.000      0.000      0.000      0.000
    25.000    -70.000      0.000      0.000      0.000      0.000
    30.000    -70.000      0.000      0.000      0.000      0.000
    35.000    -70.000      0.000      0.000      0.000      0.000
    40.000    -70.000      0.000      0.000      0.000      0.000
    45.000    -70.000      0.000      0.000      0.000      0.000
    50.000    -70.000      0.000      0.000      0.000      0.000
    55.000    -70.000      0.000      0.000      0.000      0.000
    60.000    -70.000      0.000      0.000      0.000      0.000
    65.000    -70.000      0.000      0.000      0.000      0.000
    70.000    -70.000      0.000      0.000      0.000      0.000
    75.000    -70.000      0.000      0.000      0.000      0.000
    80.000    -70.000      0.000      0.000      0.000      0.000
    85.000    -70.000      0.000      0.000      0.000      0.000
    90.000    -70.000      0.000      0.000      0.000      0.000
    95.000    -70.000      0.000      0.000      0.000      0.000
   100.000    -70.000      0.000      0.000      0.000      0.000
   105.000    -70.000      0.000      0.000      0.000      0.000
   110.000    -70.000      0.000      0.000      0.000      0.000
   115.000    -70.000      0.000      0.000      0.000      0.000
   120.000    -70.000      0.000      0.000      0.000      0.000
   125.000    -70.000      0.000      0.000      0.000      0.000
   130.000    -70.000      0.000      0.000      0.000      0.000
   135.000    -70.000      0.000      0.000      0.000      0.000
   140.000    -70.000      0.000      0.000      0.000      0.000
   145.000    -70.000      0.000      0.000      0.000      0.000
   -25.000    -65.000      0.000      0.000      0.000      0.000
   -20.000    -65.000      0.000      0.000      0.000      0.000
   -15.000    -65.000      0.000      0.000      0.000      0.000
   -10.000    -65.000      0.000      0.000      0.000      0.000
    -5.000    -65.000      0.000      0.000      0.000      0.000
     0.000    -65.000      0.000      0.000      0.000      0.000
     5.000    -65.000      0.000      0.000      0.000      0.000
    10.000    -65.000      0.000      0.000      0.000      0.000
    15.000    -65.000      0.000      0.000      0.000      0.000
    20.000    -65.000      0.000      0.000      0.000      0.000
    25.000    -65.000      0.000      0.000      0.000      0.000
    30.000    -65.000      0.000      0.000      0.000      0.000
    35.000    -65.000      0.000      0.000      0.000      0.000
    40.000    -65.000      0.000      0.000      0.000      0.000
    45.000    -65.000      0.000      0.000      0.000      0.000
    50.000    -65.000      0.000      0.000      0.000      0.000
    55.000    -65.000      0.000      0.000      0.000      0.000
    60.000    -65.000      0.000      0.000      0.000      0.000
    65.000    -65.000      0.000      0.000      0.000      0.000
    70.000    -65.000      0.000      0.000      0.000      0.000
    75.000    -65.000      0.000      0.000      0.000      0.000
    80.000    -65.000      0.000      0.000      0.000      0.000
    85.000    -65.000      0.000      0.000      0.000      0.000
    90.000    -65.000      0.000      0.000      0.000      0.000
    95.000    -65.000      0.000      0.000      0.000      0.000
   100.000    -65.000      0.000      0.000      0.000      0.000
   105.000    -65.000      0.000      0.000      0.000      0.000
   110.000    -65.000      0.000      0.000      0.000      0.000
   115.000    -65.000      0.000      0.000      0.000      0.000
   120.000    -65.000      0.000      0.000      0.000      0.000
   125.000    -65.000      0.000      0.000      0.000      0.000
   130.000    -65.000      0.000      0.000      0.000      0.000
   135.000    -65.000      0.000      0.000      0.000      0.000
   140.000    -65.000      0.000      0.000      0.000      0.000
   145.000    -65.000      0.000      0.000      0.000      0.000
   -25.000    -60.000      0.000      0.000      0.000      0.000
   -20.000    -60.000      0.000      0.000      0.000      0.000
   -15.000    -60.000      0.000      0.000      0.000      0.000
   -10.000    -60.000      0.000      0.000      0.000      0.000
    -5.000    -60.000      0.000      0.000      0.000      0.000
     0.000    -60.000      0.000      0.000      0.000      0.000
     5.000    -60.000      0.000      0.000      0.000      0.000
    10.000    -60.000      0.000      0.000      0.000      0.000
    15.000    -60.000      0.000      0.000      0.000      0.000
    20.000    -60.000      0.000      0.000      0.000      0.000
    25.000    -60.000      0.000      0.000      0.000      0.000
    30.000    -60.000      0.000      0.000      0.000      0.000
    35.000    -60.000      0.000      0.000      0.000      0.000
    40.000    -60.000      0.000      0.000      0.000      0.000
    45.000    -60.000      0.000      0.000      0.000      0.000
    50.000    -60.000      0.000      0.000      0.000      0.000
    55.000    -60.000      0.000      0.000      0.000      0.000
    60.000    -60.000      0.000      0.000      0.000      0.000
    65.000    -60.000      0.000      0.000      0.000      0.000
    70.000    -60.000      0.000      0.000      0.000      0.000
    75.000    -60.000      0.000      0.000      0.000      0.000
    80.000    -60.000      0.000      0.000      0.000      0.000
    85.000    -60.000      0.000      0.000      0.000      0.000
    90.000    -60.000      0.000      0.000      0.000      0.000
    95.000    -60.000      0.000      0.000      0.000      0.000
   100.000    -60.000      0.000      0.000      0.000      0.000
   105.000    -60.000      0.000      0.000      0.000      0.000
   110.000    -60.000      0.000      0.000      0.000      0.000
   115.000    -60.000      0.000      0.000      0.000      0.000
   120.000    -60.000      0.000      0.000      0.000      0.000
   125.000    -60.000      0.000      0.000      0.000      0.000
   130.000    -60.000      0.000      0.000      0.000      0.000
   135.000    -60.000      0.000      0.000      0.000      0.000
   140.000    -60.000      0.000      0.000      0.000      0.000
   145.000    -60.000      0.000      0.000      0.000      0.000
   -25.000    -55.000      0.000      0.000      0.000      0.000
   -20.000    -55.000      0.000      0.000      0.000      0.000
   -15.000    -55.000      0.000      0.000      0.000      0.000
   -10.000    -55.000      0.000      0.000      0.000      0.000
    -5.000    -55.000      0.013   -159.846      0.013   -159.846
     0.000    -55.000      0.016    160.892      0.016    160.892
     5.000    -55.000      0.017    133.552      0.017    133.552
    10.000    -55.000      0.000      0.000      0.000      0.000
    15.000    -55.000      0.000      0.000      0.000      0.000
    20.000    -55.000      0.000      0.000      0.000      0.000
    25.000    -55.000      0.000      0.000      0.000      0.000
    30.000    -55.000      0.000      0.000      0.000      0.000
    35.000    -55.000      0.000      0.000      0.000      0.000
    40.000    -55.000      0.000      0.000      0.000      0.000
    45.000    -55.000      0.000      0.000      0.000      0.000
    50.000    -55.000      0.000      0.000      0.000      0.000
    55.000    -55.000      0.000      0.000      0.000      0.000
    60.000    -55.000      0.000      0.000      0.000      0.000
    65.000    -55.000      0.000      0.000      0.000      0.000
    70.000    -55.000      0.000      0.000      0.000      0.000
    75.000    -55.000      0.000      0.000      0.000      0.000
    80.000    -55.000      0.000      0.000      0.000      0.000
    85.000    -55.000      0.000      0.000      0.000      0.000
    90.000    -55.000      0.000      0.000      0.000      0.000
    95.000    -55.000      0.000      0.000      0.000      0.000
   100.000    -55.000      0.000      0.000      0.000      0.000
   105.000    -55.000      0.000      0.000      0.000      0.000
   110.000    -55.000      0.000      0.000      0.000      0.000
   115.000    -55.000      0.000      0.000      0.000      0.000
   120.000    -55.000      0.000      0.000      0.000      0.000
   125.000    -55.000      0.000      0.000      0.000      0.000
   130.000    -55.000      0.000      0.000      0.000      0.000
   135.000    -55.000      0.000      0.000      0.000      0.000
   140.000    -55.000      0.000      0.000      0.000      0.000
   145.000    -55.000      0.000      0.000      0.000      0.000
   -25.000    -50.000      0.000      0.000      0.000      0.000
   -20.000    -50.000      0.000      0.000      0.000      0.000
   -15.000    -50.000      0.000      0.000      0.000      0.000
   -10.000    -50.000      0.126    -73.977      0.131    -73.833
    -5.000    -50.000      0.053   -143.900      0.054   -143.737
     0.000    -50.000      0.203    146.648      0.209    146.547
     5.000    -50.000      0.251    148.697      0.259    148.646
    10.000    -50.000      0.166    176.271      0.171    176.332
    15.000    -50.000      0.078   -165.240      0.081   -165.108
    20.000    -50.000      0.014    165.344      0.014    165.344
    25.000    -50.000      0.011    149.284      0.011    149.284
    30.000    -50.000      0.000      0.000      0.000      0.000
    35.000    -50.000      0.000      0.000      0.000      0.000
    40.000    -50.000      0.000      0.000      0.000      0.000
    45.000    -50.000      0.000      0.000      0.000      0.000
    50.000    -50.000      0.000      0.000      0.000      0.000
    55.000    -50.000      0.000      0.000      0.000      0.000
    60.000    -50.000      0.000      0.000      0.000      0.000
    65.000    -50.000      0.000      0.000      0.000      0.000
    70.000    -50.000      0.000      0.000      0.000      0.000
    75.000    -50.000      0.000      0.000      0.000      0.000
    80.000    -50.000      0.000      0.000      0.000      0.000
    85.000    -50.000      0.000      0.000      0.000      0.000
    90.000    -50.000      0.000      0.000      0.000      0.000
    95.000    -50.000      0.000      0.000      0.000      0.000
   100.000    -50.000      0.000      0.000      0.000      0.000
   105.000    -50.000      0.000      0.000      0.000      0.000
   110.000    -50.000      0.000      0.000      0.000      0.000
   115.000    -50.000      0.000      0.000      0.000      0.000
   120.000    -50.000      0.000      0.000      0.000      0.000
   125.000    -50.000      0.000      0.000      0.000      0.000
   130.000    -50.000      0.000      0.000      0.000      0.000
   135.000    -50.000      0.000      0.000      0.000      0.000
   140.000    -50.000      0.000      0.000      0.000      0.000
   145.000    -50.000      0.000      0.000      0.000      0.000
   -25.000    -45.000      0.000      0.000      0.000      0.000
   -20.000    -45.000      0.000      0.000      0.000      0.000
   -15.000    -45.000      0.000      0.000      0.000      0.000
   -10.000    -45.000      0.254   -124.020      0.507   -118.783
    -5.000    -45.000      0.459   -137.198      0.911   -131.386
     0.000    -45.000      0.576   -145.795      1.158   -135.118
     5.000    -45.000      0.605   -147.753      1.163   -136.071
    10.000    -45.000      0.557   -144.861      1.022   -137.645
    15.000    -45.000      0.447   -139.539      0.870   -136.065
    20.000    -45.000      0.250   -125.505      0.343   -116.090
    25.000    -45.000      0.102    -97.158      0.106    -96.965
    30.000    -45.000      0.111    -40.740      0.115    -40.660
    35.000    -45.000      0.003    -76.380      0.003    -76.380
    40.000    -45.000      0.000      0.000      0.000      0.000
    45.000    -45.000      0.000      0.000      0.000      0.000
    50.000    -45.000      0.000      0.000      0.000      0.000
    55.000    -45.000      0.000      0.000      0.000      0.000
    60.000    -45.000      0.000      0.000      0.000      0.000
    65.000    -45.000      0.000      0.000      0.000      0.000
    70.000    -45.000      0.000      0.000      0.000      0.000
    75.000    -45.000      0.000      0.000      0.000      0.000
    80.000    -45.000      0.000      0.000      0.000      0.000
    85.000    -45.000      0.000      0.000      0.000      0.000
    90.000    -45.000      0.000      0.000      0.000      0.000
    95.000    -45.000      0.000      0.000      0.000      0.000
   100.000    -45.000      0.000      0.000      0.000      0.000
   105.000    -45.000      0.000      0.000      0.000      0.000
   110.000    -45.000      0.000      0.000      0.000      0.000
   115.000    -45.000      0.000      0.000      0.000      0.000
   120.000    -45.000      0.000      0.000      0.000      0.000
   125.000    -45.000      0.000      0.000      0.000      0.000
   130.000    -45.000      0.000      0.000      0.000      0.000
   135.000    -45.000      0.000      0.000      0.000      0.000
   140.000    -45.000      0.000      0.000      0.000      0.000
   145.000    -45.000      0.000      0.000      0.000      0.000
   -25.000    -40.000      0.000      0.000      0.000      0.000
   -20.000    -40.000      0.000      0.000      0.000      0.000
   -15.000    -40.000      0.000      0.000      0.000      0.000
   -10.000    -40.000      0.382   -139.852      1.044   -125.096
    -5.000    -40.000      0.630   -142.378      1.679   -133.558
     0.000    -40.000      0.709   -146.142      1.800   -140.750
     5.000    -40.000      0.685   -148.952      1.606   -146.109
    10.000    -40.000      0.587   -150.737      1.446   -144.268
    15.000    -40.000      0.455   -151.994      1.359   -135.284
    20.000    -40.000      0.223   -157.381      0.893   -132.692
    25.000    -40.000      0.065    106.029      0.057    111.271
    30.000    -40.000      0.111     41.299      0.220     49.407
    35.000    -40.000      0.159    -96.316      0.164    -96.306
    40.000    -40.000      0.006    127.555      0.006    127.555
    45.000    -40.000      0.000      0.000      0.000      0.000
    50.000    -40.000      0.000      0.000      0.000      0.000
    55.000    -40.000      0.000      0.000      0.000      0.000
    60.000    -40.000      0.000      0.000      0.000      0.000
    65.000    -40.000      0.000      0.000      0.000      0.000
    70.000    -40.000      0.000      0.000      0.000      0.000
    75.000    -40.000      0.000      0.000      0.000      0.000
    80.000    -40.000      0.000      0.000      0.000      0.000
    85.000    -40.000      0.000      0.000      0.000      0.000
    90.000    -40.000      0.000      0.000      0.000      0.000
    95.000    -40.000      0.000      0.000      0.000      0.000
   100.000    -40.000      0.000      0.000      0.000      0.000
   105.000    -40.000      0.000      0.000      0.000      0.000
   110.000    -40.000      0.000      0.000      0.000      0.000
   115.000    -40.000      0.000      0.000      0.000      0.000
   120.000    -40.000      0.000      0.000      0.000      0.000
   125.000    -40.000      0.000      0.000      0.000      0.000
   130.000    -40.000      0.000      0.000      0.000      0.000
   135.000    -40.000      0.000      0.000      0.000      0.000
   140.000    -40.000      0.000      0.000      0.000      0.000
   145.000    -40.000      0.000      0.000      0.000      0.000
   -25.000    -35.000      0.000      0.000      0.000      0.000
   -20.000    -35.000      0.000      0.000      0.000      0.000
   -15.000    -35.000      0.000      0.000      0.000      0.000
   -10.000    -35.000      0.340   -144.830      1.279   -120.701
    -5.000    -35.000      0.526   -148.190      1.877   -124.971
     0.000    -35.000      0.595   -152.821      2.008   -130.746
     5.000    -35.000      0.549   -156.789      2.011   -132.968
    10.000    -35.000      0.440   -156.517      1.888   -125.022
    15.000    -35.000      0.305   -153.993      1.358   -106.134
    20.000    -35.000      0.136   -156.080      1.055   -107.029
    25.000    -35.000      0.053     64.264      0.414    -51.082
    30.000    -35.000      0.137     34.757      0.454     12.266
    35.000    -35.000      0.021     29.243      0.065    -14.720
    40.000    -35.000      0.071    160.259      0.074    160.162
    45.000    -35.000      0.010    171.020      0.010    171.020
    50.000    -35.000      0.000      0.000      0.000      0.000
    55.000    -35.000      0.000      0.000      0.000      0.000
    60.000    -35.000      0.000      0.000      0.000      0.000
    65.000    -35.000      0.000      0.000      0.000      0.000
    70.000    -35.000      0.000      0.000      0.000      0.000
    75.000    -35.000      0.000      0.000      0.000      0.000
    80.000    -35.000      0.000      0.000      0.000      0.000
    85.000    -35.000      0.000      0.000      0.000      0.000
    90.000    -35.000      0.000      0.000      0.000      0.000
    95.000    -35.000      0.000      0.000      0.000      0.000
   100.000    -35.000      0.000      0.000      0.000      0.000
   105.000    -35.000      0.000      0.000      0.000      0.000
   110.000    -35.000      0.000      0.000      0.000      0.000
   115.000    -35.000      0.000      0.000      0.000      0.000
   120.000    -35.000      0.000      0.000      0.000      0.000
   125.000    -35.000      0.000      0.000      0.000      0.000
   130.000    -35.000      0.000      0.000      0.000      0.000
   135.000    -35.000      0.000      0.000      0.000      0.000
   140.000    -35.000      0.000      0.000      0.000      0.000
   145.000    -35.000      0.000      0.000      0.000      0.000
   -25.000    -30.000      0.000      0.000      0.000      0.000
   -20.000    -30.000      0.000      0.000      0.000      0.000
   -15.000    -30.000      0.000      0.000      0.000      0.000
   -10.000    -30.000      0.240   -136.907      1.199   -128.154
    -5.000    -30.000      0.407   -140.696      1.892   -126.598
     0.000    -30.000      0.454   -141.731      1.947   -124.686
     5.000    -30.000      0.401   -139.976      1.863   -119.593
    10.000    -30.000      0.322   -133.379      1.779   -102.536
    15.000    -30.000      0.247   -119.547      1.668    -72.062
    20.000    -30.000      0.180    -85.414      1.376    -48.303
    25.000    -30.000      0.199    -37.554      1.327    -30.760
    30.000    -30.000      0.230    -14.834      0.944    -27.567
    35.000    -30.000      0.138     -9.452      0.336    -20.889
    40.000    -30.000      0.131     88.017      0.162     76.694
    45.000    -30.000      0.244    100.391      0.252    100.493
    50.000    -30.000      0.000      0.000      0.000      0.000
    55.000    -30.000      0.000      0.000      0.000      0.000
    60.000    -30.000      0.000      0.000      0.000      0.000
    65.000    -30.000      0.000      0.000      0.000      0.000
    70.000    -30.000      0.000      0.000      0.000      0.000
    75.000    -30.000      0.000      0.000      0.000      0.000
    80.000    -30.000      0.000      0.000      0.000      0.000
    85.000    -30.000      0.000      0.000      0.000      0.000
    90.000    -30.000      0.000      0.000      0.000      0.000
    95.000    -30.000      0.000      0.000      0.000      0.000
   100.000    -30.000      0.000      0.000      0.000      0.000
   105.000    -30.000      0.000      0.000      0.000      0.000
   110.000    -30.000      0.000      0.000      0.000      0.000
   115.000    -30.000      0.000      0.000      0.000      0.000
   120.000    -30.000      0.000      0.000      0.000      0.000
   125.000    -30.000      0.000      0.000      0.000      0.000
   130.000    -30.000      0.000      0.000      0.000      0.000
   135.000    -30.000      0.000      0.000      0.000      0.000
   140.000    -30.000      0.000      0.000      0.000      0.000
   145.000    -30.000      0.000      0.000      0.000      0.000
   -25.000    -25.000      0.000      0.000      0.000      0.000
   -20.000    -25.000      0.000      0.000      0.000      0.000
   -15.000    -25.000      0.000      0.000      0.000      0.000
   -10.000    -25.000      0.182   -146.507      1.290   -107.490
    -5.000    -25.000      0.284   -138.143      2.075   -104.145
     0.000    -25.000      0.329   -121.503      2.399    -99.472
     5.000    -25.000      0.327   -105.247      2.381    -93.766
    10.000    -25.000      0.301    -84.842      2.101    -78.315
    15.000    -25.000      0.303    -58.485      1.994    -45.630
    20.000    -25.000      0.332    -36.989      2.107    -20.595
    25.000    -25.000      0.354    -21.882      1.941     -9.662
    30.000    -25.000      0.332    -14.278      1.542    -15.959
    35.000    -25.000      0.236    -13.607      0.908    -25.035
    40.000    -25.000      0.108     21.732      0.154    -21.379
    45.000    -25.000      0.166     63.013      0.171     62.998
    50.000    -25.000      0.018     53.999      0.018     53.999
    55.000    -25.000      0.000      0.000      0.000      0.000
    60.000    -25.000      0.000      0.000      0.000      0.000
    65.000    -25.000      0.000      0.000      0.000      0.000
    70.000    -25.000      0.000      0.000      0.000      0.000
    75.000    -25.000      0.000      0.000      0.000      0.000
    80.000    -25.000      0.000      0.000      0.000      0.000
    85.000    -25.000      0.000      0.000      0.000      0.000
    90.000    -25.000      0.000      0.000      0.000      0.000
    95.000    -25.000      0.000      0.000      0.000      0.000
   100.000    -25.000      0.000      0.000      0.000      0.000
   105.000    -25.000      0.000      0.000      0.000      0.000
   110.000    -25.000      0.000      0.000      0.000      0.000
   115.000    -25.000      0.000      0.000      0.000      0.000
   120.000    -25.000      0.000      0.000      0.000      0.000
   125.000    -25.000      0.000      0.000      0.000      0.000
   130.000    -25.000      0.000      0.000      0.000      0.000
   135.000    -25.000      0.000      0.000      0.000      0.000
   140.000    -25.000      0.000      0.000      0.000      0.000
   145.000    -25.000      0.000      0.000      0.000      0.000
   -25.000    -20.000      0.000      0.000      0.000      0.000
   -20.000    -20.000      0.000      0.000      0.000      0.000
   -15.000    -20.000      0.000      0.000      0.000      0.000
   -10.000    -20.000      0.122   -172.084      1.565    -81.794
    -5.000    -20.000      0.154   -161.838      2.341    -82.795
     0.000    -20.000      0.114   -132.307      2.534    -79.808
     5.000    -20.000      0.135    -65.100      2.430    -71.476
    10.000    -20.000      0.265    -30.220      2.230    -52.329
    15.000    -20.000      0.420    -19.651      2.379    -25.156
    20.000    -20.000      0.536    -15.562      2.797     -7.077
    25.000    -20.000      0.574    -13.491      2.611     -3.485
    30.000    -20.000      0.524    -14.040      2.088     -4.654
    35.000    -20.000      0.393    -17.818      1.472     -2.414
    40.000    -20.000      0.218    -17.422      0.594     -9.092
    45.000    -20.000      0.095    -23.637      0.110    -14.849
    50.000    -20.000      0.012     13.790      0.012     13.790
    55.000    -20.000      0.000      0.000      0.000      0.000
    60.000    -20.000      0.000      0.000      0.000      0.000
    65.000    -20.000      0.000      0.000      0.000      0.000
    70.000    -20.000      0.000      0.000      0.000      0.000
    75.000    -20.000      0.000      0.000      0.000      0.000
    80.000    -20.000      0.000      0.000      0.000      0.000
    85.000    -20.000      0.000      0.000      0.000      0.000
    90.000    -20.000      0.000      0.000      0.000      0.000
    95.000    -20.000      0.000      0.000      0.000      0.000
   100.000    -20.000      0.000      0.000      0.000      0.000
   105.000    -20.000      0.000      0.000      0.000      0.000
   110.000    -20.000      0.000      0.000      0.000      0.000
   115.000    -20.000      0.000      0.000      0.000      0.000
   120.000    -20.000      0.000      0.000      0.000      0.000
   125.000    -20.000      0.000      0.000      0.000      0.000
   130.000    -20.000      0.000      0.000      0.000      0.000
   135.000    -20.000      0.000      0.000      0.000      0.000
   140.000    -20.000      0.000      0.000      0.000      0.000
   145.000    -20.000      0.000      0.000      0.000      0.000
   -25.000    -15.000      0.000      0.000      0.000      0.000
   -20.000    -15.000      0.000      0.000      0.000      0.000
   -15.000    -15.000      0.000      0.000      0.000      0.000
   -10.000    -15.000      0.073    106.357      1.270    -50.847
    -5.000    -15.000      0.058     88.523      2.113    -45.405
     0.000    -15.000      0.087     21.426      2.597    -46.447
     5.000    -15.000      0.192      5.449      2.693    -39.984
    10.000    -15.000      0.313      0.268      2.815    -19.346
    15.000    -15.000      0.444     -3.423      3.110     -2.279
    20.000    -15.000      0.561     -3.824      3.451      7.474
    25.000    -15.000      0.623     -4.944      3.053      5.762
    30.000    -15.000      0.617     -4.299      2.399     -2.659
    35.000    -15.000      0.514     -1.955      1.799      7.581
    40.000    -15.000      0.363      6.739      1.031     27.125
    45.000    -15.000      0.212     11.275      0.548     24.524
    50.000    -15.000      0.066    -43.531      0.068    -43.155
    55.000    -15.000      0.000      0.000      0.000      0.000
    60.000    -15.000      0.000      0.000      0.000      0.000
    65.000    -15.000      0.000      0.000      0.000      0.000
    70.000    -15.000      0.000      0.000      0.000      0.000
    75.000    -15.000      0.000      0.000      0.000      0.000
    80.000    -15.000      0.000      0.000      0.000      0.000
    85.000    -15.000      0.000      0.000      0.000      0.000
    90.000    -15.000      0.000      0.000      0.000      0.000
    95.000    -15.000      0.000      0.000      0.000      0.000
   100.000    -15.000      0.000      0.000      0.000      0.000
   105.000    -15.000      0.000      0.000      0.000      0.000
   110.000    -15.000      0.000      0.000      0.000      0.000
   115.000    -15.000      0.000      0.000      0.000      0.000
   120.000    -15.000      0.000      0.000      0.000      0.000
   125.000    -15.000      0.000      0.000      0.000      0.000
   130.000    -15.000      0.000      0.000      0.000      0.000
   135.000    -15.000      0.000      0.000      0.000      0.000
   140.000    -15.000      0.000      0.000      0.000      0.000
   145.000    -15.000      0.000      0.000      0.000      0.000
   -25.000    -10.000      0.000      0.000      0.000      0.000
   -20.000    -10.000      0.000      0.000      0.000      0.000
   -15.000    -10.000      0.000      0.000      0.000      0.000
   -10.000    -10.000      0.092     14.412      1.108     -4.864
    -5.000    -10.000      0.140     16.056      1.805     -2.793
     0.000    -10.000      0.174      8.604      2.360    -12.085
     5.000    -10.000      0.241      5.063      2.796    -13.397
    10.000    -10.000      0.332      6.440      3.000      2.611
    15.000    -10.000      0.425      2.990      3.444      8.556
    20.000    -10.000      0.502      1.721      3.851     13.201
    25.000    -10.000      0.539      0.168      3.398     15.224
    30.000    -10.000      0.545      2.756      2.367      5.584
    35.000    -10.000      0.516      8.319      1.744     10.406
    40.000    -10.000      0.452     16.481      1.052     26.621
    45.000    -10.000      0.328     20.401      0.661     23.430
    50.000    -10.000      0.074     -8.365      0.076     -8.119
    55.000    -10.000      0.000      0.000      0.000      0.000
    60.000    -10.000      0.000      0.000      0.000      0.000
    65.000    -10.000      0.000      0.000      0.000      0.000
    70.000    -10.000      0.000      0.000      0.000      0.000
    75.000    -10.000      0.000      0.000      0.000      0.000
    80.000    -10.000      0.000      0.000      0.000      0.000
    85.000    -10.000      0.000      0.000      0.000      0.000
    90.000    -10.000      0.000      0.000      0.000      0.000
    95.000    -10.000      0.000      0.000      0.000      0.000
   100.000    -10.000      0.000      0.000      0.000      0.000
   105.000    -10.000      0.000      0.000      0.000      0.000
   110.000    -10.000      0.000      0.000      0.000      0.000
   115.000    -10.000      0.000      0.000      0.000      0.000
   120.000    -10.000      0.000      0.000      0.000      0.000
   125.000    -10.000      0.000      0.000      0.000      0.000
   130.000    -10.000      0.000      0.000      0.000      0.000
   135.000    -10.000      0.000      0.000      0.000      0.000
   140.000    -10.000      0.000      0.000      0.000      0.000
   145.000    -10.000      0.000      0.000      0.000      0.000
   -25.000     -5.000      0.000      0.000      0.000      0.000
   -20.000     -5.000      0.000      0.000      0.000      0.000
   -15.000     -5.000      0.000      0.000      0.000      0.000
   -10.000     -5.000      0.128    -19.072      1.094     14.453
    -5.000     -5.000      0.198     -5.547      1.492     11.887
     0.000     -5.000      0.247      2.710      1.691     -6.485
     5.000     -5.000      0.277      7.033      2.003    -15.174
    10.000     -5.000      0.301      8.678      2.305      1.144
    15.000     -5.000      0.333      9.196      3.050     18.980
    20.000     -5.000      0.369      6.895      3.268     16.800
    25.000     -5.000      0.401      4.449      2.851     13.291
    30.000     -5.000      0.418      1.875      2.080      8.182
    35.000     -5.000      0.402      2.409      1.380      5.353
    40.000     -5.000      0.353      4.514      0.693      8.922
    45.000     -5.000      0.271      9.941      0.463     18.916
    50.000     -5.000      0.164     41.946      0.169     42.012
    55.000     -5.000      0.013     34.225      0.013     34.225
    60.000     -5.000      0.000      0.000      0.000      0.000
    65.000     -5.000      0.000      0.000      0.000      0.000
    70.000     -5.000      0.000      0.000      0.000      0.000
    75.000     -5.000      0.000      0.000      0.000      0.000
    80.000     -5.000      0.000      0.000      0.000      0.000
    85.000     -5.000      0.000      0.000      0.000      0.000
    90.000     -5.000      0.000      0.000      0.000      0.000
    95.000     -5.000      0.000      0.000      0.000      0.000
   100.000     -5.000      0.000      0.000      0.000      0.000
   105.000     -5.000      0.000      0.000      0.000      0.000
   110.000     -5.000      0.000      0.000      0.000      0.000
   115.000     -5.000      0.000      0.000      0.000      0.000
   120.000     -5.000      0.000      0.000      0.000      0.000
   125.000     -5.000      0.000      0.000      0.000      0.000
   130.000     -5.000      0.000      0.000      0.000      0.000
   135.000     -5.000      0.000      0.000      0.000      0.000
   140.000     -5.000      0.000      0.000      0.000      0.000
   145.000     -5.000      0.000      0.000      0.000      0.000
   -25.000      0.000      0.000      0.000      0.000      0.000
   -20.000      0.000      0.000      0.000      0.000      0.000
   -15.000      0.000      0.000      0.000      0.000      0.000
   -10.000      0.000      0.082     -9.929      0.482    -22.473
    -5.000      0.000      0.151      0.764      1.004     39.482
     0.000      0.000      0.188      6.606      0.874     23.298
     5.000      0.000      0.208      9.609      0.974    -12.312
    10.000      0.000      0.215     13.869      1.318    -11.514
    15.000      0.000      0.213     12.466      1.546     13.068
    20.000      0.000      0.220      9.589      1.843     17.230
    25.000      0.000      0.215      5.056      1.727     21.689
    30.000      0.000      0.184      0.295      1.294     14.978
    35.000      0.000      0.139    -10.109      0.850     13.341
    40.000      0.000      0.120    -34.441      0.440    -35.290
    45.000      0.000      0.133    -59.627      0.343    -76.764
    50.000      0.000      0.100    -72.732      0.104    -72.910
    55.000      0.000      0.005    -23.962      0.005    -23.962
    60.000      0.000      0.000      0.000      0.000      0.000
    65.000      0.000      0.000      0.000      0.000      0.000
    70.000      0.000      0.000      0.000      0.000      0.000
    75.000      0.000      0.000      0.000      0.000      0.000
    80.000      0.000      0.000      0.000      0.000      0.000
    85.000      0.000      0.000      0.000      0.000      0.000
    90.000      0.000      0.000      0.000      0.000      0.000
    95.000      0.000      0.000      0.000      0.000      0.000
   100.000      0.000      0.000      0.000      0.000      0.000
   105.000      0.000      0.000      0.000      0.000      0.000
   110.000      0.000      0.000      0.000      0.000      0.000
   115.000      0.000      0.000      0.000      0.000      0.000
   120.000      0.000      0.000      0.000      0.000      0.000
   125.000      0.000      0.000      0.000      0.000      0.000
   130.000      0.000      0.000      0.000      0.000      0.000
   135.000      0.000      0.000      0.000      0.000      0.000
   140.000      0.000      0.000      0.000      0.000      0.000
   145.000      0.000      0.000      0.000      0.000      0.000
   -25.000      5.000      0.000      0.000      0.000      0.000
   -20.000      5.000      0.000      0.000      0.000      0.000
   -15.000      5.000      0.000      0.000      0.000      0.000
   -10.000      5.000      0.000      0.000      0.000      0.000
    -5.000      5.000      0.000      0.000      0.000      0.000
     0.000      5.000      0.000      0.000      0.000      0.000
     5.000      5.000      0.000      0.000      0.000      0.000
    10.000      5.000      0.000      0.000      0.000      0.000
    15.000      5.000      0.000      0.000      0.000      0.000
    20.000      5.000      0.000      0.000      0.000      0.000
    25.000      5.000      0.000      0.000      0.000      0.000
    30.000      5.000      0.000      0.000      0.000      0.000
    35.000      5.000      0.000      0.000      0.000      0.000
    40.000      5.000      0.000      0.000      0.000      0.000
    45.000      5.000      0.000      0.000      0.000      0.000
    50.000      5.000      0.000      0.000      0.000      0.000
    55.000      5.000      0.000      0.000      0.000      0.000
    60.000      5.000      0.000      0.000      0.000      0.000
    65.000      5.000      0.000      0.000      0.000      0.000
    70.000      5.000      0.000      0.000      0.000      0.000
    75.000      5.000      0.000      0.000      0.000      0.000
    80.000      5.000      0.000      0.000      0.000      0.000
    85.000      5.000      0.000      0.000      0.000      0.000
    90.000      5.000      0.000      0.000      0.000      0.000
    95.000      5.000      0.000      0.000      0.000      0.000
   100.000      5.000      0.000      0.000      0.000      0.000
   105.000      5.000      0.000      0.000      0.000      0.000
   110.000      5.000      0.000      0.000      0.000      0.000
   115.000      5.000      0.000      0.000      0.000      0.000
   120.000      5.000      0.000      0.000      0.000      0.000
   125.000      5.000      0.000      0.000      0.000      0.000
   130.000      5.000      0.000      0.000      0.000      0.000
   135.000      5.000      0.000      0.000      0.000      0.000
   140.000      5.000      0.000      0.000      0.000      0.000
   145.000      5.000      0.000      0.000      0.000      0.000
   -25.000     10.000      0.000      0.000      0.000      0.000
   -20.000     10.000      0.000      0.000      0.000      0.000
   -15.000     10.000      0.000      0.000      0.000      0.000
   -10.000     10.000      0.000      0.000      0.000      0.000
    -5.000     10.000      0.000      0.000      0.000      0.000
     0.000     10.000      0.000      0.000      0.000      0.000
     5.000     10.000      0.000      0.000      0.000      0.000
    10.000     10.000      0.000      0.000      0.000      0.000
    15.000     10.000      0.000      0.000      0.000      0.000
    20.000     10.000      0.000      0.000      0.000      0.000
    25.000     10.000      0.000      0.000      0.000      0.000
    30.000     10.000      0.000      0.000      0.000      0.000
    35.000     10.000      0.000      0.000      0.000      0.000
    40.000     10.000      0.000      0.000      0.000      0.000
    45.000     10.000      0.000      0.000      0.000      0.000
    50.000     10.000      0.000      0.000      0.000      0.000
    55.000     10.000      0.000      0.000      0.000      0.000
    60.000     10.000      0.000      0.000      0.000      0.000
    65.000     10.000      0.000      0.000      0.000      0.000
    70.000     10.000      0.000      0.000      0.000      0.000
    75.000     10.000      0.000      0.000      0.000      0.000
    80.000     10.000      0.000      0.000      0.000      0.000
    85.000     10.000      0.000      0.000      0.000      0.000
    90.000     10.000      0.000      0.000      0.000      0.000
    95.000     10.000      0.000      0.000      0.000      0.000
   100.000     10.000      0.000      0.000      0.000      0.000
   105.000     10.000      0.000      0.000      0.000      0.000
   110.000     10.000      0.000      0.000      0.000      0.000
   115.000     10.000      0.000      0.000      0.000      0.000
   120.000     10.000      0.000      0.000      0.000      0.000
   125.000     10.000      0.000      0.000      0.000      0.000
   130.000     10.000      0.000      0.000      0.000      0.000
   135.000     10.000      0.000      0.000      0.000      0.000
   140.000     10.000      0.000      0.000      0.000      0.000
   145.000     10.000      0.000      0.000      0.000      0.000
   -25.000     15.000      0.000      0.000      0.000      0.000
   -20.000     15.000      0.000      0.000      0.000      0.000
   -15.000     15.000      0.000      0.000      0.000      0.000
   -10.000     15.000      0.000      0.000      0.000      0.000
    -5.000     15.000      0.000      0.000      0.000      0.000
     0.000     15.000      0.000      0.000      0.000      0.000
     5.000     15.000      0.000      0.000      0.000      0.000
    10.000     15.000      0.000      0.000      0.000      0.000
    15.000     15.000      0.000      0.000      0.000      0.000
    20.000     15.000      0.000      0.000      0.000      0.000
    25.000     15.000      0.000      0.000      0.000      0.000
    30.000     15.000      0.000      0.000      0.000      0.000
    35.000     15.000      0.000      0.000      0.000      0.000
    40.000     15.000      0.000      0.000      0.000      0.000
    45.000     15.000      0.000      0.000      0.000      0.000
    50.000     15.000      0.000      0.000      0.000      0.000
    55.000     15.000      0.000      0.000      0.000      0.000
    60.000     15.000      0.000      0.000      0.000      0.000
    65.000     15.000      0.000      0.000      0.000      0.000
    70.000     15.000      0.000      0.000      0.000      0.000
    75.000     15.000      0.000      0.000      0.000      0.000
    80.000     15.000      0.000      0.000      0.000      0.000
    85.000     15.000      0.000      0.000      0.000      0.000
    90.000     15.000      0.000      0.000      0.000      0.000
    95.000     15.000      0.000      0.000      0.000      0.000
   100.000     15.000      0.000      0.000      0.000      0.000
   105.000     15.000      0.000      0.000      0.000      0.000
   110.000     15.000      0.000      0.000      0.000      0.000
   115.000     15.000      0.000      0.000      0.000      0.000
   120.000     15.000      0.000      0.000      0.000      0.000
   125.000     15.000      0.000      0.000      0.000      0.000
   130.000     15.000      0.000      0.000      0.000      0.000
   135.000     15.000      0.000      0.000      0.000      0.000
   140.000     15.000      0.000      0.000      0.000      0.000
   145.000     15.000      0.000      0.000      0.000      0.000
