   -25.000    -75.000      0.000      0.000      0.000      0.000
   -20.000    -75.000      0.000      0.000      0.000      0.000
   -15.000    -75.000      0.000      0.000      0.000      0.000
   -10.000    -75.000      0.000      0.000      0.000      0.000
    -5.000    -75.000      0.000      0.000      0.000      0.000
     0.000    -75.000      0.000      0.000      0.000      0.000
     5.000    -75.000      0.000      0.000      0.000      0.000
    10.000    -75.000      0.000      0.000      0.000      0.000
    15.000    -75.000      0.000      0.000      0.000      0.000
    20.000    -75.000      0.000      0.000      0.000      0.000
    25.000    -75.000      0.000      0.000      0.000      0.000
    30.000    -75.000      0.000      0.000      0.000      0.000
    35.000    -75.000      0.000      0.000      0.000      0.000
    40.000    -75.000      0.000      0.000      0.000      0.000
    45.000    -75.000      0.000      0.000      0.000      0.000
    50.000    -75.000      0.000      0.000      0.000      0.000
    55.000    -75.000      0.000      0.000      0.000      0.000
    60.000    -75.000      0.000      0.000      0.000      0.000
    65.000    -75.000      0.000      0.000      0.000      0.000
    70.000    -75.000      0.000      0.000      0.000      0.000
    75.000    -75.000      0.000      0.000      0.000      0.000
    80.000    -75.000      0.000      0.000      0.000      0.000
    85.000    -75.000      0.000      0.000      0.000      0.000
    90.000    -75.000      0.000      0.000      0.000      0.000
    95.000    -75.000      0.000      0.000      0.000      0.000
   100.000    -75.000      0.000      0.000      0.000      0.000
   105.000    -75.000      0.000      0.000      0.000      0.000
   110.000    -75.000      0.000      0.000      0.000      0.000
   115.000    -75.000      0.000      0.000      0.000      0.000
   120.000    -75.000      0.000      0.000      0.000      0.000
   125.000    -75.000      0.000      0.000      0.000      0.000
   130.000    -75.000      0.000      0.000      0.000      0.000
   135.000    -75.000      0.000      0.000      0.000      0.000
   140.000    -75.000      0.000      0.000      0.000      0.000
   145.000    -75.000      0.000      0.000      0.000      0.000
   -25.000    -70.000      0.000      0.000      0.000      0.000
   -20.000    -70.000      0.000      0.000      0.000      0.000
   -15.000    -70.000      0.000      0.000      0.000      0.000
   -10.000    -70.000      0.000      0.000      0.000      0.000
    -5.000    -70.000      0.000      0.000      0.000      0.000
     0.000    -70.000      0.000      0.000      0.000      0.000
     5.000    -70.000      0.000      0.000      0.000      0.000
    10.000    -70.000      0.000      0.000      0.000      0.000
    15.000    -70.000      0.000      0.000      0.000      0.000
    20.000    -70.000      0.000      0.000      0.000      0.000
    25.000    -70.000      0.000      0.000      0.000      0.000
    30.000    -70.000      0.000      0.000      0.000      0.000
    35.000    -70.000      0.000      0.000      0.000      0.000
    40.000    -70.000      0.000      0.000      0.000      0.000
    45.000    -70.000      0.000      0.000      0.000      0.000
    50.000    -70.000      0.000      0.000      0.000      0.000
    55.000    -70.000      0.000      0.000      0.000      0.000
    60.000    -70.000      0.000      0.000      0.000      0.000
    65.000    -70.000      0.000      0.000      0.000      0.000
    70.000    -70.000      0.000      0.000      0.000      0.000
    75.000    -70.000      0.000      0.000      0.000      0.000
    80.000    -70.000      0.000      0.000      0.000      0.000
    85.000    -70.000      0.000      0.000      0.000      0.000
    90.000    -70.000      0.000      0.000      0.000      0.000
    95.000    -70.000      0.000      0.000      0.000      0.000
   100.000    -70.000      0.000      0.000      0.000      0.000
   105.000    -70.000      0.000      0.000      0.000      0.000
   110.000    -70.000      0.000      0.000      0.000      0.000
   115.000    -70.000      0.000      0.000      0.000      0.000
   120.000    -70.000      0.000      0.000      0.000      0.000
   125.000    -70.000      0.000      0.000      0.000      0.000
   130.000    -70.000      0.000      0.000      0.000      0.000
   135.000    -70.000      0.000      0.000      0.000      0.000
   140.000    -70.000      0.000      0.000      0.000      0.000
   145.000    -70.000      0.000      0.000      0.000      0.000
   -25.000    -65.000      0.000      0.000      0.000      0.000
   -20.000    -65.000      0.000      0.000      0.000      0.000
   -15.000    -65.000      0.000      0.000      0.000      0.000
   -10.000    -65.000      0.000      0.000      0.000      0.000
    -5.000    -65.000      0.000      0.000      0.000      0.000
     0.000    -65.000      0.000      0.000      0.000      0.000
     5.000    -65.000      0.000      0.000      0.000      0.000
    10.000    -65.000      0.000      0.000      0.000      0.000
    15.000    -65.000      0.000      0.000      0.000      0.000
    20.000    -65.000      0.000      0.000      0.000      0.000
    25.000    -65.000      0.000      0.000      0.000      0.000
    30.000    -65.000      0.000      0.000      0.000      0.000
    35.000    -65.000      0.000      0.000      0.000      0.000
    40.000    -65.000      0.000      0.000      0.000      0.000
    45.000    -65.000      0.000      0.000      0.000      0.000
    50.000    -65.000      0.000      0.000      0.000      0.000
    55.000    -65.000      0.000      0.000      0.000      0.000
    60.000    -65.000      0.000      0.000      0.000      0.000
    65.000    -65.000      0.000      0.000      0.000      0.000
    70.000    -65.000      0.000      0.000      0.000      0.000
    75.000    -65.000      0.000      0.000      0.000      0.000
    80.000    -65.000      0.000      0.000      0.000      0.000
    85.000    -65.000      0.000      0.000      0.000      0.000
    90.000    -65.000      0.000      0.000      0.000      0.000
    95.000    -65.000      0.000      0.000      0.000      0.000
   100.000    -65.000      0.000      0.000      0.000      0.000
   105.000    -65.000      0.000      0.000      0.000      0.000
   110.000    -65.000      0.000      0.000      0.000      0.000
   115.000    -65.000      0.000      0.000      0.000      0.000
   120.000    -65.000      0.000      0.000      0.000      0.000
   125.000    -65.000      0.000      0.000      0.000      0.000
   130.000    -65.000      0.000      0.000      0.000      0.000
   135.000    -65.000      0.000      0.000      0.000      0.000
   140.000    -65.000      0.000      0.000      0.000      0.000
   145.000    -65.000      0.000      0.000      0.000      0.000
   -25.000    -60.000      0.000      0.000      0.000      0.000
   -20.000    -60.000      0.000      0.000      0.000      0.000
   -15.000    -60.000      0.000      0.000      0.000      0.000
   -10.000    -60.000      0.033    -74.514      0.033    -74.514
    -5.000    -60.000      0.036   -159.876      0.036   -159.876
     0.000    -60.000      0.072    175.556      0.072    175.556
     5.000    -60.000      0.057    129.735      0.057    129.735
    10.000    -60.000      0.072     72.603      0.072     72.603
    15.000    -60.000      0.000      0.000      0.000      0.000
    20.000    -60.000      0.000      0.000      0.000      0.000
    25.000    -60.000      0.000      0.000      0.000      0.000
    30.000    -60.000      0.000      0.000      0.000      0.000
    35.000    -60.000      0.000      0.000      0.000      0.000
    40.000    -60.000      0.000      0.000      0.000      0.000
    45.000    -60.000      0.000      0.000      0.000      0.000
    50.000    -60.000      0.000      0.000      0.000      0.000
    55.000    -60.000      0.000      0.000      0.000      0.000
    60.000    -60.000      0.000      0.000      0.000      0.000
    65.000    -60.000      0.000      0.000      0.000      0.000
    70.000    -60.000      0.000      0.000      0.000      0.000
    75.000    -60.000      0.000      0.000      0.000      0.000
    80.000    -60.000      0.000      0.000      0.000      0.000
    85.000    -60.000      0.000      0.000      0.000      0.000
    90.000    -60.000      0.000      0.000      0.000      0.000
    95.000    -60.000      0.000      0.000      0.000      0.000
   100.000    -60.000      0.000      0.000      0.000      0.000
   105.000    -60.000      0.000      0.000      0.000      0.000
   110.000    -60.000      0.000      0.000      0.000      0.000
   115.000    -60.000      0.000      0.000      0.000      0.000
   120.000    -60.000      0.000      0.000      0.000      0.000
   125.000    -60.000      0.000      0.000      0.000      0.000
   130.000    -60.000      0.000      0.000      0.000      0.000
   135.000    -60.000      0.000      0.000      0.000      0.000
   140.000    -60.000      0.000      0.000      0.000      0.000
   145.000    -60.000      0.000      0.000      0.000      0.000
   -25.000    -55.000      0.000      0.000      0.000      0.000
   -20.000    -55.000      0.000      0.000      0.000      0.000
   -15.000    -55.000      0.000      0.000      0.000      0.000
   -10.000    -55.000      0.129    148.229      0.156    147.744
    -5.000    -55.000      0.236    165.777      0.373    175.164
     0.000    -55.000      0.334    150.484      0.530    152.960
     5.000    -55.000      0.379    135.105      0.594    134.349
    10.000    -55.000      0.342    122.888      0.410    121.956
    15.000    -55.000      0.285    119.118      0.344    117.840
    20.000    -55.000      0.227    114.498      0.287    112.518
    25.000    -55.000      0.080   -106.634      0.080   -106.634
    30.000    -55.000      0.000      0.000      0.000      0.000
    35.000    -55.000      0.000      0.000      0.000      0.000
    40.000    -55.000      0.000      0.000      0.000      0.000
    45.000    -55.000      0.000      0.000      0.000      0.000
    50.000    -55.000      0.000      0.000      0.000      0.000
    55.000    -55.000      0.000      0.000      0.000      0.000
    60.000    -55.000      0.000      0.000      0.000      0.000
    65.000    -55.000      0.000      0.000      0.000      0.000
    70.000    -55.000      0.000      0.000      0.000      0.000
    75.000    -55.000      0.000      0.000      0.000      0.000
    80.000    -55.000      0.000      0.000      0.000      0.000
    85.000    -55.000      0.000      0.000      0.000      0.000
    90.000    -55.000      0.000      0.000      0.000      0.000
    95.000    -55.000      0.000      0.000      0.000      0.000
   100.000    -55.000      0.000      0.000      0.000      0.000
   105.000    -55.000      0.000      0.000      0.000      0.000
   110.000    -55.000      0.000      0.000      0.000      0.000
   115.000    -55.000      0.000      0.000      0.000      0.000
   120.000    -55.000      0.000      0.000      0.000      0.000
   125.000    -55.000      0.000      0.000      0.000      0.000
   130.000    -55.000      0.000      0.000      0.000      0.000
   135.000    -55.000      0.000      0.000      0.000      0.000
   140.000    -55.000      0.000      0.000      0.000      0.000
   145.000    -55.000      0.000      0.000      0.000      0.000
   -25.000    -50.000      0.000      0.000      0.000      0.000
   -20.000    -50.000      0.000      0.000      0.000      0.000
   -15.000    -50.000      0.000      0.000      0.000      0.000
   -10.000    -50.000      0.213   -159.079      0.416   -125.566
    -5.000    -50.000      0.335   -172.122      0.615   -164.250
     0.000    -50.000      0.418    168.980      0.972    162.959
     5.000    -50.000      0.450    154.862      1.103    154.425
    10.000    -50.000      0.398    146.415      0.856    158.312
    15.000    -50.000      0.341    138.873      0.578    154.606
    20.000    -50.000      0.310    131.636      0.476    138.631
    25.000    -50.000      0.191    138.595      0.324    140.943
    30.000    -50.000      0.111    127.266      0.136    128.969
    35.000    -50.000      0.013     46.609      0.013     46.609
    40.000    -50.000      0.000      0.000      0.000      0.000
    45.000    -50.000      0.000      0.000      0.000      0.000
    50.000    -50.000      0.000      0.000      0.000      0.000
    55.000    -50.000      0.000      0.000      0.000      0.000
    60.000    -50.000      0.000      0.000      0.000      0.000
    65.000    -50.000      0.000      0.000      0.000      0.000
    70.000    -50.000      0.000      0.000      0.000      0.000
    75.000    -50.000      0.000      0.000      0.000      0.000
    80.000    -50.000      0.000      0.000      0.000      0.000
    85.000    -50.000      0.000      0.000      0.000      0.000
    90.000    -50.000      0.000      0.000      0.000      0.000
    95.000    -50.000      0.000      0.000      0.000      0.000
   100.000    -50.000      0.000      0.000      0.000      0.000
   105.000    -50.000      0.000      0.000      0.000      0.000
   110.000    -50.000      0.000      0.000      0.000      0.000
   115.000    -50.000      0.000      0.000      0.000      0.000
   120.000    -50.000      0.000      0.000      0.000      0.000
   125.000    -50.000      0.000      0.000      0.000      0.000
   130.000    -50.000      0.000      0.000      0.000      0.000
   135.000    -50.000      0.000      0.000      0.000      0.000
   140.000    -50.000      0.000      0.000      0.000      0.000
   145.000    -50.000      0.000      0.000      0.000      0.000
   -25.000    -45.000      0.000      0.000      0.000      0.000
   -20.000    -45.000      0.000      0.000      0.000      0.000
   -15.000    -45.000      0.000      0.000      0.000      0.000
   -10.000    -45.000      0.252   -146.928      0.942   -132.249
    -5.000    -45.000      0.417   -161.224      1.677   -144.747
     0.000    -45.000      0.538   -170.216      2.123   -151.996
     5.000    -45.000      0.569   -174.085      2.188   -154.812
    10.000    -45.000      0.519   -173.973      2.009   -154.965
    15.000    -45.000      0.423   -172.130      1.674   -151.891
    20.000    -45.000      0.323   -171.603      0.881   -148.190
    25.000    -45.000      0.233   -167.854      0.442   -145.502
    30.000    -45.000      0.144   -169.143      0.196   -103.060
    35.000    -45.000      0.109   -176.703      0.134   -167.408
    40.000    -45.000      0.043    -48.903      0.043    -48.903
    45.000    -45.000      0.000      0.000      0.000      0.000
    50.000    -45.000      0.000      0.000      0.000      0.000
    55.000    -45.000      0.000      0.000      0.000      0.000
    60.000    -45.000      0.000      0.000      0.000      0.000
    65.000    -45.000      0.000      0.000      0.000      0.000
    70.000    -45.000      0.000      0.000      0.000      0.000
    75.000    -45.000      0.000      0.000      0.000      0.000
    80.000    -45.000      0.000      0.000      0.000      0.000
    85.000    -45.000      0.000      0.000      0.000      0.000
    90.000    -45.000      0.000      0.000      0.000      0.000
    95.000    -45.000      0.000      0.000      0.000      0.000
   100.000    -45.000      0.000      0.000      0.000      0.000
   105.000    -45.000      0.000      0.000      0.000      0.000
   110.000    -45.000      0.000      0.000      0.000      0.000
   115.000    -45.000      0.000      0.000      0.000      0.000
   120.000    -45.000      0.000      0.000      0.000      0.000
   125.000    -45.000      0.000      0.000      0.000      0.000
   130.000    -45.000      0.000      0.000      0.000      0.000
   135.000    -45.000      0.000      0.000      0.000      0.000
   140.000    -45.000      0.000      0.000      0.000      0.000
   145.000    -45.000      0.000      0.000      0.000      0.000
   -25.000    -40.000      0.000      0.000      0.000      0.000
   -20.000    -40.000      0.000      0.000      0.000      0.000
   -15.000    -40.000      0.000      0.000      0.000      0.000
   -10.000    -40.000      0.248   -162.651      1.562   -134.857
    -5.000    -40.000      0.472   -167.022      2.631   -143.341
     0.000    -40.000      0.630   -168.057      3.063   -150.222
     5.000    -40.000      0.689   -166.857      2.975   -154.658
    10.000    -40.000      0.664   -163.664      2.734   -152.989
    15.000    -40.000      0.569   -156.710      2.381   -145.516
    20.000    -40.000      0.437   -145.968      1.613   -141.041
    25.000    -40.000      0.328   -127.746      0.440   -138.666
    30.000    -40.000      0.248   -106.228      0.193    -64.490
    35.000    -40.000      0.165   -104.639      0.521    -99.082
    40.000    -40.000      0.032   -135.037      0.058    157.429
    45.000    -40.000      0.025    -84.744      0.025    -84.744
    50.000    -40.000      0.000      0.000      0.000      0.000
    55.000    -40.000      0.000      0.000      0.000      0.000
    60.000    -40.000      0.000      0.000      0.000      0.000
    65.000    -40.000      0.000      0.000      0.000      0.000
    70.000    -40.000      0.000      0.000      0.000      0.000
    75.000    -40.000      0.000      0.000      0.000      0.000
    80.000    -40.000      0.000      0.000      0.000      0.000
    85.000    -40.000      0.000      0.000      0.000      0.000
    90.000    -40.000      0.000      0.000      0.000      0.000
    95.000    -40.000      0.000      0.000      0.000      0.000
   100.000    -40.000      0.000      0.000      0.000      0.000
   105.000    -40.000      0.000      0.000      0.000      0.000
   110.000    -40.000      0.000      0.000      0.000      0.000
   115.000    -40.000      0.000      0.000      0.000      0.000
   120.000    -40.000      0.000      0.000      0.000      0.000
   125.000    -40.000      0.000      0.000      0.000      0.000
   130.000    -40.000      0.000      0.000      0.000      0.000
   135.000    -40.000      0.000      0.000      0.000      0.000
   140.000    -40.000      0.000      0.000      0.000      0.000
   145.000    -40.000      0.000      0.000      0.000      0.000
   -25.000    -35.000      0.000      0.000      0.000      0.000
   -20.000    -35.000      0.000      0.000      0.000      0.000
   -15.000    -35.000      0.000      0.000      0.000      0.000
   -10.000    -35.000      0.263   -165.803      1.824   -131.891
    -5.000    -35.000      0.502   -165.558      2.860   -136.885
     0.000    -35.000      0.670   -165.871      3.244   -142.209
     5.000    -35.000      0.719   -164.598      3.289   -143.853
    10.000    -35.000      0.646   -162.004      2.971   -138.525
    15.000    -35.000      0.499   -155.676      2.077   -126.806
    20.000    -35.000      0.335   -143.117      1.518   -122.083
    25.000    -35.000      0.240   -115.612      0.543    -78.945
    30.000    -35.000      0.217    -90.801      0.494    -13.044
    35.000    -35.000      0.209    -87.897      0.283    -78.138
    40.000    -35.000      0.103    -96.824      0.193   -155.939
    45.000    -35.000      0.051   -112.704      0.113   -160.787
    50.000    -35.000      0.013     40.263      0.013     40.263
    55.000    -35.000      0.000      0.000      0.000      0.000
    60.000    -35.000      0.000      0.000      0.000      0.000
    65.000    -35.000      0.000      0.000      0.000      0.000
    70.000    -35.000      0.000      0.000      0.000      0.000
    75.000    -35.000      0.000      0.000      0.000      0.000
    80.000    -35.000      0.000      0.000      0.000      0.000
    85.000    -35.000      0.000      0.000      0.000      0.000
    90.000    -35.000      0.000      0.000      0.000      0.000
    95.000    -35.000      0.000      0.000      0.000      0.000
   100.000    -35.000      0.000      0.000      0.000      0.000
   105.000    -35.000      0.000      0.000      0.000      0.000
   110.000    -35.000      0.000      0.000      0.000      0.000
   115.000    -35.000      0.000      0.000      0.000      0.000
   120.000    -35.000      0.000      0.000      0.000      0.000
   125.000    -35.000      0.000      0.000      0.000      0.000
   130.000    -35.000      0.000      0.000      0.000      0.000
   135.000    -35.000      0.000      0.000      0.000      0.000
   140.000    -35.000      0.000      0.000      0.000      0.000
   145.000    -35.000      0.000      0.000      0.000      0.000
   -25.000    -30.000      0.000      0.000      0.000      0.000
   -20.000    -30.000      0.000      0.000      0.000      0.000
   -15.000    -30.000      0.000      0.000      0.000      0.000
   -10.000    -30.000      0.279   -164.663      1.684   -136.671
    -5.000    -30.000      0.485   -160.836      2.715   -136.012
     0.000    -30.000      0.580   -159.517      2.922   -135.831
     5.000    -30.000      0.573   -159.311      2.801   -132.461
    10.000    -30.000      0.484   -160.055      2.449   -119.144
    15.000    -30.000      0.365   -156.566      1.926    -90.869
    20.000    -30.000      0.224   -142.637      1.465    -62.711
    25.000    -30.000      0.139    -96.626      1.472    -37.909
    30.000    -30.000      0.177    -59.838      1.218    -32.324
    35.000    -30.000      0.194    -56.131      0.604    -31.293
    40.000    -30.000      0.142    -47.823      0.231     29.817
    45.000    -30.000      0.105    -34.681      0.372     72.960
    50.000    -30.000      0.126    -47.101      0.150    -46.011
    55.000    -30.000      0.000      0.000      0.000      0.000
    60.000    -30.000      0.000      0.000      0.000      0.000
    65.000    -30.000      0.000      0.000      0.000      0.000
    70.000    -30.000      0.000      0.000      0.000      0.000
    75.000    -30.000      0.000      0.000      0.000      0.000
    80.000    -30.000      0.000      0.000      0.000      0.000
    85.000    -30.000      0.000      0.000      0.000      0.000
    90.000    -30.000      0.000      0.000      0.000      0.000
    95.000    -30.000      0.000      0.000      0.000      0.000
   100.000    -30.000      0.000      0.000      0.000      0.000
   105.000    -30.000      0.000      0.000      0.000      0.000
   110.000    -30.000      0.000      0.000      0.000      0.000
   115.000    -30.000      0.000      0.000      0.000      0.000
   120.000    -30.000      0.000      0.000      0.000      0.000
   125.000    -30.000      0.000      0.000      0.000      0.000
   130.000    -30.000      0.000      0.000      0.000      0.000
   135.000    -30.000      0.000      0.000      0.000      0.000
   140.000    -30.000      0.000      0.000      0.000      0.000
   145.000    -30.000      0.000      0.000      0.000      0.000
   -25.000    -25.000      0.000      0.000      0.000      0.000
   -20.000    -25.000      0.000      0.000      0.000      0.000
   -15.000    -25.000      0.000      0.000      0.000      0.000
   -10.000    -25.000      0.202   -150.820      1.534   -115.732
    -5.000    -25.000      0.345   -150.293      2.547   -113.496
     0.000    -25.000      0.410   -149.650      2.961   -109.823
     5.000    -25.000      0.406   -144.498      2.932   -103.871
    10.000    -25.000      0.346   -136.159      2.533    -88.628
    15.000    -25.000      0.270   -120.375      2.278    -56.235
    20.000    -25.000      0.227    -91.862      2.404    -29.718
    25.000    -25.000      0.244    -64.660      2.351    -18.313
    30.000    -25.000      0.283    -52.107      2.065    -22.388
    35.000    -25.000      0.289    -44.975      1.397    -27.938
    40.000    -25.000      0.273    -36.838      0.536    -16.146
    45.000    -25.000      0.251    -28.495      0.505     28.879
    50.000    -25.000      0.241    -37.334      0.318     -6.245
    55.000    -25.000      0.123    -67.578      0.123    -67.578
    60.000    -25.000      0.000      0.000      0.000      0.000
    65.000    -25.000      0.000      0.000      0.000      0.000
    70.000    -25.000      0.000      0.000      0.000      0.000
    75.000    -25.000      0.000      0.000      0.000      0.000
    80.000    -25.000      0.000      0.000      0.000      0.000
    85.000    -25.000      0.000      0.000      0.000      0.000
    90.000    -25.000      0.000      0.000      0.000      0.000
    95.000    -25.000      0.000      0.000      0.000      0.000
   100.000    -25.000      0.000      0.000      0.000      0.000
   105.000    -25.000      0.000      0.000      0.000      0.000
   110.000    -25.000      0.000      0.000      0.000      0.000
   115.000    -25.000      0.000      0.000      0.000      0.000
   120.000    -25.000      0.000      0.000      0.000      0.000
   125.000    -25.000      0.000      0.000      0.000      0.000
   130.000    -25.000      0.000      0.000      0.000      0.000
   135.000    -25.000      0.000      0.000      0.000      0.000
   140.000    -25.000      0.000      0.000      0.000      0.000
   145.000    -25.000      0.000      0.000      0.000      0.000
   -25.000    -20.000      0.000      0.000      0.000      0.000
   -20.000    -20.000      0.000      0.000      0.000      0.000
   -15.000    -20.000      0.000      0.000      0.000      0.000
   -10.000    -20.000      0.110   -119.027      1.665    -87.973
    -5.000    -20.000      0.218   -122.813      2.626    -88.989
     0.000    -20.000      0.264   -119.983      2.931    -85.493
     5.000    -20.000      0.262   -109.997      2.866    -76.036
    10.000    -20.000      0.248    -92.251      2.694    -56.823
    15.000    -20.000      0.265    -71.191      2.886    -31.176
    20.000    -20.000      0.311    -53.473      3.377    -13.652
    25.000    -20.000      0.343    -44.374      3.288     -9.780
    30.000    -20.000      0.341    -40.938      2.793    -10.400
    35.000    -20.000      0.318    -39.080      2.087     -9.059
    40.000    -20.000      0.284    -33.297      1.107    -14.823
    45.000    -20.000      0.262    -30.649      0.534    -17.420
    50.000    -20.000      0.254    -31.538      0.373    -18.275
    55.000    -20.000      0.184    -41.814      0.209    -40.475
    60.000    -20.000      0.000      0.000      0.000      0.000
    65.000    -20.000      0.000      0.000      0.000      0.000
    70.000    -20.000      0.000      0.000      0.000      0.000
    75.000    -20.000      0.000      0.000      0.000      0.000
    80.000    -20.000      0.000      0.000      0.000      0.000
    85.000    -20.000      0.000      0.000      0.000      0.000
    90.000    -20.000      0.000      0.000      0.000      0.000
    95.000    -20.000      0.000      0.000      0.000      0.000
   100.000    -20.000      0.000      0.000      0.000      0.000
   105.000    -20.000      0.000      0.000      0.000      0.000
   110.000    -20.000      0.000      0.000      0.000      0.000
   115.000    -20.000      0.000      0.000      0.000      0.000
   120.000    -20.000      0.000      0.000      0.000      0.000
   125.000    -20.000      0.000      0.000      0.000      0.000
   130.000    -20.000      0.000      0.000      0.000      0.000
   135.000    -20.000      0.000      0.000      0.000      0.000
   140.000    -20.000      0.000      0.000      0.000      0.000
   145.000    -20.000      0.000      0.000      0.000      0.000
   -25.000    -15.000      0.000      0.000      0.000      0.000
   -20.000    -15.000      0.000      0.000      0.000      0.000
   -15.000    -15.000      0.000      0.000      0.000      0.000
   -10.000    -15.000      0.107   -121.529      1.284    -59.340
    -5.000    -15.000      0.191   -104.224      2.213    -51.345
     0.000    -15.000      0.241    -85.511      2.850    -49.929
     5.000    -15.000      0.279    -65.755      3.114    -41.877
    10.000    -15.000      0.336    -52.264      3.410    -22.584
    15.000    -15.000      0.383    -43.284      3.847     -7.597
    20.000    -15.000      0.421    -35.119      4.295      1.170
    25.000    -15.000      0.451    -30.623      3.999     -0.515
    30.000    -15.000      0.445    -28.550      3.357     -7.436
    35.000    -15.000      0.399    -29.190      2.587     -1.617
    40.000    -15.000      0.353    -35.431      1.545      4.543
    45.000    -15.000      0.328    -47.662      0.939    -11.759
    50.000    -15.000      0.350    -59.246      0.638    -61.713
    55.000    -15.000      0.328    -65.599      0.398    -66.177
    60.000    -15.000      0.000      0.000      0.000      0.000
    65.000    -15.000      0.000      0.000      0.000      0.000
    70.000    -15.000      0.000      0.000      0.000      0.000
    75.000    -15.000      0.000      0.000      0.000      0.000
    80.000    -15.000      0.000      0.000      0.000      0.000
    85.000    -15.000      0.000      0.000      0.000      0.000
    90.000    -15.000      0.000      0.000      0.000      0.000
    95.000    -15.000      0.000      0.000      0.000      0.000
   100.000    -15.000      0.000      0.000      0.000      0.000
   105.000    -15.000      0.000      0.000      0.000      0.000
   110.000    -15.000      0.000      0.000      0.000      0.000
   115.000    -15.000      0.000      0.000      0.000      0.000
   120.000    -15.000      0.000      0.000      0.000      0.000
   125.000    -15.000      0.000      0.000      0.000      0.000
   130.000    -15.000      0.000      0.000      0.000      0.000
   135.000    -15.000      0.000      0.000      0.000      0.000
   140.000    -15.000      0.000      0.000      0.000      0.000
   145.000    -15.000      0.000      0.000      0.000      0.000
   -25.000    -10.000      0.000      0.000      0.000      0.000
   -20.000    -10.000      0.000      0.000      0.000      0.000
   -15.000    -10.000      0.000      0.000      0.000      0.000
   -10.000    -10.000      0.065   -128.387      1.080     -9.500
    -5.000    -10.000      0.090    -85.758      1.874     -6.788
     0.000    -10.000      0.161    -57.720      2.617    -14.796
     5.000    -10.000      0.258    -45.000      3.256    -15.604
    10.000    -10.000      0.365    -38.496      3.618     -2.337
    15.000    -10.000      0.457    -32.225      4.220      2.671
    20.000    -10.000      0.530    -28.435      4.749      6.620
    25.000    -10.000      0.558    -25.930      4.375      7.400
    30.000    -10.000      0.541    -24.166      3.401     -1.607
    35.000    -10.000      0.487    -25.561      2.643     -0.119
    40.000    -10.000      0.408    -32.160      1.683      4.912
    45.000    -10.000      0.335    -46.513      1.095     -5.207
    50.000    -10.000      0.312    -66.542      0.525    -55.463
    55.000    -10.000      0.304    -81.112      0.360    -81.960
    60.000    -10.000      0.129    -77.978      0.129    -77.978
    65.000    -10.000      0.000      0.000      0.000      0.000
    70.000    -10.000      0.000      0.000      0.000      0.000
    75.000    -10.000      0.000      0.000      0.000      0.000
    80.000    -10.000      0.000      0.000      0.000      0.000
    85.000    -10.000      0.000      0.000      0.000      0.000
    90.000    -10.000      0.000      0.000      0.000      0.000
    95.000    -10.000      0.000      0.000      0.000      0.000
   100.000    -10.000      0.000      0.000      0.000      0.000
   105.000    -10.000      0.000      0.000      0.000      0.000
   110.000    -10.000      0.000      0.000      0.000      0.000
   115.000    -10.000      0.000      0.000      0.000      0.000
   120.000    -10.000      0.000      0.000      0.000      0.000
   125.000    -10.000      0.000      0.000      0.000      0.000
   130.000    -10.000      0.000      0.000      0.000      0.000
   135.000    -10.000      0.000      0.000      0.000      0.000
   140.000    -10.000      0.000      0.000      0.000      0.000
   145.000    -10.000      0.000      0.000      0.000      0.000
   -25.000     -5.000      0.000      0.000      0.000      0.000
   -20.000     -5.000      0.000      0.000      0.000      0.000
   -15.000     -5.000      0.000      0.000      0.000      0.000
   -10.000     -5.000      0.050    -73.653      1.191     10.959
    -5.000     -5.000      0.092    -61.989      1.658      7.325
     0.000     -5.000      0.148    -51.324      1.977    -10.064
     5.000     -5.000      0.213    -40.830      2.421    -17.437
    10.000     -5.000      0.298    -37.935      2.815     -4.215
    15.000     -5.000      0.381    -35.734      3.577     10.861
    20.000     -5.000      0.445    -32.857      3.911      8.733
    25.000     -5.000      0.480    -31.485      3.594      4.574
    30.000     -5.000      0.489    -29.304      2.889     -0.605
    35.000     -5.000      0.462    -28.790      2.179     -3.788
    40.000     -5.000      0.399    -28.816      1.410     -3.752
    45.000     -5.000      0.307    -29.075      1.023      2.893
    50.000     -5.000      0.200    -29.664      0.527     12.809
    55.000     -5.000      0.117    -54.531      0.174    -12.412
    60.000     -5.000      0.086   -101.760      0.086   -101.760
    65.000     -5.000      0.000      0.000      0.000      0.000
    70.000     -5.000      0.000      0.000      0.000      0.000
    75.000     -5.000      0.000      0.000      0.000      0.000
    80.000     -5.000      0.000      0.000      0.000      0.000
    85.000     -5.000      0.000      0.000      0.000      0.000
    90.000     -5.000      0.000      0.000      0.000      0.000
    95.000     -5.000      0.000      0.000      0.000      0.000
   100.000     -5.000      0.000      0.000      0.000      0.000
   105.000     -5.000      0.000      0.000      0.000      0.000
   110.000     -5.000      0.000      0.000      0.000      0.000
   115.000     -5.000      0.000      0.000      0.000      0.000
   120.000     -5.000      0.000      0.000      0.000      0.000
   125.000     -5.000      0.000      0.000      0.000      0.000
   130.000     -5.000      0.000      0.000      0.000      0.000
   135.000     -5.000      0.000      0.000      0.000      0.000
   140.000     -5.000      0.000      0.000      0.000      0.000
   145.000     -5.000      0.000      0.000      0.000      0.000
   -25.000      0.000      0.000      0.000      0.000      0.000
   -20.000      0.000      0.000      0.000      0.000      0.000
   -15.000      0.000      0.000      0.000      0.000      0.000
   -10.000      0.000      0.051     18.460      0.609    -17.876
    -5.000      0.000      0.081    -19.733      1.129     31.625
     0.000      0.000      0.111    -36.908      1.048     13.975
     5.000      0.000      0.139    -47.904      1.241    -16.483
    10.000      0.000      0.164    -50.850      1.627    -16.148
    15.000      0.000      0.198    -48.571      1.828      3.559
    20.000      0.000      0.242    -45.013      2.145      7.080
    25.000      0.000      0.274    -39.906      2.051      9.816
    30.000      0.000      0.297    -35.262      1.711      1.850
    35.000      0.000      0.294    -29.667      1.314     -1.845
    40.000      0.000      0.268    -19.814      0.930    -26.434
    45.000      0.000      0.235     -6.099      0.640    -39.058
    50.000      0.000      0.199      6.942      0.362    -16.662
    55.000      0.000      0.139     19.318      0.201     14.786
    60.000      0.000      0.038    -77.236      0.038    -77.236
    65.000      0.000      0.000      0.000      0.000      0.000
    70.000      0.000      0.000      0.000      0.000      0.000
    75.000      0.000      0.000      0.000      0.000      0.000
    80.000      0.000      0.000      0.000      0.000      0.000
    85.000      0.000      0.000      0.000      0.000      0.000
    90.000      0.000      0.000      0.000      0.000      0.000
    95.000      0.000      0.000      0.000      0.000      0.000
   100.000      0.000      0.000      0.000      0.000      0.000
   105.000      0.000      0.000      0.000      0.000      0.000
   110.000      0.000      0.000      0.000      0.000      0.000
   115.000      0.000      0.000      0.000      0.000      0.000
   120.000      0.000      0.000      0.000      0.000      0.000
   125.000      0.000      0.000      0.000      0.000      0.000
   130.000      0.000      0.000      0.000      0.000      0.000
   135.000      0.000      0.000      0.000      0.000      0.000
   140.000      0.000      0.000      0.000      0.000      0.000
   145.000      0.000      0.000      0.000      0.000      0.000
   -25.000      5.000      0.000      0.000      0.000      0.000
   -20.000      5.000      0.000      0.000      0.000      0.000
   -15.000      5.000      0.000      0.000      0.000      0.000
   -10.000      5.000      0.000      0.000      0.000      0.000
    -5.000      5.000      0.000      0.000      0.000      0.000
     0.000      5.000      0.000      0.000      0.000      0.000
     5.000      5.000      0.000      0.000      0.000      0.000
    10.000      5.000      0.000      0.000      0.000      0.000
    15.000      5.000      0.000      0.000      0.000      0.000
    20.000      5.000      0.000      0.000      0.000      0.000
    25.000      5.000      0.000      0.000      0.000      0.000
    30.000      5.000      0.000      0.000      0.000      0.000
    35.000      5.000      0.000      0.000      0.000      0.000
    40.000      5.000      0.000      0.000      0.000      0.000
    45.000      5.000      0.000      0.000      0.000      0.000
    50.000      5.000      0.000      0.000      0.000      0.000
    55.000      5.000      0.000      0.000      0.000      0.000
    60.000      5.000      0.000      0.000      0.000      0.000
    65.000      5.000      0.000      0.000      0.000      0.000
    70.000      5.000      0.000      0.000      0.000      0.000
    75.000      5.000      0.000      0.000      0.000      0.000
    80.000      5.000      0.000      0.000      0.000      0.000
    85.000      5.000      0.000      0.000      0.000      0.000
    90.000      5.000      0.000      0.000      0.000      0.000
    95.000      5.000      0.000      0.000      0.000      0.000
   100.000      5.000      0.000      0.000      0.000      0.000
   105.000      5.000      0.000      0.000      0.000      0.000
   110.000      5.000      0.000      0.000      0.000      0.000
   115.000      5.000      0.000      0.000      0.000      0.000
   120.000      5.000      0.000      0.000      0.000      0.000
   125.000      5.000      0.000      0.000      0.000      0.000
   130.000      5.000      0.000      0.000      0.000      0.000
   135.000      5.000      0.000      0.000      0.000      0.000
   140.000      5.000      0.000      0.000      0.000      0.000
   145.000      5.000      0.000      0.000      0.000      0.000
   -25.000     10.000      0.000      0.000      0.000      0.000
   -20.000     10.000      0.000      0.000      0.000      0.000
   -15.000     10.000      0.000      0.000      0.000      0.000
   -10.000     10.000      0.000      0.000      0.000      0.000
    -5.000     10.000      0.000      0.000      0.000      0.000
     0.000     10.000      0.000      0.000      0.000      0.000
     5.000     10.000      0.000      0.000      0.000      0.000
    10.000     10.000      0.000      0.000      0.000      0.000
    15.000     10.000      0.000      0.000      0.000      0.000
    20.000     10.000      0.000      0.000      0.000      0.000
    25.000     10.000      0.000      0.000      0.000      0.000
    30.000     10.000      0.000      0.000      0.000      0.000
    35.000     10.000      0.000      0.000      0.000      0.000
    40.000     10.000      0.000      0.000      0.000      0.000
    45.000     10.000      0.000      0.000      0.000      0.000
    50.000     10.000      0.000      0.000      0.000      0.000
    55.000     10.000      0.000      0.000      0.000      0.000
    60.000     10.000      0.000      0.000      0.000      0.000
    65.000     10.000      0.000      0.000      0.000      0.000
    70.000     10.000      0.000      0.000      0.000      0.000
    75.000     10.000      0.000      0.000      0.000      0.000
    80.000     10.000      0.000      0.000      0.000      0.000
    85.000     10.000      0.000      0.000      0.000      0.000
    90.000     10.000      0.000      0.000      0.000      0.000
    95.000     10.000      0.000      0.000      0.000      0.000
   100.000     10.000      0.000      0.000      0.000      0.000
   105.000     10.000      0.000      0.000      0.000      0.000
   110.000     10.000      0.000      0.000      0.000      0.000
   115.000     10.000      0.000      0.000      0.000      0.000
   120.000     10.000      0.000      0.000      0.000      0.000
   125.000     10.000      0.000      0.000      0.000      0.000
   130.000     10.000      0.000      0.000      0.000      0.000
   135.000     10.000      0.000      0.000      0.000      0.000
   140.000     10.000      0.000      0.000      0.000      0.000
   145.000     10.000      0.000      0.000      0.000      0.000
   -25.000     15.000      0.000      0.000      0.000      0.000
   -20.000     15.000      0.000      0.000      0.000      0.000
   -15.000     15.000      0.000      0.000      0.000      0.000
   -10.000     15.000      0.000      0.000      0.000      0.000
    -5.000     15.000      0.000      0.000      0.000      0.000
     0.000     15.000      0.000      0.000      0.000      0.000
     5.000     15.000      0.000      0.000      0.000      0.000
    10.000     15.000      0.000      0.000      0.000      0.000
    15.000     15.000      0.000      0.000      0.000      0.000
    20.000     15.000      0.000      0.000      0.000      0.000
    25.000     15.000      0.000      0.000      0.000      0.000
    30.000     15.000      0.000      0.000      0.000      0.000
    35.000     15.000      0.000      0.000      0.000      0.000
    40.000     15.000      0.000      0.000      0.000      0.000
    45.000     15.000      0.000      0.000      0.000      0.000
    50.000     15.000      0.000      0.000      0.000      0.000
    55.000     15.000      0.000      0.000      0.000      0.000
    60.000     15.000      0.000      0.000      0.000      0.000
    65.000     15.000      0.000      0.000      0.000      0.000
    70.000     15.000      0.000      0.000      0.000      0.000
    75.000     15.000      0.000      0.000      0.000      0.000
    80.000     15.000      0.000      0.000      0.000      0.000
    85.000     15.000      0.000      0.000      0.000      0.000
    90.000     15.000      0.000      0.000      0.000      0.000
    95.000     15.000      0.000      0.000      0.000      0.000
   100.000     15.000      0.000      0.000      0.000      0.000
   105.000     15.000      0.000      0.000      0.000      0.000
   110.000     15.000      0.000      0.000      0.000      0.000
   115.000     15.000      0.000      0.000      0.000      0.000
   120.000     15.000      0.000      0.000      0.000      0.000
   125.000     15.000      0.000      0.000      0.000      0.000
   130.000     15.000      0.000      0.000      0.000      0.000
   135.000     15.000      0.000      0.000      0.000      0.000
   140.000     15.000      0.000      0.000      0.000      0.000
   145.000     15.000      0.000      0.000      0.000      0.000
