   -25.000    -65.000      0.000      0.000      0.000      0.000
   -20.000    -65.000      0.000      0.000      0.000      0.000
   -15.000    -65.000      0.000      0.000      0.000      0.000
   -10.000    -65.000      0.000      0.000      0.000      0.000
    -5.000    -65.000      0.000      0.000      0.000      0.000
     0.000    -65.000      0.000      0.000      0.000      0.000
     5.000    -65.000      0.000      0.000      0.000      0.000
    10.000    -65.000      0.000      0.000      0.000      0.000
    15.000    -65.000      0.000      0.000      0.000      0.000
    20.000    -65.000      0.000      0.000      0.000      0.000
    25.000    -65.000      0.000      0.000      0.000      0.000
    30.000    -65.000      0.000      0.000      0.000      0.000
    35.000    -65.000      0.000      0.000      0.000      0.000
    40.000    -65.000      0.000      0.000      0.000      0.000
    45.000    -65.000      0.000      0.000      0.000      0.000
    50.000    -65.000      0.000      0.000      0.000      0.000
    55.000    -65.000      0.000      0.000      0.000      0.000
    60.000    -65.000      0.000      0.000      0.000      0.000
    65.000    -65.000      0.000      0.000      0.000      0.000
    70.000    -65.000      0.000      0.000      0.000      0.000
    75.000    -65.000      0.000      0.000      0.000      0.000
    80.000    -65.000      0.000      0.000      0.000      0.000
    85.000    -65.000      0.000      0.000      0.000      0.000
    90.000    -65.000      0.000      0.000      0.000      0.000
    95.000    -65.000      0.000      0.000      0.000      0.000
   100.000    -65.000      0.000      0.000      0.000      0.000
   105.000    -65.000      0.000      0.000      0.000      0.000
   110.000    -65.000      0.000      0.000      0.000      0.000
   115.000    -65.000      0.000      0.000      0.000      0.000
   120.000    -65.000      0.000      0.000      0.000      0.000
   125.000    -65.000      0.000      0.000      0.000      0.000
   130.000    -65.000      0.000      0.000      0.000      0.000
   135.000    -65.000      0.000      0.000      0.000      0.000
   140.000    -65.000      0.000      0.000      0.000      0.000
   145.000    -65.000      0.000      0.000      0.000      0.000
   -25.000    -60.000      0.000      0.000      0.000      0.000
   -20.000    -60.000      0.000      0.000      0.000      0.000
   -15.000    -60.000      0.000      0.000      0.000      0.000
   -10.000    -60.000      0.000      0.000      0.000      0.000
    -5.000    -60.000      0.000      0.000      0.000      0.000
     0.000    -60.000      0.000      0.000      0.000      0.000
     5.000    -60.000      0.000      0.000      0.000      0.000
    10.000    -60.000      0.000      0.000      0.000      0.000
    15.000    -60.000      0.000      0.000      0.000      0.000
    20.000    -60.000      0.000      0.000      0.000      0.000
    25.000    -60.000      0.000      0.000      0.000      0.000
    30.000    -60.000      0.000      0.000      0.000      0.000
    35.000    -60.000      0.000      0.000      0.000      0.000
    40.000    -60.000      0.000      0.000      0.000      0.000
    45.000    -60.000      0.000      0.000      0.000      0.000
    50.000    -60.000      0.000      0.000      0.000      0.000
    55.000    -60.000      0.000      0.000      0.000      0.000
    60.000    -60.000      0.000      0.000      0.000      0.000
    65.000    -60.000      0.000      0.000      0.000      0.000
    70.000    -60.000      0.000      0.000      0.000      0.000
    75.000    -60.000      0.000      0.000      0.000      0.000
    80.000    -60.000      0.000      0.000      0.000      0.000
    85.000    -60.000      0.000      0.000      0.000      0.000
    90.000    -60.000      0.000      0.000      0.000      0.000
    95.000    -60.000      0.000      0.000      0.000      0.000
   100.000    -60.000      0.000      0.000      0.000      0.000
   105.000    -60.000      0.000      0.000      0.000      0.000
   110.000    -60.000      0.000      0.000      0.000      0.000
   115.000    -60.000      0.000      0.000      0.000      0.000
   120.000    -60.000      0.000      0.000      0.000      0.000
   125.000    -60.000      0.000      0.000      0.000      0.000
   130.000    -60.000      0.000      0.000      0.000      0.000
   135.000    -60.000      0.000      0.000      0.000      0.000
   140.000    -60.000      0.000      0.000      0.000      0.000
   145.000    -60.000      0.000      0.000      0.000      0.000
   -25.000    -55.000      0.000      0.000      0.000      0.000
   -20.000    -55.000      0.000      0.000      0.000      0.000
   -15.000    -55.000      0.000      0.000      0.000      0.000
   -10.000    -55.000      0.000      0.000      0.000      0.000
    -5.000    -55.000      0.000      0.000      0.000      0.000
     0.000    -55.000      0.000      0.000      0.000      0.000
     5.000    -55.000      0.000      0.000      0.000      0.000
    10.000    -55.000      0.000      0.000      0.000      0.000
    15.000    -55.000      0.000      0.000      0.000      0.000
    20.000    -55.000      0.000      0.000      0.000      0.000
    25.000    -55.000      0.000      0.000      0.000      0.000
    30.000    -55.000      0.000      0.000      0.000      0.000
    35.000    -55.000      0.000      0.000      0.000      0.000
    40.000    -55.000      0.000      0.000      0.000      0.000
    45.000    -55.000      0.000      0.000      0.000      0.000
    50.000    -55.000      0.000      0.000      0.000      0.000
    55.000    -55.000      0.000      0.000      0.000      0.000
    60.000    -55.000      0.000      0.000      0.000      0.000
    65.000    -55.000      0.000      0.000      0.000      0.000
    70.000    -55.000      0.000      0.000      0.000      0.000
    75.000    -55.000      0.000      0.000      0.000      0.000
    80.000    -55.000      0.000      0.000      0.000      0.000
    85.000    -55.000      0.000      0.000      0.000      0.000
    90.000    -55.000      0.000      0.000      0.000      0.000
    95.000    -55.000      0.000      0.000      0.000      0.000
   100.000    -55.000      0.000      0.000      0.000      0.000
   105.000    -55.000      0.000      0.000      0.000      0.000
   110.000    -55.000      0.000      0.000      0.000      0.000
   115.000    -55.000      0.000      0.000      0.000      0.000
   120.000    -55.000      0.000      0.000      0.000      0.000
   125.000    -55.000      0.000      0.000      0.000      0.000
   130.000    -55.000      0.000      0.000      0.000      0.000
   135.000    -55.000      0.000      0.000      0.000      0.000
   140.000    -55.000      0.000      0.000      0.000      0.000
   145.000    -55.000      0.000      0.000      0.000      0.000
   -25.000    -50.000      0.000      0.000      0.000      0.000
   -20.000    -50.000      0.000      0.000      0.000      0.000
   -15.000    -50.000      0.000      0.000      0.000      0.000
   -10.000    -50.000      0.030     56.536      1.063     41.766
    -5.000    -50.000      0.071     45.254      1.925     45.535
     0.000    -50.000      0.125     44.855      2.452     52.347
     5.000    -50.000      0.162     42.534      2.522     59.923
    10.000    -50.000      0.193     42.232      2.440     69.284
    15.000    -50.000      0.226     41.852      2.468     76.890
    20.000    -50.000      0.244     39.785      2.980     81.617
    25.000    -50.000      0.239     39.824      2.838     88.840
    30.000    -50.000      0.210     40.807      2.063     97.016
    35.000    -50.000      0.186     39.036      1.591    101.153
    40.000    -50.000      0.179     35.075      1.435    119.659
    45.000    -50.000      0.192     34.107      1.485    125.406
    50.000    -50.000      0.208     36.511      1.554    131.469
    55.000    -50.000      0.216     35.068      1.385    124.412
    60.000    -50.000      0.205     30.328      1.264    125.858
    65.000    -50.000      0.189     24.966      0.726    122.825
    70.000    -50.000      0.157     19.550      0.323    101.148
    75.000    -50.000      0.118     14.035      0.591     68.689
    80.000    -50.000      0.071     -0.894      0.539     43.266
    85.000    -50.000      0.057    -59.639      0.482     65.079
    90.000    -50.000      0.096    -90.464      0.193    134.330
    95.000    -50.000      0.147   -102.217      0.164   -104.455
   100.000    -50.000      0.192   -110.187      0.421   -111.779
   105.000    -50.000      0.014     55.430      0.014     55.430
   110.000    -50.000      0.000      0.000      0.000      0.000
   115.000    -50.000      0.000      0.000      0.000      0.000
   120.000    -50.000      0.000      0.000      0.000      0.000
   125.000    -50.000      0.000      0.000      0.000      0.000
   130.000    -50.000      0.000      0.000      0.000      0.000
   135.000    -50.000      0.000      0.000      0.000      0.000
   140.000    -50.000      0.000      0.000      0.000      0.000
   145.000    -50.000      0.000      0.000      0.000      0.000
   -25.000    -45.000      0.000      0.000      0.000      0.000
   -20.000    -45.000      0.000      0.000      0.000      0.000
   -15.000    -45.000      0.000      0.000      0.000      0.000
   -10.000    -45.000      0.036    -11.911      1.222     51.450
    -5.000    -45.000      0.093     22.776      2.111     50.071
     0.000    -45.000      0.154     25.557      2.746     51.032
     5.000    -45.000      0.214     28.922      2.948     55.107
    10.000    -45.000      0.256     32.277      2.869     63.064
    15.000    -45.000      0.268     30.806      3.018     73.005
    20.000    -45.000      0.262     24.003      3.866     80.390
    25.000    -45.000      0.256     16.930      3.822     88.090
    30.000    -45.000      0.254     10.243      2.984     99.210
    35.000    -45.000      0.264      9.056      2.244    116.468
    40.000    -45.000      0.273      9.373      1.985    139.595
    45.000    -45.000      0.286     12.101      2.445    144.646
    50.000    -45.000      0.284     16.632      2.660    150.024
    55.000    -45.000      0.274     21.041      2.590    137.141
    60.000    -45.000      0.251     24.921      2.107    134.461
    65.000    -45.000      0.200     22.040      1.326    128.513
    70.000    -45.000      0.142     12.194      0.591    113.160
    75.000    -45.000      0.085     -2.849      0.651     72.674
    80.000    -45.000      0.041    -68.345      0.434     60.043
    85.000    -45.000      0.083   -122.749      0.653     75.927
    90.000    -45.000      0.144   -120.582      0.576     85.417
    95.000    -45.000      0.210   -113.488      0.114    -16.060
   100.000    -45.000      0.236   -112.416      0.528    -99.862
   105.000    -45.000      0.062   -134.747      0.069   -132.788
   110.000    -45.000      0.000      0.000      0.000      0.000
   115.000    -45.000      0.000      0.000      0.000      0.000
   120.000    -45.000      0.000      0.000      0.000      0.000
   125.000    -45.000      0.000      0.000      0.000      0.000
   130.000    -45.000      0.000      0.000      0.000      0.000
   135.000    -45.000      0.000      0.000      0.000      0.000
   140.000    -45.000      0.000      0.000      0.000      0.000
   145.000    -45.000      0.000      0.000      0.000      0.000
   -25.000    -40.000      0.000      0.000      0.000      0.000
   -20.000    -40.000      0.000      0.000      0.000      0.000
   -15.000    -40.000      0.000      0.000      0.000      0.000
   -10.000    -40.000      0.069      3.480      0.886     42.437
    -5.000    -40.000      0.125      9.874      1.708     48.920
     0.000    -40.000      0.184     11.258      1.962     54.001
     5.000    -40.000      0.230      8.418      1.740     57.484
    10.000    -40.000      0.245     -2.503      1.363     67.324
    15.000    -40.000      0.244    -13.648      1.621     87.243
    20.000    -40.000      0.258    -22.795      2.048     96.325
    25.000    -40.000      0.272    -23.079      2.247     98.889
    30.000    -40.000      0.284    -20.559      1.946    121.975
    35.000    -40.000      0.295    -18.291      1.974    151.211
    40.000    -40.000      0.288    -15.331      2.363    167.031
    45.000    -40.000      0.274    -12.291      2.819    175.049
    50.000    -40.000      0.255    -12.192      3.321    173.843
    55.000    -40.000      0.225    -19.190      3.210    163.394
    60.000    -40.000      0.169    -27.116      2.618    163.779
    65.000    -40.000      0.110    -49.826      1.682    160.454
    70.000    -40.000      0.098    -94.345      0.779    143.541
    75.000    -40.000      0.123   -120.186      0.584    101.002
    80.000    -40.000      0.146   -127.762      0.251    102.996
    85.000    -40.000      0.159   -124.169      0.387    132.983
    90.000    -40.000      0.162   -117.754      0.501    106.217
    95.000    -40.000      0.189   -108.046      0.384     60.760
   100.000    -40.000      0.194    -97.733      0.290    -73.699
   105.000    -40.000      0.111    -88.564      0.152    -79.056
   110.000    -40.000      0.045   -120.106      0.045   -120.106
   115.000    -40.000      0.000      0.000      0.000      0.000
   120.000    -40.000      0.000      0.000      0.000      0.000
   125.000    -40.000      0.000      0.000      0.000      0.000
   130.000    -40.000      0.000      0.000      0.000      0.000
   135.000    -40.000      0.000      0.000      0.000      0.000
   140.000    -40.000      0.000      0.000      0.000      0.000
   145.000    -40.000      0.000      0.000      0.000      0.000
   -25.000    -35.000      0.000      0.000      0.000      0.000
   -20.000    -35.000      0.000      0.000      0.000      0.000
   -15.000    -35.000      0.000      0.000      0.000      0.000
   -10.000    -35.000      0.098     33.179      0.317     53.962
    -5.000    -35.000      0.161     17.823      0.508     34.008
     0.000    -35.000      0.201      2.278      0.530    -18.358
     5.000    -35.000      0.225     -9.944      0.951    -63.329
    10.000    -35.000      0.251    -21.762      1.226    -83.782
    15.000    -35.000      0.279    -28.133      0.852   -113.345
    20.000    -35.000      0.305    -35.217      1.141   -131.204
    25.000    -35.000      0.324    -39.432      1.272   -134.397
    30.000    -35.000      0.327    -43.496      1.987   -138.095
    35.000    -35.000      0.328    -48.701      2.983   -147.253
    40.000    -35.000      0.319    -53.238      3.762   -152.067
    45.000    -35.000      0.319    -61.759      4.420   -148.848
    50.000    -35.000      0.313    -71.690      4.604   -156.235
    55.000    -35.000      0.313    -81.521      4.366   -166.036
    60.000    -35.000      0.310    -92.581      3.780   -166.607
    65.000    -35.000      0.304   -103.118      2.789   -161.172
    70.000    -35.000      0.305   -112.931      1.610   -167.223
    75.000    -35.000      0.285   -122.408      0.845   -177.006
    80.000    -35.000      0.252   -130.174      0.550    179.418
    85.000    -35.000      0.185   -131.706      0.685    160.117
    90.000    -35.000      0.119   -121.196      0.578    176.745
    95.000    -35.000      0.083    -99.142      0.053   -102.967
   100.000    -35.000      0.065    -65.779      0.087    -45.812
   105.000    -35.000      0.044     -3.377      0.094     31.113
   110.000    -35.000      0.012     32.030      0.012     32.030
   115.000    -35.000      0.000      0.000      0.000      0.000
   120.000    -35.000      0.000      0.000      0.000      0.000
   125.000    -35.000      0.000      0.000      0.000      0.000
   130.000    -35.000      0.000      0.000      0.000      0.000
   135.000    -35.000      0.000      0.000      0.000      0.000
   140.000    -35.000      0.000      0.000      0.000      0.000
   145.000    -35.000      0.000      0.000      0.000      0.000
   -25.000    -30.000      0.000      0.000      0.000      0.000
   -20.000    -30.000      0.000      0.000      0.000      0.000
   -15.000    -30.000      0.000      0.000      0.000      0.000
   -10.000    -30.000      0.078      8.081      0.304   -134.491
    -5.000    -30.000      0.140    -11.346      0.876   -100.526
     0.000    -30.000      0.197    -14.732      1.996    -90.589
     5.000    -30.000      0.239    -14.492      3.368    -90.546
    10.000    -30.000      0.270    -16.735      4.163    -92.544
    15.000    -30.000      0.295    -27.005      4.306    -96.143
    20.000    -30.000      0.318    -37.128      4.433    -98.980
    25.000    -30.000      0.351    -47.705      4.823   -105.007
    30.000    -30.000      0.383    -59.034      5.349   -111.848
    35.000    -30.000      0.425    -71.559      6.330   -116.648
    40.000    -30.000      0.469    -82.972      6.388   -125.301
    45.000    -30.000      0.509    -92.250      6.786   -130.011
    50.000    -30.000      0.545    -98.427      6.988   -136.812
    55.000    -30.000      0.576   -103.179      6.698   -144.262
    60.000    -30.000      0.576   -107.792      5.961   -148.705
    65.000    -30.000      0.549   -111.335      4.846   -145.797
    70.000    -30.000      0.485   -114.769      3.563   -142.138
    75.000    -30.000      0.404   -121.531      2.457   -140.897
    80.000    -30.000      0.315   -130.103      1.595   -156.192
    85.000    -30.000      0.221   -142.631      1.236    178.769
    90.000    -30.000      0.155   -158.722      1.027    178.929
    95.000    -30.000      0.112   -175.758      0.576   -147.372
   100.000    -30.000      0.057    149.726      0.337   -107.493
   105.000    -30.000      0.078     87.993      0.144     48.091
   110.000    -30.000      0.096     79.111      0.108     78.329
   115.000    -30.000      0.000      0.000      0.000      0.000
   120.000    -30.000      0.000      0.000      0.000      0.000
   125.000    -30.000      0.000      0.000      0.000      0.000
   130.000    -30.000      0.000      0.000      0.000      0.000
   135.000    -30.000      0.000      0.000      0.000      0.000
   140.000    -30.000      0.000      0.000      0.000      0.000
   145.000    -30.000      0.000      0.000      0.000      0.000
   -25.000    -25.000      0.000      0.000      0.000      0.000
   -20.000    -25.000      0.000      0.000      0.000      0.000
   -15.000    -25.000      0.000      0.000      0.000      0.000
   -10.000    -25.000      0.098    -14.712      1.274   -127.364
    -5.000    -25.000      0.208    -21.485      2.623   -113.903
     0.000    -25.000      0.286    -22.972      4.203   -102.026
     5.000    -25.000      0.322    -25.612      5.719    -94.589
    10.000    -25.000      0.339    -29.012      6.646    -91.707
    15.000    -25.000      0.353    -39.244      7.301    -93.357
    20.000    -25.000      0.375    -53.136      7.718    -93.491
    25.000    -25.000      0.406    -68.599      8.479    -97.670
    30.000    -25.000      0.477    -82.397      9.170   -101.497
    35.000    -25.000      0.559    -91.788      9.819   -105.007
    40.000    -25.000      0.642    -98.155      9.907   -110.912
    45.000    -25.000      0.721   -102.682      9.789   -115.878
    50.000    -25.000      0.775   -106.122      9.495   -124.093
    55.000    -25.000      0.798   -109.404      9.114   -131.496
    60.000    -25.000      0.785   -112.068      8.442   -137.069
    65.000    -25.000      0.735   -115.880      7.512   -136.957
    70.000    -25.000      0.648   -120.462      5.912   -132.689
    75.000    -25.000      0.549   -126.531      4.551   -128.946
    80.000    -25.000      0.439   -135.228      3.372   -134.089
    85.000    -25.000      0.350   -145.755      2.080   -156.601
    90.000    -25.000      0.267   -158.519      1.656   -165.410
    95.000    -25.000      0.185   -176.222      1.019   -157.596
   100.000    -25.000      0.115    157.210      0.718   -140.841
   105.000    -25.000      0.075    119.687      0.224   -114.081
   110.000    -25.000      0.109     79.064      0.131     77.868
   115.000    -25.000      0.000      0.000      0.000      0.000
   120.000    -25.000      0.000      0.000      0.000      0.000
   125.000    -25.000      0.000      0.000      0.000      0.000
   130.000    -25.000      0.000      0.000      0.000      0.000
   135.000    -25.000      0.000      0.000      0.000      0.000
   140.000    -25.000      0.000      0.000      0.000      0.000
   145.000    -25.000      0.000      0.000      0.000      0.000
   -25.000    -20.000      0.000      0.000      0.000      0.000
   -20.000    -20.000      0.000      0.000      0.000      0.000
   -15.000    -20.000      0.000      0.000      0.000      0.000
   -10.000    -20.000      0.186    -48.774      2.016   -108.916
    -5.000    -20.000      0.295    -44.700      3.815   -108.468
     0.000    -20.000      0.348    -40.269      5.588   -103.496
     5.000    -20.000      0.362    -39.817      7.137    -97.018
    10.000    -20.000      0.366    -46.481      8.337    -92.435
    15.000    -20.000      0.394    -61.178      9.198    -90.515
    20.000    -20.000      0.453    -75.044     10.108    -88.161
    25.000    -20.000      0.518    -86.420     11.321    -90.642
    30.000    -20.000      0.610    -95.932     12.519    -94.071
    35.000    -20.000      0.705   -102.582     13.131    -97.907
    40.000    -20.000      0.786   -106.681     13.111   -102.126
    45.000    -20.000      0.846   -109.334     12.899   -106.514
    50.000    -20.000      0.905   -111.443     12.044   -115.143
    55.000    -20.000      0.940   -113.434     11.163   -121.829
    60.000    -20.000      0.931   -115.833     10.328   -128.573
    65.000    -20.000      0.874   -118.228      9.554   -130.940
    70.000    -20.000      0.793   -122.253      8.451   -129.184
    75.000    -20.000      0.696   -127.585      6.783   -128.121
    80.000    -20.000      0.576   -133.570      5.134   -128.879
    85.000    -20.000      0.439   -141.250      3.225   -139.045
    90.000    -20.000      0.306   -154.638      2.018   -149.979
    95.000    -20.000      0.211   -172.777      1.071   -165.570
   100.000    -20.000      0.150    170.509      0.602   -175.457
   105.000    -20.000      0.107    152.469      0.334   -165.937
   110.000    -20.000      0.084    104.339      0.111    105.855
   115.000    -20.000      0.051    -66.312      0.051    -66.312
   120.000    -20.000      0.000      0.000      0.000      0.000
   125.000    -20.000      0.000      0.000      0.000      0.000
   130.000    -20.000      0.000      0.000      0.000      0.000
   135.000    -20.000      0.000      0.000      0.000      0.000
   140.000    -20.000      0.000      0.000      0.000      0.000
   145.000    -20.000      0.000      0.000      0.000      0.000
   -25.000    -15.000      0.000      0.000      0.000      0.000
   -20.000    -15.000      0.000      0.000      0.000      0.000
   -15.000    -15.000      0.000      0.000      0.000      0.000
   -10.000    -15.000      0.112    -56.091      2.165   -105.713
    -5.000    -15.000      0.187    -59.270      4.156   -101.258
     0.000    -15.000      0.246    -56.179      5.989    -96.056
     5.000    -15.000      0.289    -58.139      7.678    -91.424
    10.000    -15.000      0.350    -64.730      9.045    -88.096
    15.000    -15.000      0.437    -74.884     10.274    -85.734
    20.000    -15.000      0.531    -83.490     11.559    -84.075
    25.000    -15.000      0.624    -90.628     12.809    -85.543
    30.000    -15.000      0.707    -97.903     14.383    -88.522
    35.000    -15.000      0.792   -104.531     15.399    -92.705
    40.000    -15.000      0.868   -110.149     15.389    -98.134
    45.000    -15.000      0.927   -114.439     14.937   -102.022
    50.000    -15.000      0.963   -117.502     14.248   -108.134
    55.000    -15.000      0.974   -119.395     12.832   -115.355
    60.000    -15.000      0.955   -120.926     11.901   -121.425
    65.000    -15.000      0.918   -121.871     10.974   -125.052
    70.000    -15.000      0.855   -123.467     10.191   -126.077
    75.000    -15.000      0.753   -125.945      8.670   -126.737
    80.000    -15.000      0.624   -129.815      6.796   -127.282
    85.000    -15.000      0.486   -135.947      4.617   -130.205
    90.000    -15.000      0.345   -147.753      2.378   -134.348
    95.000    -15.000      0.231   -170.527      0.898   -148.611
   100.000    -15.000      0.182    165.206      0.498    139.469
   105.000    -15.000      0.154    152.880      0.345    146.662
   110.000    -15.000      0.102    156.581      0.168    151.953
   115.000    -15.000      0.010    143.130      0.010    143.130
   120.000    -15.000      0.000      0.000      0.000      0.000
   125.000    -15.000      0.000      0.000      0.000      0.000
   130.000    -15.000      0.000      0.000      0.000      0.000
   135.000    -15.000      0.000      0.000      0.000      0.000
   140.000    -15.000      0.000      0.000      0.000      0.000
   145.000    -15.000      0.000      0.000      0.000      0.000
   -25.000    -10.000      0.000      0.000      0.000      0.000
   -20.000    -10.000      0.000      0.000      0.000      0.000
   -15.000    -10.000      0.000      0.000      0.000      0.000
   -10.000    -10.000      0.055    -99.686      1.635   -101.808
    -5.000    -10.000      0.070   -104.199      3.350    -91.921
     0.000    -10.000      0.090    -76.767      5.090    -84.654
     5.000    -10.000      0.170    -73.385      7.099    -80.195
    10.000    -10.000      0.296    -72.067      8.979    -79.381
    15.000    -10.000      0.452    -81.549     10.404    -79.108
    20.000    -10.000      0.586    -88.613     12.010    -78.725
    25.000    -10.000      0.683    -94.367     13.576    -80.542
    30.000    -10.000      0.750   -100.278     14.806    -83.405
    35.000    -10.000      0.816   -106.303     15.859    -88.166
    40.000    -10.000      0.867   -111.544     16.306    -94.276
    45.000    -10.000      0.896   -115.920     16.088    -98.593
    50.000    -10.000      0.914   -119.259     15.059   -103.801
    55.000    -10.000      0.946   -121.117     13.929   -110.108
    60.000    -10.000      0.967   -122.245     12.502   -115.575
    65.000    -10.000      0.956   -123.110     11.668   -120.455
    70.000    -10.000      0.920   -123.984     10.763   -123.906
    75.000    -10.000      0.835   -125.357      9.585   -125.804
    80.000    -10.000      0.705   -127.502      7.843   -126.792
    85.000    -10.000      0.537   -130.366      5.662   -126.995
    90.000    -10.000      0.343   -137.724      3.058   -124.875
    95.000    -10.000      0.174   -158.894      0.875   -123.980
   100.000    -10.000      0.103    151.488      0.470     82.438
   105.000    -10.000      0.096    128.853      0.601     80.737
   110.000    -10.000      0.070    171.153      0.116   -173.157
   115.000    -10.000      0.007    155.917      0.007    155.917
   120.000    -10.000      0.000      0.000      0.000      0.000
   125.000    -10.000      0.000      0.000      0.000      0.000
   130.000    -10.000      0.000      0.000      0.000      0.000
   135.000    -10.000      0.000      0.000      0.000      0.000
   140.000    -10.000      0.000      0.000      0.000      0.000
   145.000    -10.000      0.000      0.000      0.000      0.000
   -25.000     -5.000      0.000      0.000      0.000      0.000
   -20.000     -5.000      0.000      0.000      0.000      0.000
   -15.000     -5.000      0.000      0.000      0.000      0.000
   -10.000     -5.000      0.114   -100.139      1.064    -69.443
    -5.000     -5.000      0.055   -150.797      2.206    -67.825
     0.000     -5.000      0.053   -160.660      3.835    -65.695
     5.000     -5.000      0.056   -132.624      5.910    -66.067
    10.000     -5.000      0.151    -91.480      7.963    -67.884
    15.000     -5.000      0.353    -91.332      9.740    -69.469
    20.000     -5.000      0.517    -93.656     11.623    -73.672
    25.000     -5.000      0.631    -96.692     13.354    -76.853
    30.000     -5.000      0.713   -100.383     14.367    -79.941
    35.000     -5.000      0.774   -104.484     15.128    -84.798
    40.000     -5.000      0.823   -108.538     15.500    -91.091
    45.000     -5.000      0.867   -112.605     15.552    -96.123
    50.000     -5.000      0.918   -115.759     14.439   -100.374
    55.000     -5.000      0.960   -118.519     13.318   -105.647
    60.000     -5.000      0.981   -120.724     12.221   -111.149
    65.000     -5.000      0.982   -122.212     10.931   -116.657
    70.000     -5.000      0.952   -123.220      9.880   -122.153
    75.000     -5.000      0.879   -124.158      8.959   -124.972
    80.000     -5.000      0.745   -125.259      7.630   -126.474
    85.000     -5.000      0.567   -125.963      5.523   -125.282
    90.000     -5.000      0.355   -125.899      3.386   -124.284
    95.000     -5.000      0.138   -127.516      1.179   -120.321
   100.000     -5.000      0.032     62.799      0.338     34.700
   105.000     -5.000      0.122     57.457      0.642     46.456
   110.000     -5.000      0.097     61.388      0.303     64.295
   115.000     -5.000      0.050   -135.487      0.050   -135.487
   120.000     -5.000      0.000      0.000      0.000      0.000
   125.000     -5.000      0.000      0.000      0.000      0.000
   130.000     -5.000      0.000      0.000      0.000      0.000
   135.000     -5.000      0.000      0.000      0.000      0.000
   140.000     -5.000      0.000      0.000      0.000      0.000
   145.000     -5.000      0.000      0.000      0.000      0.000
   -25.000      0.000      0.000      0.000      0.000      0.000
   -20.000      0.000      0.000      0.000      0.000      0.000
   -15.000      0.000      0.000      0.000      0.000      0.000
   -10.000      0.000      0.041    -70.326      0.819    -18.213
    -5.000      0.000      0.009   -123.754      1.876    -22.682
     0.000      0.000      0.042   -119.258      3.127    -32.064
     5.000      0.000      0.070   -114.993      4.583    -41.356
    10.000      0.000      0.159   -100.702      6.463    -53.015
    15.000      0.000      0.334    -97.330      8.439    -59.443
    20.000      0.000      0.474    -96.936      9.998    -66.408
    25.000      0.000      0.565    -97.523     11.629    -73.665
    30.000      0.000      0.636    -98.887     12.615    -78.202
    35.000      0.000      0.687   -101.776     12.977    -82.783
    40.000      0.000      0.743   -105.419     13.403    -88.338
    45.000      0.000      0.795   -109.170     13.586    -93.974
    50.000      0.000      0.836   -112.913     12.898    -98.246
    55.000      0.000      0.874   -116.119     11.868   -102.173
    60.000      0.000      0.910   -118.724     10.933   -106.812
    65.000      0.000      0.924   -120.420      9.449   -113.206
    70.000      0.000      0.892   -121.092      8.264   -119.263
    75.000      0.000      0.820   -121.049      7.462   -124.868
    80.000      0.000      0.716   -120.393      6.476   -125.343
    85.000      0.000      0.566   -118.468      5.100   -123.852
    90.000      0.000      0.380   -113.306      3.386   -121.603
    95.000      0.000      0.192    -96.956      1.607   -119.155
   100.000      0.000      0.107    -25.448      0.461    -85.184
   105.000      0.000      0.191     23.435      0.395      7.532
   110.000      0.000      0.213     37.042      0.398     44.370
   115.000      0.000      0.039    -48.240      0.039    -48.240
   120.000      0.000      0.000      0.000      0.000      0.000
   125.000      0.000      0.000      0.000      0.000      0.000
   130.000      0.000      0.000      0.000      0.000      0.000
   135.000      0.000      0.000      0.000      0.000      0.000
   140.000      0.000      0.000      0.000      0.000      0.000
   145.000      0.000      0.000      0.000      0.000      0.000
   -25.000      5.000      0.000      0.000      0.000      0.000
   -20.000      5.000      0.000      0.000      0.000      0.000
   -15.000      5.000      0.000      0.000      0.000      0.000
   -10.000      5.000      0.038     75.268      0.864     26.116
    -5.000      5.000      0.015   -144.012      2.204      9.729
     0.000      5.000      0.028   -125.061      3.287     -0.769
     5.000      5.000      0.027   -127.387      4.010    -13.524
    10.000      5.000      0.190    -92.237      4.840    -34.200
    15.000      5.000      0.322    -93.425      6.386    -52.342
    20.000      5.000      0.402    -96.275      7.736    -61.322
    25.000      5.000      0.446    -98.940      8.732    -69.903
    30.000      5.000      0.481   -100.991      9.389    -76.583
    35.000      5.000      0.509   -103.851      9.717    -81.405
    40.000      5.000      0.551   -107.483      9.894    -86.738
    45.000      5.000      0.602   -110.810      9.937    -92.276
    50.000      5.000      0.638   -113.165      9.811    -97.387
    55.000      5.000      0.671   -114.911      9.077   -100.944
    60.000      5.000      0.693   -116.431      7.941   -104.429
    65.000      5.000      0.690   -117.702      6.893   -110.691
    70.000      5.000      0.667   -117.924      5.756   -117.431
    75.000      5.000      0.610   -117.410      5.048   -122.423
    80.000      5.000      0.537   -115.917      4.333   -124.437
    85.000      5.000      0.442   -113.319      3.764   -124.512
    90.000      5.000      0.324   -107.477      2.738   -121.358
    95.000      5.000      0.195    -94.525      1.492   -122.364
   100.000      5.000      0.098    -48.745      0.549   -123.172
   105.000      5.000      0.133     16.702      0.118    -83.916
   110.000      5.000      0.184     39.931      0.260     31.675
   115.000      5.000      0.080     61.503      0.080     61.503
   120.000      5.000      0.000      0.000      0.000      0.000
   125.000      5.000      0.000      0.000      0.000      0.000
   130.000      5.000      0.000      0.000      0.000      0.000
   135.000      5.000      0.000      0.000      0.000      0.000
   140.000      5.000      0.000      0.000      0.000      0.000
   145.000      5.000      0.000      0.000      0.000      0.000
   -25.000     10.000      0.000      0.000      0.000      0.000
   -20.000     10.000      0.000      0.000      0.000      0.000
   -15.000     10.000      0.000      0.000      0.000      0.000
   -10.000     10.000      0.062    -91.349      0.481      7.003
    -5.000     10.000      0.168    -86.030      1.526      9.254
     0.000     10.000      0.189    -96.207      2.261      4.049
     5.000     10.000      0.155   -104.770      2.590     -4.279
    10.000     10.000      0.123    -87.162      2.737    -19.236
    15.000     10.000      0.165    -86.448      3.439    -45.735
    20.000     10.000      0.213    -90.394      4.159    -57.913
    25.000     10.000      0.247    -94.791      4.689    -66.388
    30.000     10.000      0.274   -101.450      5.209    -74.869
    35.000     10.000      0.303   -107.427      5.447    -78.802
    40.000     10.000      0.329   -110.901      5.680    -85.451
    45.000     10.000      0.362   -113.022      5.396    -90.335
    50.000     10.000      0.389   -113.452      5.109    -96.086
    55.000     10.000      0.411   -112.351      4.921   -101.103
    60.000     10.000      0.416   -111.667      4.326   -103.474
    65.000     10.000      0.407   -110.482      3.729   -109.928
    70.000     10.000      0.394   -109.597      2.863   -118.321
    75.000     10.000      0.363   -109.702      2.495   -122.189
    80.000     10.000      0.305   -111.604      2.057   -125.363
    85.000     10.000      0.227   -115.653      1.601   -127.767
    90.000     10.000      0.159   -121.543      1.583   -123.740
    95.000     10.000      0.096   -131.268      0.935   -117.419
   100.000     10.000      0.062   -139.720      0.397   -117.422
   105.000     10.000      0.047   -145.529      0.068    179.213
   110.000     10.000      0.024    179.280      0.114   -129.493
   115.000     10.000      0.090     82.592      0.090     82.592
   120.000     10.000      0.000      0.000      0.000      0.000
   125.000     10.000      0.000      0.000      0.000      0.000
   130.000     10.000      0.000      0.000      0.000      0.000
   135.000     10.000      0.000      0.000      0.000      0.000
   140.000     10.000      0.000      0.000      0.000      0.000
   145.000     10.000      0.000      0.000      0.000      0.000
   -25.000     15.000      0.000      0.000      0.000      0.000
   -20.000     15.000      0.000      0.000      0.000      0.000
   -15.000     15.000      0.000      0.000      0.000      0.000
   -10.000     15.000      0.000      0.000      0.000      0.000
    -5.000     15.000      0.000      0.000      0.000      0.000
     0.000     15.000      0.000      0.000      0.000      0.000
     5.000     15.000      0.000      0.000      0.000      0.000
    10.000     15.000      0.000      0.000      0.000      0.000
    15.000     15.000      0.000      0.000      0.000      0.000
    20.000     15.000      0.000      0.000      0.000      0.000
    25.000     15.000      0.000      0.000      0.000      0.000
    30.000     15.000      0.000      0.000      0.000      0.000
    35.000     15.000      0.000      0.000      0.000      0.000
    40.000     15.000      0.000      0.000      0.000      0.000
    45.000     15.000      0.000      0.000      0.000      0.000
    50.000     15.000      0.000      0.000      0.000      0.000
    55.000     15.000      0.000      0.000      0.000      0.000
    60.000     15.000      0.000      0.000      0.000      0.000
    65.000     15.000      0.000      0.000      0.000      0.000
    70.000     15.000      0.000      0.000      0.000      0.000
    75.000     15.000      0.000      0.000      0.000      0.000
    80.000     15.000      0.000      0.000      0.000      0.000
    85.000     15.000      0.000      0.000      0.000      0.000
    90.000     15.000      0.000      0.000      0.000      0.000
    95.000     15.000      0.000      0.000      0.000      0.000
   100.000     15.000      0.000      0.000      0.000      0.000
   105.000     15.000      0.000      0.000      0.000      0.000
   110.000     15.000      0.000      0.000      0.000      0.000
   115.000     15.000      0.000      0.000      0.000      0.000
   120.000     15.000      0.000      0.000      0.000      0.000
   125.000     15.000      0.000      0.000      0.000      0.000
   130.000     15.000      0.000      0.000      0.000      0.000
   135.000     15.000      0.000      0.000      0.000      0.000
   140.000     15.000      0.000      0.000      0.000      0.000
   145.000     15.000      0.000      0.000      0.000      0.000
   -25.000     20.000      0.000      0.000      0.000      0.000
   -20.000     20.000      0.000      0.000      0.000      0.000
   -15.000     20.000      0.000      0.000      0.000      0.000
   -10.000     20.000      0.000      0.000      0.000      0.000
    -5.000     20.000      0.000      0.000      0.000      0.000
     0.000     20.000      0.000      0.000      0.000      0.000
     5.000     20.000      0.000      0.000      0.000      0.000
    10.000     20.000      0.000      0.000      0.000      0.000
    15.000     20.000      0.000      0.000      0.000      0.000
    20.000     20.000      0.000      0.000      0.000      0.000
    25.000     20.000      0.000      0.000      0.000      0.000
    30.000     20.000      0.000      0.000      0.000      0.000
    35.000     20.000      0.000      0.000      0.000      0.000
    40.000     20.000      0.000      0.000      0.000      0.000
    45.000     20.000      0.000      0.000      0.000      0.000
    50.000     20.000      0.000      0.000      0.000      0.000
    55.000     20.000      0.000      0.000      0.000      0.000
    60.000     20.000      0.000      0.000      0.000      0.000
    65.000     20.000      0.000      0.000      0.000      0.000
    70.000     20.000      0.000      0.000      0.000      0.000
    75.000     20.000      0.000      0.000      0.000      0.000
    80.000     20.000      0.000      0.000      0.000      0.000
    85.000     20.000      0.000      0.000      0.000      0.000
    90.000     20.000      0.000      0.000      0.000      0.000
    95.000     20.000      0.000      0.000      0.000      0.000
   100.000     20.000      0.000      0.000      0.000      0.000
   105.000     20.000      0.000      0.000      0.000      0.000
   110.000     20.000      0.000      0.000      0.000      0.000
   115.000     20.000      0.000      0.000      0.000      0.000
   120.000     20.000      0.000      0.000      0.000      0.000
   125.000     20.000      0.000      0.000      0.000      0.000
   130.000     20.000      0.000      0.000      0.000      0.000
   135.000     20.000      0.000      0.000      0.000      0.000
   140.000     20.000      0.000      0.000      0.000      0.000
   145.000     20.000      0.000      0.000      0.000      0.000
   -25.000     25.000      0.000      0.000      0.000      0.000
   -20.000     25.000      0.000      0.000      0.000      0.000
   -15.000     25.000      0.000      0.000      0.000      0.000
   -10.000     25.000      0.000      0.000      0.000      0.000
    -5.000     25.000      0.000      0.000      0.000      0.000
     0.000     25.000      0.000      0.000      0.000      0.000
     5.000     25.000      0.000      0.000      0.000      0.000
    10.000     25.000      0.000      0.000      0.000      0.000
    15.000     25.000      0.000      0.000      0.000      0.000
    20.000     25.000      0.000      0.000      0.000      0.000
    25.000     25.000      0.000      0.000      0.000      0.000
    30.000     25.000      0.000      0.000      0.000      0.000
    35.000     25.000      0.000      0.000      0.000      0.000
    40.000     25.000      0.000      0.000      0.000      0.000
    45.000     25.000      0.000      0.000      0.000      0.000
    50.000     25.000      0.000      0.000      0.000      0.000
    55.000     25.000      0.000      0.000      0.000      0.000
    60.000     25.000      0.000      0.000      0.000      0.000
    65.000     25.000      0.000      0.000      0.000      0.000
    70.000     25.000      0.000      0.000      0.000      0.000
    75.000     25.000      0.000      0.000      0.000      0.000
    80.000     25.000      0.000      0.000      0.000      0.000
    85.000     25.000      0.000      0.000      0.000      0.000
    90.000     25.000      0.000      0.000      0.000      0.000
    95.000     25.000      0.000      0.000      0.000      0.000
   100.000     25.000      0.000      0.000      0.000      0.000
   105.000     25.000      0.000      0.000      0.000      0.000
   110.000     25.000      0.000      0.000      0.000      0.000
   115.000     25.000      0.000      0.000      0.000      0.000
   120.000     25.000      0.000      0.000      0.000      0.000
   125.000     25.000      0.000      0.000      0.000      0.000
   130.000     25.000      0.000      0.000      0.000      0.000
   135.000     25.000      0.000      0.000      0.000      0.000
   140.000     25.000      0.000      0.000      0.000      0.000
   145.000     25.000      0.000      0.000      0.000      0.000
