   -25.000    -65.000      0.000      0.000      0.000      0.000
   -20.000    -65.000      0.000      0.000      0.000      0.000
   -15.000    -65.000      0.000      0.000      0.000      0.000
   -10.000    -65.000      0.000      0.000      0.000      0.000
    -5.000    -65.000      0.000      0.000      0.000      0.000
     0.000    -65.000      0.000      0.000      0.000      0.000
     5.000    -65.000      0.000      0.000      0.000      0.000
    10.000    -65.000      0.000      0.000      0.000      0.000
    15.000    -65.000      0.000      0.000      0.000      0.000
    20.000    -65.000      0.000      0.000      0.000      0.000
    25.000    -65.000      0.000      0.000      0.000      0.000
    30.000    -65.000      0.000      0.000      0.000      0.000
    35.000    -65.000      0.000      0.000      0.000      0.000
    40.000    -65.000      0.000      0.000      0.000      0.000
    45.000    -65.000      0.000      0.000      0.000      0.000
    50.000    -65.000      0.000      0.000      0.000      0.000
    55.000    -65.000      0.000      0.000      0.000      0.000
    60.000    -65.000      0.000      0.000      0.000      0.000
    65.000    -65.000      0.000      0.000      0.000      0.000
    70.000    -65.000      0.000      0.000      0.000      0.000
    75.000    -65.000      0.000      0.000      0.000      0.000
    80.000    -65.000      0.000      0.000      0.000      0.000
    85.000    -65.000      0.000      0.000      0.000      0.000
    90.000    -65.000      0.000      0.000      0.000      0.000
    95.000    -65.000      0.000      0.000      0.000      0.000
   100.000    -65.000      0.000      0.000      0.000      0.000
   105.000    -65.000      0.000      0.000      0.000      0.000
   110.000    -65.000      0.000      0.000      0.000      0.000
   115.000    -65.000      0.000      0.000      0.000      0.000
   120.000    -65.000      0.000      0.000      0.000      0.000
   125.000    -65.000      0.000      0.000      0.000      0.000
   130.000    -65.000      0.000      0.000      0.000      0.000
   135.000    -65.000      0.000      0.000      0.000      0.000
   140.000    -65.000      0.000      0.000      0.000      0.000
   145.000    -65.000      0.000      0.000      0.000      0.000
   -25.000    -60.000      0.000      0.000      0.000      0.000
   -20.000    -60.000      0.000      0.000      0.000      0.000
   -15.000    -60.000      0.000      0.000      0.000      0.000
   -10.000    -60.000      0.000      0.000      0.000      0.000
    -5.000    -60.000      0.000      0.000      0.000      0.000
     0.000    -60.000      0.000      0.000      0.000      0.000
     5.000    -60.000      0.000      0.000      0.000      0.000
    10.000    -60.000      0.000      0.000      0.000      0.000
    15.000    -60.000      0.000      0.000      0.000      0.000
    20.000    -60.000      0.000      0.000      0.000      0.000
    25.000    -60.000      0.000      0.000      0.000      0.000
    30.000    -60.000      0.000      0.000      0.000      0.000
    35.000    -60.000      0.000      0.000      0.000      0.000
    40.000    -60.000      0.000      0.000      0.000      0.000
    45.000    -60.000      0.000      0.000      0.000      0.000
    50.000    -60.000      0.000      0.000      0.000      0.000
    55.000    -60.000      0.000      0.000      0.000      0.000
    60.000    -60.000      0.000      0.000      0.000      0.000
    65.000    -60.000      0.000      0.000      0.000      0.000
    70.000    -60.000      0.000      0.000      0.000      0.000
    75.000    -60.000      0.000      0.000      0.000      0.000
    80.000    -60.000      0.000      0.000      0.000      0.000
    85.000    -60.000      0.000      0.000      0.000      0.000
    90.000    -60.000      0.000      0.000      0.000      0.000
    95.000    -60.000      0.000      0.000      0.000      0.000
   100.000    -60.000      0.000      0.000      0.000      0.000
   105.000    -60.000      0.000      0.000      0.000      0.000
   110.000    -60.000      0.000      0.000      0.000      0.000
   115.000    -60.000      0.000      0.000      0.000      0.000
   120.000    -60.000      0.000      0.000      0.000      0.000
   125.000    -60.000      0.000      0.000      0.000      0.000
   130.000    -60.000      0.000      0.000      0.000      0.000
   135.000    -60.000      0.000      0.000      0.000      0.000
   140.000    -60.000      0.000      0.000      0.000      0.000
   145.000    -60.000      0.000      0.000      0.000      0.000
   -25.000    -55.000      0.000      0.000      0.000      0.000
   -20.000    -55.000      0.000      0.000      0.000      0.000
   -15.000    -55.000      0.000      0.000      0.000      0.000
   -10.000    -55.000      0.000      0.000      0.000      0.000
    -5.000    -55.000      0.000      0.000      0.000      0.000
     0.000    -55.000      0.000      0.000      0.000      0.000
     5.000    -55.000      0.000      0.000      0.000      0.000
    10.000    -55.000      0.000      0.000      0.000      0.000
    15.000    -55.000      0.000      0.000      0.000      0.000
    20.000    -55.000      0.000      0.000      0.000      0.000
    25.000    -55.000      0.000      0.000      0.000      0.000
    30.000    -55.000      0.000      0.000      0.000      0.000
    35.000    -55.000      0.000      0.000      0.000      0.000
    40.000    -55.000      0.000      0.000      0.000      0.000
    45.000    -55.000      0.000      0.000      0.000      0.000
    50.000    -55.000      0.000      0.000      0.000      0.000
    55.000    -55.000      0.000      0.000      0.000      0.000
    60.000    -55.000      0.000      0.000      0.000      0.000
    65.000    -55.000      0.000      0.000      0.000      0.000
    70.000    -55.000      0.000      0.000      0.000      0.000
    75.000    -55.000      0.000      0.000      0.000      0.000
    80.000    -55.000      0.000      0.000      0.000      0.000
    85.000    -55.000      0.000      0.000      0.000      0.000
    90.000    -55.000      0.000      0.000      0.000      0.000
    95.000    -55.000      0.000      0.000      0.000      0.000
   100.000    -55.000      0.000      0.000      0.000      0.000
   105.000    -55.000      0.000      0.000      0.000      0.000
   110.000    -55.000      0.000      0.000      0.000      0.000
   115.000    -55.000      0.000      0.000      0.000      0.000
   120.000    -55.000      0.000      0.000      0.000      0.000
   125.000    -55.000      0.000      0.000      0.000      0.000
   130.000    -55.000      0.000      0.000      0.000      0.000
   135.000    -55.000      0.000      0.000      0.000      0.000
   140.000    -55.000      0.000      0.000      0.000      0.000
   145.000    -55.000      0.000      0.000      0.000      0.000
   -25.000    -50.000      0.000      0.000      0.000      0.000
   -20.000    -50.000      0.000      0.000      0.000      0.000
   -15.000    -50.000      0.000      0.000      0.000      0.000
   -10.000    -50.000      0.046     77.544      0.127     56.147
    -5.000    -50.000      0.082     69.312      0.346     66.028
     0.000    -50.000      0.101     58.463      0.595     83.984
     5.000    -50.000      0.135     52.661      0.718    104.892
    10.000    -50.000      0.135     55.124      0.891    120.863
    15.000    -50.000      0.110     76.420      1.091    120.188
    20.000    -50.000      0.088    109.417      1.636    103.885
    25.000    -50.000      0.101    124.030      1.669    104.835
    30.000    -50.000      0.105    133.619      1.032    111.462
    35.000    -50.000      0.124    142.435      0.602    100.824
    40.000    -50.000      0.154    145.544      0.440    126.767
    45.000    -50.000      0.165    142.085      0.413    125.154
    50.000    -50.000      0.157    131.275      0.431    136.839
    55.000    -50.000      0.162    119.224      0.285    103.775
    60.000    -50.000      0.170    123.356      0.265    122.286
    65.000    -50.000      0.041    144.253      0.042    144.371
    70.000    -50.000      0.000      0.000      0.000      0.000
    75.000    -50.000      0.000      0.000      0.000      0.000
    80.000    -50.000      0.000      0.000      0.000      0.000
    85.000    -50.000      0.000      0.000      0.000      0.000
    90.000    -50.000      0.000      0.000      0.000      0.000
    95.000    -50.000      0.000      0.000      0.000      0.000
   100.000    -50.000      0.000      0.000      0.000      0.000
   105.000    -50.000      0.000      0.000      0.000      0.000
   110.000    -50.000      0.000      0.000      0.000      0.000
   115.000    -50.000      0.000      0.000      0.000      0.000
   120.000    -50.000      0.000      0.000      0.000      0.000
   125.000    -50.000      0.000      0.000      0.000      0.000
   130.000    -50.000      0.000      0.000      0.000      0.000
   135.000    -50.000      0.000      0.000      0.000      0.000
   140.000    -50.000      0.000      0.000      0.000      0.000
   145.000    -50.000      0.000      0.000      0.000      0.000
   -25.000    -45.000      0.000      0.000      0.000      0.000
   -20.000    -45.000      0.000      0.000      0.000      0.000
   -15.000    -45.000      0.000      0.000      0.000      0.000
   -10.000    -45.000      0.048     59.051      0.458    177.337
    -5.000    -45.000      0.122     66.163      0.736   -176.113
     0.000    -45.000      0.179     69.431      0.808    179.053
     5.000    -45.000      0.231     71.482      0.925    174.768
    10.000    -45.000      0.231     76.134      1.107    168.754
    15.000    -45.000      0.218     83.612      1.276    146.846
    20.000    -45.000      0.219     93.315      2.030    111.433
    25.000    -45.000      0.218    103.471      2.275    106.072
    30.000    -45.000      0.199    113.418      1.686    110.723
    35.000    -45.000      0.194    121.831      1.005    121.656
    40.000    -45.000      0.196    132.158      0.611    154.294
    45.000    -45.000      0.217    134.330      0.824    147.675
    50.000    -45.000      0.241    131.658      0.911    157.466
    55.000    -45.000      0.267    125.471      0.884    122.016
    60.000    -45.000      0.265    121.279      0.566    120.901
    65.000    -45.000      0.150    110.516      0.207    112.670
    70.000    -45.000      0.006   -109.890      0.006   -109.890
    75.000    -45.000      0.000      0.000      0.000      0.000
    80.000    -45.000      0.000      0.000      0.000      0.000
    85.000    -45.000      0.000      0.000      0.000      0.000
    90.000    -45.000      0.000      0.000      0.000      0.000
    95.000    -45.000      0.000      0.000      0.000      0.000
   100.000    -45.000      0.000      0.000      0.000      0.000
   105.000    -45.000      0.000      0.000      0.000      0.000
   110.000    -45.000      0.000      0.000      0.000      0.000
   115.000    -45.000      0.000      0.000      0.000      0.000
   120.000    -45.000      0.000      0.000      0.000      0.000
   125.000    -45.000      0.000      0.000      0.000      0.000
   130.000    -45.000      0.000      0.000      0.000      0.000
   135.000    -45.000      0.000      0.000      0.000      0.000
   140.000    -45.000      0.000      0.000      0.000      0.000
   145.000    -45.000      0.000      0.000      0.000      0.000
   -25.000    -40.000      0.000      0.000      0.000      0.000
   -20.000    -40.000      0.000      0.000      0.000      0.000
   -15.000    -40.000      0.000      0.000      0.000      0.000
   -10.000    -40.000      0.103     76.303      0.920   -158.641
    -5.000    -40.000      0.167     78.051      1.533   -164.941
     0.000    -40.000      0.177     76.729      2.106   -164.034
     5.000    -40.000      0.181     75.691      2.505   -159.401
    10.000    -40.000      0.200     78.737      2.655   -158.265
    15.000    -40.000      0.192     80.755      2.365   -171.778
    20.000    -40.000      0.171     85.867      1.953    166.462
    25.000    -40.000      0.162     97.197      1.584    138.651
    30.000    -40.000      0.171    109.649      1.341    139.824
    35.000    -40.000      0.193    123.507      1.053    152.059
    40.000    -40.000      0.211    138.767      0.868    160.721
    45.000    -40.000      0.252    143.779      0.833    173.342
    50.000    -40.000      0.290    144.357      1.078    168.366
    55.000    -40.000      0.321    141.388      1.116    139.538
    60.000    -40.000      0.299    139.260      0.735    143.995
    65.000    -40.000      0.175    136.359      0.301    142.101
    70.000    -40.000      0.024     36.502      0.025     36.049
    75.000    -40.000      0.000      0.000      0.000      0.000
    80.000    -40.000      0.000      0.000      0.000      0.000
    85.000    -40.000      0.000      0.000      0.000      0.000
    90.000    -40.000      0.000      0.000      0.000      0.000
    95.000    -40.000      0.000      0.000      0.000      0.000
   100.000    -40.000      0.000      0.000      0.000      0.000
   105.000    -40.000      0.000      0.000      0.000      0.000
   110.000    -40.000      0.000      0.000      0.000      0.000
   115.000    -40.000      0.000      0.000      0.000      0.000
   120.000    -40.000      0.000      0.000      0.000      0.000
   125.000    -40.000      0.000      0.000      0.000      0.000
   130.000    -40.000      0.000      0.000      0.000      0.000
   135.000    -40.000      0.000      0.000      0.000      0.000
   140.000    -40.000      0.000      0.000      0.000      0.000
   145.000    -40.000      0.000      0.000      0.000      0.000
   -25.000    -35.000      0.000      0.000      0.000      0.000
   -20.000    -35.000      0.000      0.000      0.000      0.000
   -15.000    -35.000      0.000      0.000      0.000      0.000
   -10.000    -35.000      0.086     78.217      1.486   -159.664
    -5.000    -35.000      0.079     89.123      2.552   -155.453
     0.000    -35.000      0.086     78.397      3.360   -148.031
     5.000    -35.000      0.103     62.604      3.892   -141.047
    10.000    -35.000      0.094     47.081      3.956   -139.593
    15.000    -35.000      0.077     25.490      3.339   -148.984
    20.000    -35.000      0.042     -5.856      2.771   -152.243
    25.000    -35.000      0.015   -119.016      1.835   -154.130
    30.000    -35.000      0.066   -168.860      1.441   -150.689
    35.000    -35.000      0.141   -179.670      1.446   -157.430
    40.000    -35.000      0.227    172.967      1.378   -163.492
    45.000    -35.000      0.308    170.222      1.354   -146.982
    50.000    -35.000      0.356    166.494      1.203   -167.050
    55.000    -35.000      0.352    163.140      1.205    158.500
    60.000    -35.000      0.299    162.231      0.925    154.237
    65.000    -35.000      0.206    162.271      0.392    172.792
    70.000    -35.000      0.119    123.617      0.196    113.377
    75.000    -35.000      0.015     88.827      0.015     88.827
    80.000    -35.000      0.000      0.000      0.000      0.000
    85.000    -35.000      0.000      0.000      0.000      0.000
    90.000    -35.000      0.000      0.000      0.000      0.000
    95.000    -35.000      0.000      0.000      0.000      0.000
   100.000    -35.000      0.000      0.000      0.000      0.000
   105.000    -35.000      0.000      0.000      0.000      0.000
   110.000    -35.000      0.000      0.000      0.000      0.000
   115.000    -35.000      0.000      0.000      0.000      0.000
   120.000    -35.000      0.000      0.000      0.000      0.000
   125.000    -35.000      0.000      0.000      0.000      0.000
   130.000    -35.000      0.000      0.000      0.000      0.000
   135.000    -35.000      0.000      0.000      0.000      0.000
   140.000    -35.000      0.000      0.000      0.000      0.000
   145.000    -35.000      0.000      0.000      0.000      0.000
   -25.000    -30.000      0.000      0.000      0.000      0.000
   -20.000    -30.000      0.000      0.000      0.000      0.000
   -15.000    -30.000      0.000      0.000      0.000      0.000
   -10.000    -30.000      0.032    -88.224      1.816   -159.097
    -5.000    -30.000      0.054    -41.560      3.072   -151.231
     0.000    -30.000      0.080    -18.546      4.037   -140.500
     5.000    -30.000      0.082    -17.516      4.907   -131.442
    10.000    -30.000      0.074    -32.422      5.087   -127.918
    15.000    -30.000      0.076    -47.936      4.504   -128.312
    20.000    -30.000      0.122    -71.443      3.696   -126.171
    25.000    -30.000      0.157    -84.081      3.136   -123.790
    30.000    -30.000      0.186    -98.523      2.704   -121.850
    35.000    -30.000      0.239   -115.231      2.776   -116.367
    40.000    -30.000      0.296   -134.295      2.037   -124.425
    45.000    -30.000      0.360   -151.129      1.799   -126.722
    50.000    -30.000      0.413   -165.404      1.636   -144.250
    55.000    -30.000      0.433   -172.875      1.516   -173.044
    60.000    -30.000      0.393   -173.462      1.391    165.678
    65.000    -30.000      0.290   -170.328      0.813    161.780
    70.000    -30.000      0.137   -164.740      0.313    154.828
    75.000    -30.000      0.050   -135.804      0.052   -135.898
    80.000    -30.000      0.000      0.000      0.000      0.000
    85.000    -30.000      0.000      0.000      0.000      0.000
    90.000    -30.000      0.000      0.000      0.000      0.000
    95.000    -30.000      0.000      0.000      0.000      0.000
   100.000    -30.000      0.000      0.000      0.000      0.000
   105.000    -30.000      0.000      0.000      0.000      0.000
   110.000    -30.000      0.000      0.000      0.000      0.000
   115.000    -30.000      0.000      0.000      0.000      0.000
   120.000    -30.000      0.000      0.000      0.000      0.000
   125.000    -30.000      0.000      0.000      0.000      0.000
   130.000    -30.000      0.000      0.000      0.000      0.000
   135.000    -30.000      0.000      0.000      0.000      0.000
   140.000    -30.000      0.000      0.000      0.000      0.000
   145.000    -30.000      0.000      0.000      0.000      0.000
   -25.000    -25.000      0.000      0.000      0.000      0.000
   -20.000    -25.000      0.000      0.000      0.000      0.000
   -15.000    -25.000      0.000      0.000      0.000      0.000
   -10.000    -25.000      0.055   -109.974      2.200   -156.007
    -5.000    -25.000      0.092    -92.813      3.781   -147.235
     0.000    -25.000      0.133    -79.450      4.847   -135.515
     5.000    -25.000      0.173    -73.928      5.448   -124.881
    10.000    -25.000      0.201    -71.058      5.404   -118.544
    15.000    -25.000      0.216    -71.952      5.132   -115.823
    20.000    -25.000      0.253    -81.040      4.485   -109.439
    25.000    -25.000      0.305    -88.532      4.336   -106.175
    30.000    -25.000      0.387    -94.285      4.169   -102.171
    35.000    -25.000      0.454   -100.131      4.067    -97.946
    40.000    -25.000      0.511   -107.821      3.468    -99.821
    45.000    -25.000      0.522   -118.068      2.776   -100.737
    50.000    -25.000      0.504   -132.426      1.968   -120.328
    55.000    -25.000      0.495   -148.588      1.614   -152.365
    60.000    -25.000      0.475   -159.469      1.632    178.910
    65.000    -25.000      0.396   -165.986      1.327    173.889
    70.000    -25.000      0.232   -168.361      0.481    159.663
    75.000    -25.000      0.014    -51.192      0.015    -49.134
    80.000    -25.000      0.021    -88.184      0.021    -88.184
    85.000    -25.000      0.000      0.000      0.000      0.000
    90.000    -25.000      0.000      0.000      0.000      0.000
    95.000    -25.000      0.000      0.000      0.000      0.000
   100.000    -25.000      0.000      0.000      0.000      0.000
   105.000    -25.000      0.000      0.000      0.000      0.000
   110.000    -25.000      0.000      0.000      0.000      0.000
   115.000    -25.000      0.000      0.000      0.000      0.000
   120.000    -25.000      0.000      0.000      0.000      0.000
   125.000    -25.000      0.000      0.000      0.000      0.000
   130.000    -25.000      0.000      0.000      0.000      0.000
   135.000    -25.000      0.000      0.000      0.000      0.000
   140.000    -25.000      0.000      0.000      0.000      0.000
   145.000    -25.000      0.000      0.000      0.000      0.000
   -25.000    -20.000      0.000      0.000      0.000      0.000
   -20.000    -20.000      0.000      0.000      0.000      0.000
   -15.000    -20.000      0.000      0.000      0.000      0.000
   -10.000    -20.000      0.067   -138.674      1.955   -139.115
    -5.000    -20.000      0.122   -136.765      3.522   -137.845
     0.000    -20.000      0.182   -121.313      4.641   -130.750
     5.000    -20.000      0.257   -105.158      5.163   -120.946
    10.000    -20.000      0.350    -93.147      5.208   -111.669
    15.000    -20.000      0.434    -86.832      4.945   -103.822
    20.000    -20.000      0.502    -86.154      4.798    -91.410
    25.000    -20.000      0.568    -86.921      5.189    -87.413
    30.000    -20.000      0.618    -88.529      5.627    -86.204
    35.000    -20.000      0.650    -92.611      5.565    -85.903
    40.000    -20.000      0.665    -99.638      4.972    -85.736
    45.000    -20.000      0.648   -108.561      4.285    -86.259
    50.000    -20.000      0.612   -119.601      2.800   -100.524
    55.000    -20.000      0.583   -132.299      1.668   -120.513
    60.000    -20.000      0.566   -145.538      1.303   -165.741
    65.000    -20.000      0.514   -155.258      1.253    178.859
    70.000    -20.000      0.383   -163.719      0.767   -174.346
    75.000    -20.000      0.182   -177.156      0.247    163.800
    80.000    -20.000      0.015   -115.753      0.015   -115.753
    85.000    -20.000      0.000      0.000      0.000      0.000
    90.000    -20.000      0.000      0.000      0.000      0.000
    95.000    -20.000      0.000      0.000      0.000      0.000
   100.000    -20.000      0.000      0.000      0.000      0.000
   105.000    -20.000      0.000      0.000      0.000      0.000
   110.000    -20.000      0.000      0.000      0.000      0.000
   115.000    -20.000      0.000      0.000      0.000      0.000
   120.000    -20.000      0.000      0.000      0.000      0.000
   125.000    -20.000      0.000      0.000      0.000      0.000
   130.000    -20.000      0.000      0.000      0.000      0.000
   135.000    -20.000      0.000      0.000      0.000      0.000
   140.000    -20.000      0.000      0.000      0.000      0.000
   145.000    -20.000      0.000      0.000      0.000      0.000
   -25.000    -15.000      0.000      0.000      0.000      0.000
   -20.000    -15.000      0.000      0.000      0.000      0.000
   -15.000    -15.000      0.000      0.000      0.000      0.000
   -10.000    -15.000      0.110   -154.725      1.491   -124.149
    -5.000    -15.000      0.165   -151.164      2.688   -118.421
     0.000    -15.000      0.210   -136.247      3.579   -110.949
     5.000    -15.000      0.273   -119.104      4.200   -102.547
    10.000    -15.000      0.367   -104.241      4.444    -94.528
    15.000    -15.000      0.488    -94.201      4.597    -85.169
    20.000    -15.000      0.625    -89.982      5.010    -75.314
    25.000    -15.000      0.749    -88.582      5.515    -72.375
    30.000    -15.000      0.825    -89.651      6.387    -73.966
    35.000    -15.000      0.859    -92.500      6.749    -77.364
    40.000    -15.000      0.857    -97.071      6.128    -81.750
    45.000    -15.000      0.810   -103.152      5.293    -81.682
    50.000    -15.000      0.751   -110.946      4.151    -87.700
    55.000    -15.000      0.677   -121.225      2.345    -98.106
    60.000    -15.000      0.612   -132.313      1.360   -120.959
    65.000    -15.000      0.529   -141.385      0.845   -147.245
    70.000    -15.000      0.405   -147.492      0.731   -145.224
    75.000    -15.000      0.237   -152.490      0.304   -153.698
    80.000    -15.000      0.021   -139.016      0.021   -139.016
    85.000    -15.000      0.000      0.000      0.000      0.000
    90.000    -15.000      0.000      0.000      0.000      0.000
    95.000    -15.000      0.000      0.000      0.000      0.000
   100.000    -15.000      0.000      0.000      0.000      0.000
   105.000    -15.000      0.000      0.000      0.000      0.000
   110.000    -15.000      0.000      0.000      0.000      0.000
   115.000    -15.000      0.000      0.000      0.000      0.000
   120.000    -15.000      0.000      0.000      0.000      0.000
   125.000    -15.000      0.000      0.000      0.000      0.000
   130.000    -15.000      0.000      0.000      0.000      0.000
   135.000    -15.000      0.000      0.000      0.000      0.000
   140.000    -15.000      0.000      0.000      0.000      0.000
   145.000    -15.000      0.000      0.000      0.000      0.000
   -25.000    -10.000      0.000      0.000      0.000      0.000
   -20.000    -10.000      0.000      0.000      0.000      0.000
   -15.000    -10.000      0.000      0.000      0.000      0.000
   -10.000    -10.000      0.098   -143.312      0.657    -97.719
    -5.000    -10.000      0.186   -132.757      1.557    -81.206
     0.000    -10.000      0.255   -123.021      2.457    -71.429
     5.000    -10.000      0.341   -114.390      3.508    -65.843
    10.000    -10.000      0.447   -106.807      4.279    -64.992
    15.000    -10.000      0.565    -99.862      4.649    -61.523
    20.000    -10.000      0.706    -96.050      5.394    -58.087
    25.000    -10.000      0.833    -94.124      6.147    -59.390
    30.000    -10.000      0.938    -93.542      6.682    -62.050
    35.000    -10.000      0.976    -94.053      7.014    -68.370
    40.000    -10.000      0.966    -95.756      6.785    -76.525
    45.000    -10.000      0.913    -98.305      6.200    -79.484
    50.000    -10.000      0.823   -101.303      4.869    -82.269
    55.000    -10.000      0.710   -105.056      3.427    -88.479
    60.000    -10.000      0.568   -110.648      1.900    -90.998
    65.000    -10.000      0.436   -118.539      1.138   -103.698
    70.000    -10.000      0.339   -127.424      0.680   -120.125
    75.000    -10.000      0.270   -135.270      0.401   -130.225
    80.000    -10.000      0.114   -141.081      0.117   -141.057
    85.000    -10.000      0.000      0.000      0.000      0.000
    90.000    -10.000      0.000      0.000      0.000      0.000
    95.000    -10.000      0.000      0.000      0.000      0.000
   100.000    -10.000      0.000      0.000      0.000      0.000
   105.000    -10.000      0.000      0.000      0.000      0.000
   110.000    -10.000      0.000      0.000      0.000      0.000
   115.000    -10.000      0.000      0.000      0.000      0.000
   120.000    -10.000      0.000      0.000      0.000      0.000
   125.000    -10.000      0.000      0.000      0.000      0.000
   130.000    -10.000      0.000      0.000      0.000      0.000
   135.000    -10.000      0.000      0.000      0.000      0.000
   140.000    -10.000      0.000      0.000      0.000      0.000
   145.000    -10.000      0.000      0.000      0.000      0.000
   -25.000     -5.000      0.000      0.000      0.000      0.000
   -20.000     -5.000      0.000      0.000      0.000      0.000
   -15.000     -5.000      0.000      0.000      0.000      0.000
   -10.000     -5.000      0.065   -133.978      0.824     -0.289
    -5.000     -5.000      0.175   -121.548      1.627    -12.690
     0.000     -5.000      0.301   -115.825      2.636    -21.726
     5.000     -5.000      0.429   -112.471      3.762    -30.600
    10.000     -5.000      0.548   -109.073      4.640    -36.581
    15.000     -5.000      0.663   -106.230      5.290    -38.763
    20.000     -5.000      0.776   -103.617      5.894    -46.348
    25.000     -5.000      0.862   -100.701      6.613    -52.127
    30.000     -5.000      0.917    -97.467      6.871    -55.549
    35.000     -5.000      0.960    -94.788      6.900    -62.215
    40.000     -5.000      0.962    -93.029      6.596    -71.426
    45.000     -5.000      0.910    -91.950      6.242    -77.597
    50.000     -5.000      0.812    -91.340      4.965    -78.186
    55.000     -5.000      0.694    -91.460      3.695    -80.559
    60.000     -5.000      0.564    -93.149      2.529    -83.583
    65.000     -5.000      0.420    -97.473      1.309    -83.766
    70.000     -5.000      0.295   -107.740      0.453    -98.659
    75.000     -5.000      0.199   -123.706      0.222   -117.135
    80.000     -5.000      0.125   -146.475      0.128   -146.429
    85.000     -5.000      0.000      0.000      0.000      0.000
    90.000     -5.000      0.000      0.000      0.000      0.000
    95.000     -5.000      0.000      0.000      0.000      0.000
   100.000     -5.000      0.000      0.000      0.000      0.000
   105.000     -5.000      0.000      0.000      0.000      0.000
   110.000     -5.000      0.000      0.000      0.000      0.000
   115.000     -5.000      0.000      0.000      0.000      0.000
   120.000     -5.000      0.000      0.000      0.000      0.000
   125.000     -5.000      0.000      0.000      0.000      0.000
   130.000     -5.000      0.000      0.000      0.000      0.000
   135.000     -5.000      0.000      0.000      0.000      0.000
   140.000     -5.000      0.000      0.000      0.000      0.000
   145.000     -5.000      0.000      0.000      0.000      0.000
   -25.000      0.000      0.000      0.000      0.000      0.000
   -20.000      0.000      0.000      0.000      0.000      0.000
   -15.000      0.000      0.000      0.000      0.000      0.000
   -10.000      0.000      0.075   -128.515      1.269     23.329
    -5.000      0.000      0.165   -129.740      2.526     16.103
     0.000      0.000      0.277   -124.060      3.567      8.534
     5.000      0.000      0.401   -117.930      4.371     -0.339
    10.000      0.000      0.526   -112.983      4.930    -14.235
    15.000      0.000      0.623   -109.461      5.649    -23.627
    20.000      0.000      0.707   -105.353      5.890    -33.126
    25.000      0.000      0.772   -101.199      6.203    -45.833
    30.000      0.000      0.826    -97.323      6.346    -52.871
    35.000      0.000      0.845    -93.949      6.079    -58.595
    40.000      0.000      0.841    -90.671      5.943    -67.348
    45.000      0.000      0.815    -88.086      5.735    -76.062
    50.000      0.000      0.755    -86.559      4.924    -79.185
    55.000      0.000      0.647    -85.756      3.912    -79.419
    60.000      0.000      0.513    -86.196      3.017    -81.042
    65.000      0.000      0.361    -88.117      1.588    -81.091
    70.000      0.000      0.227    -97.187      0.590    -77.738
    75.000      0.000      0.134   -132.921      0.180   -143.578
    80.000      0.000      0.059   -132.353      0.060   -132.235
    85.000      0.000      0.000      0.000      0.000      0.000
    90.000      0.000      0.000      0.000      0.000      0.000
    95.000      0.000      0.000      0.000      0.000      0.000
   100.000      0.000      0.000      0.000      0.000      0.000
   105.000      0.000      0.000      0.000      0.000      0.000
   110.000      0.000      0.000      0.000      0.000      0.000
   115.000      0.000      0.000      0.000      0.000      0.000
   120.000      0.000      0.000      0.000      0.000      0.000
   125.000      0.000      0.000      0.000      0.000      0.000
   130.000      0.000      0.000      0.000      0.000      0.000
   135.000      0.000      0.000      0.000      0.000      0.000
   140.000      0.000      0.000      0.000      0.000      0.000
   145.000      0.000      0.000      0.000      0.000      0.000
   -25.000      5.000      0.000      0.000      0.000      0.000
   -20.000      5.000      0.000      0.000      0.000      0.000
   -15.000      5.000      0.000      0.000      0.000      0.000
   -10.000      5.000      0.073   -151.740      1.383     41.518
    -5.000      5.000      0.154   -146.212      3.069     28.720
     0.000      5.000      0.232   -137.438      4.265     21.314
     5.000      5.000      0.295   -128.354      4.809     13.930
    10.000      5.000      0.351   -118.400      4.775      2.251
    15.000      5.000      0.413   -109.775      4.881    -16.326
    20.000      5.000      0.465   -103.327      5.138    -28.134
    25.000      5.000      0.500    -98.977      5.081    -40.156
    30.000      5.000      0.536    -95.888      4.932    -50.209
    35.000      5.000      0.566    -93.158      4.752    -57.176
    40.000      5.000      0.577    -89.787      4.527    -65.341
    45.000      5.000      0.578    -86.776      4.296    -74.038
    50.000      5.000      0.559    -84.736      4.044    -81.644
    55.000      5.000      0.510    -84.116      3.371    -83.098
    60.000      5.000      0.422    -83.161      2.392    -79.897
    65.000      5.000      0.291    -79.748      1.423    -82.131
    70.000      5.000      0.162    -72.777      0.462    -74.522
    75.000      5.000      0.058    -48.424      0.099    -62.113
    80.000      5.000      0.065     25.283      0.067     25.300
    85.000      5.000      0.000      0.000      0.000      0.000
    90.000      5.000      0.000      0.000      0.000      0.000
    95.000      5.000      0.000      0.000      0.000      0.000
   100.000      5.000      0.000      0.000      0.000      0.000
   105.000      5.000      0.000      0.000      0.000      0.000
   110.000      5.000      0.000      0.000      0.000      0.000
   115.000      5.000      0.000      0.000      0.000      0.000
   120.000      5.000      0.000      0.000      0.000      0.000
   125.000      5.000      0.000      0.000      0.000      0.000
   130.000      5.000      0.000      0.000      0.000      0.000
   135.000      5.000      0.000      0.000      0.000      0.000
   140.000      5.000      0.000      0.000      0.000      0.000
   145.000      5.000      0.000      0.000      0.000      0.000
   -25.000     10.000      0.000      0.000      0.000      0.000
   -20.000     10.000      0.000      0.000      0.000      0.000
   -15.000     10.000      0.000      0.000      0.000      0.000
   -10.000     10.000      0.082   -175.413      0.751     38.599
    -5.000     10.000      0.109   -168.831      2.046     31.401
     0.000     10.000      0.113   -157.052      2.937     25.240
     5.000     10.000      0.117   -148.117      3.269     19.770
    10.000     10.000      0.144   -134.203      3.106     12.281
    15.000     10.000      0.169   -123.118      2.886    -10.856
    20.000     10.000      0.203   -108.373      2.947    -25.416
    25.000     10.000      0.251    -97.432      2.942    -36.536
    30.000     10.000      0.283    -91.468      2.950    -49.990
    35.000     10.000      0.301    -89.752      2.930    -55.518
    40.000     10.000      0.307    -88.590      2.873    -66.785
    45.000     10.000      0.309    -86.397      2.467    -72.142
    50.000     10.000      0.301    -82.342      2.092    -79.754
    55.000     10.000      0.291    -78.407      1.898    -87.031
    60.000     10.000      0.255    -75.972      1.416    -83.399
    65.000     10.000      0.197    -78.957      0.893    -90.447
    70.000     10.000      0.119    -92.008      0.146   -108.074
    75.000     10.000      0.038   -134.634      0.041   -134.630
    80.000     10.000      0.033    109.149      0.034    109.125
    85.000     10.000      0.000      0.000      0.000      0.000
    90.000     10.000      0.000      0.000      0.000      0.000
    95.000     10.000      0.000      0.000      0.000      0.000
   100.000     10.000      0.000      0.000      0.000      0.000
   105.000     10.000      0.000      0.000      0.000      0.000
   110.000     10.000      0.000      0.000      0.000      0.000
   115.000     10.000      0.000      0.000      0.000      0.000
   120.000     10.000      0.000      0.000      0.000      0.000
   125.000     10.000      0.000      0.000      0.000      0.000
   130.000     10.000      0.000      0.000      0.000      0.000
   135.000     10.000      0.000      0.000      0.000      0.000
   140.000     10.000      0.000      0.000      0.000      0.000
   145.000     10.000      0.000      0.000      0.000      0.000
   -25.000     15.000      0.000      0.000      0.000      0.000
   -20.000     15.000      0.000      0.000      0.000      0.000
   -15.000     15.000      0.000      0.000      0.000      0.000
   -10.000     15.000      0.000      0.000      0.000      0.000
    -5.000     15.000      0.000      0.000      0.000      0.000
     0.000     15.000      0.000      0.000      0.000      0.000
     5.000     15.000      0.000      0.000      0.000      0.000
    10.000     15.000      0.000      0.000      0.000      0.000
    15.000     15.000      0.000      0.000      0.000      0.000
    20.000     15.000      0.000      0.000      0.000      0.000
    25.000     15.000      0.000      0.000      0.000      0.000
    30.000     15.000      0.000      0.000      0.000      0.000
    35.000     15.000      0.000      0.000      0.000      0.000
    40.000     15.000      0.000      0.000      0.000      0.000
    45.000     15.000      0.000      0.000      0.000      0.000
    50.000     15.000      0.000      0.000      0.000      0.000
    55.000     15.000      0.000      0.000      0.000      0.000
    60.000     15.000      0.000      0.000      0.000      0.000
    65.000     15.000      0.000      0.000      0.000      0.000
    70.000     15.000      0.000      0.000      0.000      0.000
    75.000     15.000      0.000      0.000      0.000      0.000
    80.000     15.000      0.000      0.000      0.000      0.000
    85.000     15.000      0.000      0.000      0.000      0.000
    90.000     15.000      0.000      0.000      0.000      0.000
    95.000     15.000      0.000      0.000      0.000      0.000
   100.000     15.000      0.000      0.000      0.000      0.000
   105.000     15.000      0.000      0.000      0.000      0.000
   110.000     15.000      0.000      0.000      0.000      0.000
   115.000     15.000      0.000      0.000      0.000      0.000
   120.000     15.000      0.000      0.000      0.000      0.000
   125.000     15.000      0.000      0.000      0.000      0.000
   130.000     15.000      0.000      0.000      0.000      0.000
   135.000     15.000      0.000      0.000      0.000      0.000
   140.000     15.000      0.000      0.000      0.000      0.000
   145.000     15.000      0.000      0.000      0.000      0.000
   -25.000     20.000      0.000      0.000      0.000      0.000
   -20.000     20.000      0.000      0.000      0.000      0.000
   -15.000     20.000      0.000      0.000      0.000      0.000
   -10.000     20.000      0.000      0.000      0.000      0.000
    -5.000     20.000      0.000      0.000      0.000      0.000
     0.000     20.000      0.000      0.000      0.000      0.000
     5.000     20.000      0.000      0.000      0.000      0.000
    10.000     20.000      0.000      0.000      0.000      0.000
    15.000     20.000      0.000      0.000      0.000      0.000
    20.000     20.000      0.000      0.000      0.000      0.000
    25.000     20.000      0.000      0.000      0.000      0.000
    30.000     20.000      0.000      0.000      0.000      0.000
    35.000     20.000      0.000      0.000      0.000      0.000
    40.000     20.000      0.000      0.000      0.000      0.000
    45.000     20.000      0.000      0.000      0.000      0.000
    50.000     20.000      0.000      0.000      0.000      0.000
    55.000     20.000      0.000      0.000      0.000      0.000
    60.000     20.000      0.000      0.000      0.000      0.000
    65.000     20.000      0.000      0.000      0.000      0.000
    70.000     20.000      0.000      0.000      0.000      0.000
    75.000     20.000      0.000      0.000      0.000      0.000
    80.000     20.000      0.000      0.000      0.000      0.000
    85.000     20.000      0.000      0.000      0.000      0.000
    90.000     20.000      0.000      0.000      0.000      0.000
    95.000     20.000      0.000      0.000      0.000      0.000
   100.000     20.000      0.000      0.000      0.000      0.000
   105.000     20.000      0.000      0.000      0.000      0.000
   110.000     20.000      0.000      0.000      0.000      0.000
   115.000     20.000      0.000      0.000      0.000      0.000
   120.000     20.000      0.000      0.000      0.000      0.000
   125.000     20.000      0.000      0.000      0.000      0.000
   130.000     20.000      0.000      0.000      0.000      0.000
   135.000     20.000      0.000      0.000      0.000      0.000
   140.000     20.000      0.000      0.000      0.000      0.000
   145.000     20.000      0.000      0.000      0.000      0.000
   -25.000     25.000      0.000      0.000      0.000      0.000
   -20.000     25.000      0.000      0.000      0.000      0.000
   -15.000     25.000      0.000      0.000      0.000      0.000
   -10.000     25.000      0.000      0.000      0.000      0.000
    -5.000     25.000      0.000      0.000      0.000      0.000
     0.000     25.000      0.000      0.000      0.000      0.000
     5.000     25.000      0.000      0.000      0.000      0.000
    10.000     25.000      0.000      0.000      0.000      0.000
    15.000     25.000      0.000      0.000      0.000      0.000
    20.000     25.000      0.000      0.000      0.000      0.000
    25.000     25.000      0.000      0.000      0.000      0.000
    30.000     25.000      0.000      0.000      0.000      0.000
    35.000     25.000      0.000      0.000      0.000      0.000
    40.000     25.000      0.000      0.000      0.000      0.000
    45.000     25.000      0.000      0.000      0.000      0.000
    50.000     25.000      0.000      0.000      0.000      0.000
    55.000     25.000      0.000      0.000      0.000      0.000
    60.000     25.000      0.000      0.000      0.000      0.000
    65.000     25.000      0.000      0.000      0.000      0.000
    70.000     25.000      0.000      0.000      0.000      0.000
    75.000     25.000      0.000      0.000      0.000      0.000
    80.000     25.000      0.000      0.000      0.000      0.000
    85.000     25.000      0.000      0.000      0.000      0.000
    90.000     25.000      0.000      0.000      0.000      0.000
    95.000     25.000      0.000      0.000      0.000      0.000
   100.000     25.000      0.000      0.000      0.000      0.000
   105.000     25.000      0.000      0.000      0.000      0.000
   110.000     25.000      0.000      0.000      0.000      0.000
   115.000     25.000      0.000      0.000      0.000      0.000
   120.000     25.000      0.000      0.000      0.000      0.000
   125.000     25.000      0.000      0.000      0.000      0.000
   130.000     25.000      0.000      0.000      0.000      0.000
   135.000     25.000      0.000      0.000      0.000      0.000
   140.000     25.000      0.000      0.000      0.000      0.000
   145.000     25.000      0.000      0.000      0.000      0.000
